1550860571.000000, IBI
20.454061,0.625029
21.141593,0.687531
21.844750,0.703157
22.563533,0.718783
23.157310,0.593777
23.954221,0.796911
24.563624,0.609403
25.235530,0.671906
25.907436,0.671906
26.610593,0.703157
27.313750,0.703157
28.016907,0.703157
28.688813,0.671906
29.376345,0.687531
30.095128,0.718783
30.798285,0.703157
31.548319,0.750034
32.235851,0.687531
32.939008,0.703157
33.642165,0.703157
34.360948,0.718783
35.079731,0.718783
56.315078,0.687531
86.519585,0.656280
87.113363,0.593777
87.863397,0.750034
88.504051,0.640654
89.144706,0.640654
89.785360,0.640654
95.941892,0.671906
96.691926,0.750034
97.457586,0.765660
107.551798,0.578151
108.270581,0.718783
108.958112,0.687531
109.676895,0.718783
163.132467,0.656280
163.851250,0.718783
164.507530,0.656280
165.101307,0.593777
165.804465,0.703157
166.523247,0.718783
167.085773,0.562526
167.788930,0.703157
168.492088,0.703157
169.195245,0.703157
221.807028,0.625029
222.494560,0.687531
223.166465,0.671906
223.791494,0.625029
224.525903,0.734409
225.197808,0.671906
225.854088,0.656280
226.510368,0.656280
227.197900,0.687531
227.869806,0.671906
228.557337,0.687531
229.197991,0.640654
229.916774,0.718783
230.479300,0.562526
231.198083,0.718783
232.010620,0.812537
235.042009,0.718783
235.698289,0.656280
236.338943,0.640654
237.026475,0.687531
237.604626,0.578151
238.135900,0.531274
241.636061,0.562526
242.292341,0.656280
242.995498,0.703157
294.294721,0.625029
294.935375,0.640654
295.638532,0.703157
296.357315,0.718783
297.076098,0.718783
297.794881,0.718783
298.654295,0.859414
312.279919,0.593777
312.920573,0.640654
313.529976,0.609403
314.201882,0.671906
314.889414,0.687531
315.498816,0.609403
316.108219,0.609403
316.717622,0.609403
328.233774,0.640654
328.890054,0.656280
329.608837,0.718783
330.296369,0.687531
330.921397,0.625029
331.499549,0.578151
332.218332,0.718783
1172.397415,0.671906
1287.933954,0.578151
1477.958277,0.843789
1478.645808,0.687531
1667.935723,0.687531
1668.529500,0.593777
1669.342037,0.812537
1669.967066,0.625029
1670.623346,0.656280
1671.264000,0.640654
1671.904655,0.640654
1672.529683,0.625029
1673.248466,0.718783
1879.382902,0.609403
1879.992305,0.609403
1880.617333,0.625029
1881.289239,0.671906
1881.898642,0.609403
1882.554922,0.656280
1894.961740,0.703157
1895.664897,0.703157
1896.383680,0.718783
1913.556341,0.734409
1914.368878,0.812537
1915.087661,0.718783
1915.806444,0.718783
1916.509601,0.703157
1917.165881,0.656280
1917.884664,0.718783
1918.587821,0.703157
1919.275353,0.687531
1919.931633,0.656280
1920.587913,0.656280
1921.291070,0.703157
1922.056730,0.765660
1922.713010,0.656280
1923.478670,0.765660
1924.150576,0.671906
1924.853733,0.703157
1925.556890,0.703157
1926.260047,0.703157
1926.978830,0.718783
1927.728865,0.750034
1928.432022,0.703157
1929.119553,0.687531
1929.822711,0.703157
1930.541493,0.718783
1931.275902,0.734409
1932.057188,0.781286
1932.791596,0.734409
1976.902991,0.734409
1977.637399,0.734409
1978.324931,0.687531
1994.653803,0.625029
1995.403837,0.750034
1996.169497,0.765660
2002.513538,0.687531
2003.232321,0.718783
2003.982355,0.750034
2004.748015,0.765660
2005.513675,0.765660
2006.263710,0.750034
2007.029370,0.765660
2007.795030,0.765660
2008.498187,0.703157
2009.170093,0.671906
2009.873250,0.703157
2010.576407,0.703157
2011.279564,0.703157
2012.013973,0.734409
2012.717130,0.703157
2013.435913,0.718783
2014.154696,0.718783
2014.857853,0.703157
2015.623513,0.765660
2016.342296,0.718783
2017.045453,0.703157
2017.732985,0.687531
2018.451767,0.718783
2084.720426,0.750034
2085.454834,0.734409
2086.189243,0.734409
2311.980829,0.734409
2312.715238,0.734409
2313.512149,0.796911
2497.286186,0.593777
2640.636498,0.671906
2641.261527,0.625029
2703.311242,0.703157
2776.627098,0.562526
2797.174913,0.640654
2880.709987,0.656280
3112.798736,0.859414
3113.423764,0.625029
3114.173799,0.750034
3239.663918,0.750034
3240.507707,0.843789
3245.226673,0.765660
3250.023767,0.859414
3250.726924,0.703157
3251.570713,0.843789
3252.320747,0.750034
3252.977027,0.656280
3259.805465,0.687531
3555.287740,0.671906
3556.100278,0.812537
3556.834686,0.734409
3557.553469,0.718783
3748.312201,0.609403
3772.703943,0.750034
3773.469603,0.765660
3782.735652,0.750034
3783.438809,0.703157
3784.173218,0.734409
3784.876375,0.703157
3785.626409,0.750034
3786.376443,0.750034
3787.095226,0.718783
3787.814009,0.718783
3788.548418,0.734409
3789.282826,0.734409
3790.017235,0.734409
3790.767269,0.750034
3791.517304,0.750034
3792.236087,0.718783
3799.267658,0.671906
3799.986441,0.718783
3800.736476,0.750034
3801.517761,0.781286
3802.283422,0.765660
3803.049082,0.765660
3803.845993,0.796911
3804.627279,0.781286
3805.424190,0.796911
3806.158599,0.734409
3806.924259,0.765660
3807.736796,0.812537
3808.518082,0.781286
3809.330619,0.812537
3810.065028,0.734409
3810.861939,0.796911
3811.674476,0.812537
3812.487014,0.812537
3813.299551,0.812537
3814.049585,0.750034
3814.815245,0.765660
3815.596531,0.781286
3816.424694,0.828163
3817.252857,0.828163
3817.971640,0.718783
3822.690606,0.812537
3823.518769,0.828163
3824.346931,0.828163
3825.128217,0.781286
3825.909503,0.781286
3826.706414,0.796911
3827.581455,0.875040
3828.378366,0.796911
3829.190903,0.812537
3829.956563,0.765660
3830.769100,0.812537
3831.581638,0.812537
3832.409801,0.828163
3833.222338,0.812537
3834.019249,0.796911
3834.784909,0.765660
3835.597446,0.812537
3836.409984,0.812537
3837.238147,0.828163
3838.035058,0.796911
3838.800718,0.765660
3839.628881,0.828163
3840.425792,0.796911
3876.318060,0.593777
3913.069743,0.750034
3913.897906,0.828163
3914.694817,0.796911
3915.522980,0.828163
3916.304266,0.781286
3917.116803,0.812537
3917.898089,0.781286
3918.695000,0.796911
3919.445035,0.750034
3920.179443,0.734409
3920.929477,0.750034
3921.663886,0.734409
3922.398295,0.734409
3923.148329,0.750034
3923.867112,0.718783
3924.617146,0.750034
3925.367181,0.750034
3926.117215,0.750034
3926.914126,0.796911
3927.664161,0.750034
3928.429821,0.765660
3929.148604,0.718783
3929.914264,0.765660
3930.664298,0.750034
3931.398707,0.734409
3932.148741,0.750034
3932.867524,0.718783
3933.617558,0.750034
3934.351967,0.734409
3935.086375,0.734409
3935.820784,0.734409
3936.586444,0.765660
3937.383356,0.796911
3938.055261,0.671906
3938.758419,0.703157
3942.899233,0.687531
3943.602390,0.703157
3944.336799,0.734409
3945.086833,0.750034
3945.805616,0.718783
3946.586902,0.781286
3947.368188,0.781286
3948.149473,0.781286
3948.899508,0.750034
3949.618291,0.718783
3950.337074,0.718783
3962.493880,0.984420
4217.224290,0.593777
4344.917636,0.656280
4345.433284,0.515649
4345.902056,0.468771
5180.471508,0.734409
5205.863295,0.656280
5206.613329,0.750034
5207.253984,0.640654
5207.863387,0.609403
5208.566544,0.703157
5209.285327,0.718783
5209.847852,0.562526
5210.504133,0.656280
5211.207290,0.703157
5211.879195,0.671906
5212.566727,0.687531
5213.254258,0.687531
5474.156826,0.625029
5474.781855,0.625029
5475.406883,0.625029
5493.767099,0.687531
5494.439004,0.671906
5545.535093,0.593777
5546.206999,0.671906
5546.878905,0.671906
5547.503933,0.625029
5548.175839,0.671906
5548.800868,0.625029
5549.441522,0.640654
5550.066551,0.625029
5848.720846,0.750034
5849.517758,0.796911
5850.283418,0.765660
5851.142832,0.859414
5851.892866,0.750034
5852.580398,0.687531
5853.377309,0.796911
5949.678592,0.671906
5950.381750,0.703157
5951.084907,0.703157
5951.834941,0.750034
5952.553724,0.718783
5953.288133,0.734409
5953.913161,0.625029
5954.694447,0.781286
5955.413230,0.718783
5956.147639,0.734409
5956.772667,0.625029
5969.663882,0.734409
5970.445168,0.781286
6135.874615,0.593777
6492.984712,0.781286
6493.719121,0.734409
6494.437903,0.718783
7386.713121,0.593777
7456.185051,0.703157
7456.872582,0.687531
7457.622617,0.750034
7458.325774,0.703157
7458.997680,0.671906
7481.076815,0.703157
7481.748721,0.671906
7482.436253,0.687531
7483.076907,0.640654
7496.999419,0.671906
7497.718202,0.718783
7498.421359,0.703157
7499.187019,0.765660
7499.921428,0.734409
7500.593334,0.671906
7501.233988,0.640654
7526.438267,0.828163
7527.297681,0.859414
7528.125844,0.828163
7528.969633,0.843789
7529.719667,0.750034
7546.892328,0.734409
7596.363343,0.765660
7612.520332,0.781286
7613.239115,0.718783
7613.973524,0.734409
7614.692307,0.718783
7615.426715,0.734409
7616.161124,0.734409
7616.973661,0.812537
7617.833075,0.859414
7618.692490,0.859414
7619.551904,0.859414
7620.395693,0.843789
7621.208230,0.812537
7682.195396,0.734409
7692.242731,0.796911
7693.055269,0.812537
7693.930309,0.875040
7721.900339,0.593777
7722.619122,0.718783
7723.228525,0.609403
7799.357010,0.718783
8099.292614,0.625029
8100.027023,0.734409
8100.714555,0.687531
8101.511466,0.796911
8102.417758,0.906291
8109.371201,0.781286
8110.261867,0.890666
8111.027527,0.765660
