1534257894.000000, IBI
923.839164,0.968794
1226.759279,0.906291
1227.603068,0.843789
1228.587488,0.984420
1229.493779,0.906291
1233.040817,0.937543
1233.947108,0.906291
1234.775271,0.828163
1235.634686,0.859414
1236.603480,0.968794
1237.462894,0.859414
1238.259806,0.796911
1239.197349,0.937543
1256.745027,0.812537
1257.666944,0.921917
1258.541984,0.875040
1259.448276,0.906291
1264.589136,0.859414
1265.401673,0.812537
1266.229836,0.828163
1267.136127,0.906291
1267.886162,0.750034
1268.854956,0.968794
1269.729996,0.875040
1270.620662,0.890666
1271.511328,0.890666
1272.511374,1.000046
1273.433291,0.921917
1274.386459,0.953169
1275.230248,0.843789
1276.120914,0.890666
1277.042831,0.921917
1277.870994,0.828163
1278.699157,0.828163
1279.589823,0.890666
1280.417985,0.828163
1281.277400,0.859414
1282.058686,0.781286
1282.949351,0.890666
1283.840017,0.890666
1284.558800,0.718783
1285.386963,0.828163
1286.199500,0.812537
1289.465275,0.859414
1290.277812,0.812537
1290.918466,0.640654
1295.199912,0.843789
1295.996824,0.796911
1303.215904,0.859414
1304.028441,0.812537
1304.965984,0.937543
1305.700393,0.734409
1306.575433,0.875040
1307.450473,0.875040
1308.309887,0.859414
1309.263056,0.953169
1310.091219,0.828163
1310.981884,0.890666
1311.841299,0.859414
1312.810093,0.968794
1322.748048,0.812537
1323.701217,0.953169
1388.657315,0.765660
1389.376098,0.718783
1390.360518,0.984420
1406.533133,0.984420
1407.361296,0.828163
1414.752259,0.921917
1415.642925,0.890666
1416.596094,0.953169
1417.518011,0.921917
1418.502431,0.984420
1419.580606,1.078174
1424.127689,0.812537
1430.752992,0.937543
1431.737412,0.984420
1432.753083,1.015671
1487.411836,0.656280
1501.318722,0.921917
1502.256265,0.937543
1503.240685,0.984420
1504.068848,0.828163
1505.131397,1.062549
1505.990811,0.859414
1506.897103,0.906291
1507.787768,0.890666
1508.850317,1.062549
1519.944575,0.890666
1574.493947,0.968794
1601.073288,1.000046
1646.887885,0.703157
1647.700423,0.812537
1648.481708,0.781286
1649.294245,0.812537
1650.216163,0.921917
1660.622889,0.875040
1661.638561,1.015671
1672.639064,1.046923
1673.592233,0.953169
1674.482898,0.890666
1675.436067,0.953169
1694.733825,0.843789
1695.686994,0.953169
1696.593286,0.906291
1697.577706,0.984420
1698.515249,0.937543
1699.374663,0.859414
1700.296580,0.921917
1701.281000,0.984420
1702.187292,0.906291
1703.124835,0.937543
1704.156132,1.031297
1705.031172,0.875040
1706.062469,1.031297
1707.015638,0.953169
1707.921929,0.906291
1708.859472,0.937543
1709.703261,0.843789
1710.703306,1.000046
1711.578346,0.875040
1712.422135,0.843789
1713.281549,0.859414
1720.203741,0.921917
1721.141284,0.937543
1721.985073,0.843789
1722.985119,1.000046
1724.032042,1.046923
1724.828953,0.796911
1725.828999,1.000046
1726.782167,0.953169
1727.657207,0.875040
1728.594750,0.937543
1729.672925,1.078174
1730.501088,0.828163
1731.407379,0.906291
1732.391799,0.984420
1733.329342,0.937543
1734.266885,0.937543
1735.126299,0.859414
1736.048217,0.921917
1737.032637,0.984420
1737.923302,0.890666
1738.829594,0.906291
1739.798388,0.968794
1740.751557,0.953169
1741.595345,0.843789
1742.454760,0.859414
1743.376677,0.921917
1744.220466,0.843789
1745.079880,0.859414
1745.970546,0.890666
1746.845586,0.875040
1747.642497,0.796911
1748.517537,0.875040
1749.501957,0.984420
1750.611383,1.109426
1754.705321,0.906291
1755.580361,0.875040
1756.408524,0.828163
1757.236686,0.828163
1758.064849,0.828163
1758.893012,0.828163
1759.752427,0.859414
1760.689970,0.937543
1761.580635,0.890666
1762.455675,0.875040
1763.346341,0.890666
1764.252633,0.906291
1765.158924,0.906291
1765.955836,0.796911
1766.846501,0.890666
1767.721541,0.875040
1768.612207,0.890666
1769.393493,0.781286
1770.377913,0.984420
1771.221702,0.843789
1772.112367,0.890666
1772.956156,0.843789
1773.846822,0.890666
1774.768739,0.921917
1775.581276,0.812537
1776.440691,0.859414
1777.300105,0.859414
1778.190771,0.890666
1779.050185,0.859414
1779.972102,0.921917
1780.972148,1.000046
1782.034697,1.062549
1783.050368,1.015671
1784.050414,1.000046
1785.128588,1.078174
1786.066131,0.937543
1787.050551,0.984420
1788.019346,0.968794
1789.003766,0.984420
1789.878806,0.875040
1790.769471,0.890666
1791.785143,1.015671
1792.628932,0.843789
1799.832386,0.859414
1893.211661,0.984420
1894.196081,0.984420
1895.039869,0.843789
1895.758652,0.718783
2787.518224,1.171929
2788.612024,1.093800
2789.580818,0.968794
2790.643367,1.062549
2791.659038,1.015671
2947.869314,0.953169
2948.838108,0.968794
2949.775651,0.937543
2950.666317,0.890666
2951.650737,0.984420
3019.810107,0.890666
3020.685147,0.875040
3021.653941,0.968794
3022.560233,0.906291
3023.404021,0.843789
3024.341564,0.937543
3025.341610,1.000046
3026.326030,0.984420
3027.263573,0.937543
3028.279244,1.015671
3029.373044,1.093800
3030.310587,0.937543
3031.248130,0.937543
3032.248176,1.000046
3033.232596,0.984420
3034.107636,0.875040
3048.795809,1.078174
3049.920860,1.125051
3054.374189,0.921917
3055.499240,1.125051
3066.906013,1.421940
3072.406264,1.031297
3073.343807,0.937543
3074.312602,0.968794
3081.750442,0.875040
3082.641108,0.890666
3083.469271,0.828163
3084.469316,1.000046
3085.375608,0.906291
3086.203771,0.828163
3087.047559,0.843789
3087.860097,0.812537
3088.750762,0.890666
3089.516423,0.765660
3090.407088,0.890666
3091.282128,0.875040
3092.000911,0.718783
3092.782197,0.781286
3093.625986,0.843789
3094.532277,0.906291
3095.547949,1.015671
3096.422989,0.875040
3097.360532,0.937543
3098.329326,0.968794
3099.251243,0.921917
3100.126283,0.875040
3101.063826,0.937543
3102.016995,0.953169
3102.985789,0.968794
3103.860829,0.875040
3104.829623,0.968794
3105.845295,1.015671
3106.814089,0.968794
3107.704755,0.890666
3108.626672,0.921917
3109.642344,1.015671
3110.564261,0.921917
3111.470552,0.906291
3112.439347,0.968794
3113.658153,1.218806
3118.298990,0.937543
3119.299036,1.000046
3120.424087,1.125051
3124.939919,0.984420
3125.721205,0.781286
3126.752502,1.031297
3127.596291,0.843789
3128.596336,1.000046
3134.252845,0.984420
3135.206014,0.953169
3136.112305,0.906291
3137.081100,0.968794
3138.018643,0.937543
3138.909308,0.890666
3139.815600,0.906291
3140.690640,0.875040
3141.628183,0.937543
3142.534474,0.906291
3143.378263,0.843789
3144.315806,0.937543
3145.268975,0.953169
3146.206517,0.937543
3147.065932,0.859414
3147.940972,0.875040
3148.847263,0.906291
3149.659801,0.812537
3150.487963,0.828163
3151.534886,1.046923
3152.456804,0.921917
3153.284966,0.828163
3154.191258,0.906291
3154.972544,0.781286
3156.019467,1.046923
3156.894507,0.875040
3157.738295,0.843789
3158.597710,0.859414
3159.613381,1.015671
3164.973001,0.843789
3165.848042,0.875040
3166.738707,0.890666
3167.660625,0.921917
3168.488787,0.828163
3169.520085,1.031297
3180.301828,0.890666
3181.286248,0.984420
3182.161288,0.875040
3183.005077,0.843789
3183.864491,0.859414
3184.833286,0.968794
3185.848957,1.015671
3186.802126,0.953169
3187.770920,0.968794
3188.802217,1.031297
3189.896017,1.093800
3202.505970,0.718783
3203.459138,0.953169
3204.240424,0.781286
3205.115464,0.875040
3205.881124,0.765660
3206.709287,0.828163
3207.568701,0.859414
3208.459367,0.890666
3209.240653,0.781286
3210.193821,0.953169
3211.053236,0.859414
3211.990779,0.937543
3237.116929,0.859414
3238.023220,0.906291
3238.976389,0.953169
3239.882680,0.906291
3240.726469,0.843789
3241.679638,0.953169
3242.554678,0.875040
3243.476595,0.921917
3244.211004,0.734409
3244.976664,0.765660
3245.789201,0.812537
3246.617364,0.828163
3247.570532,0.953169
3248.367444,0.796911
3254.180210,0.921917
3255.023998,0.843789
3255.836536,0.812537
3256.774079,0.937543
3257.539739,0.765660
3258.305399,0.765660
3259.102310,0.796911
3260.039853,0.937543
3260.961770,0.921917
3261.821185,0.859414
3262.743102,0.921917
3263.727522,0.984420
3264.618188,0.890666
3265.524479,0.906291
3266.524525,1.000046
3267.571448,1.046923
3268.524616,0.953169
3269.524662,1.000046
3270.571585,1.046923
3271.524754,0.953169
3278.868840,0.859414
3284.275337,0.953169
3285.244132,0.968794
3286.134798,0.890666
3287.166095,1.031297
3288.197392,1.031297
3289.088058,0.890666
3290.025601,0.937543
3290.853764,0.828163
3291.806932,0.953169
3292.619469,0.812537
3293.432007,0.812537
3294.322672,0.890666
3295.291467,0.968794
3296.275887,0.984420
3297.135301,0.859414
3298.104095,0.968794
3299.072890,0.968794
3299.947930,0.875040
3300.807344,0.859414
3301.682384,0.875040
3302.619927,0.937543
3303.448090,0.828163
3304.323130,0.875040
3305.229422,0.906291
3306.245093,1.015671
3307.088882,0.843789
3308.042050,0.953169
3309.026470,0.984420
3310.042142,1.015671
3310.964059,0.921917
3311.901602,0.937543
3312.932899,1.031297
3313.948571,1.015671
3314.761108,0.812537
3315.698651,0.937543
3316.683071,0.984420
3317.589362,0.906291
3318.386274,0.796911
3319.261314,0.875040
3320.323863,1.062549
3321.339534,1.015671
3322.277077,0.937543
3332.527546,0.921917
3333.511966,0.984420
3334.590141,1.078174
3340.246650,0.937543
3341.262321,1.015671
3342.293618,1.031297
3343.231161,0.937543
3344.246833,1.015671
3345.246878,1.000046
3346.215673,0.968794
3347.090713,0.875040
3348.122010,1.031297
3349.059553,0.937543
3349.872090,0.812537
3350.762756,0.890666
3351.700299,0.937543
3352.684719,0.984420
3353.606636,0.921917
3354.606682,1.000046
3355.653605,1.046923
3356.591148,0.937543
3357.450562,0.859414
3358.341228,0.890666
3359.325648,0.984420
3360.169436,0.843789
3361.091354,0.921917
3362.075774,0.984420
3363.122697,1.046923
3441.938804,1.031297
3459.220845,0.875040
3460.049008,0.828163
3460.939674,0.890666
3461.877217,0.937543
3462.814759,0.937543
3463.705425,0.890666
3464.658594,0.953169
3465.658640,1.000046
3466.580557,0.921917
3467.596228,1.015671
3468.565023,0.968794
3469.596320,1.031297
3470.643243,1.046923
3475.190326,0.906291
3488.300301,0.937543
3489.190967,0.890666
3489.987878,0.796911
3490.941047,0.953169
3586.351664,0.875040
3587.242330,0.890666
3588.148622,0.906291
3600.180422,0.843789
3601.086714,0.906291
3601.914877,0.828163
3602.852420,0.937543
3603.664957,0.812537
3604.618125,0.953169
3631.119339,0.781286
3631.853747,0.734409
3632.635033,0.781286
3633.416319,0.781286
3634.150727,0.734409
3634.900762,0.750034
3635.822679,0.921917
3636.557087,0.734409
3637.416502,0.859414
3638.057156,0.640654
3669.667978,1.015671
3670.746152,1.078174
3671.824327,1.078174
3672.824373,1.000046
3673.855670,1.031297
3674.918218,1.062549
3675.777633,0.859414
3676.668298,0.890666
3725.717419,0.937543
3726.701839,0.984420
3727.608130,0.906291
3728.483170,0.875040
3729.436339,0.953169
3730.373882,0.937543
3731.233296,0.859414
3851.504426,0.843789
3852.426344,0.921917
3853.317009,0.890666
3957.540530,0.875040
3988.760710,0.750034
4184.879061,1.000046
4185.785353,0.906291
4186.769773,0.984420
4219.802535,0.921917
4220.786955,0.984420
4221.787001,1.000046
4332.963965,0.984420
4333.995262,1.031297
4335.057811,1.062549
4335.995354,0.937543
4337.026651,1.031297
4343.589452,0.859414
4344.511369,0.921917
4345.495789,0.984420
4346.558337,1.062549
4347.574009,1.015671
4348.542803,0.968794
4349.574100,1.031297
4350.558521,0.984420
4375.122145,0.906291
4376.106565,0.984420
4376.887851,0.781286
4377.841019,0.953169
4527.676003,1.015671
4528.644797,0.968794
4596.476027,1.000046
4597.413570,0.937543
4598.413616,1.000046
4599.476165,1.062549
4782.500168,0.859414
4783.375208,0.875040
4784.297125,0.921917
4785.219042,0.921917
4786.140959,0.921917
4787.062876,0.921917
4787.984794,0.921917
4788.781705,0.796911
4789.672371,0.890666
4790.625540,0.953169
4791.453702,0.828163
4797.547731,0.937543
4798.610280,1.062549
4799.688454,1.078174
4800.704126,1.015671
4801.672920,0.968794
4802.782346,1.109426
4803.954275,1.171929
4832.768094,1.078174
4833.721262,0.953169
4834.705682,0.984420
4843.893603,0.937543
4851.722086,1.015671
4852.644003,0.921917
4853.597172,0.953169
4854.581592,0.984420
4855.519135,0.937543
4856.487929,0.968794
4887.708108,1.093800
4888.630026,0.921917
4889.598820,0.968794
4890.598866,1.000046
4891.583286,0.984420
4892.520829,0.937543
4893.395869,0.875040
4894.317786,0.921917
4895.317832,1.000046
4896.224123,0.906291
4897.224169,1.000046
4898.239841,1.015671
4899.302389,1.062549
4900.333686,1.031297
4901.364984,1.031297
4902.349404,0.984420
4903.318198,0.968794
4904.255741,0.937543
4905.177658,0.921917
4906.130827,0.953169
4906.896487,0.765660
4907.740275,0.843789
4908.615315,0.875040
4909.599735,0.984420
4910.646658,1.046923
4911.584201,0.937543
4932.757046,1.203180
4933.647711,0.890666
4934.647757,1.000046
4935.569674,0.921917
4936.569720,1.000046
4937.601017,1.031297
4938.476057,0.875040
4939.460477,0.984420
4940.304266,0.843789
4941.304312,1.000046
4942.413738,1.109426
4943.241900,0.828163
4944.148192,0.906291
4945.116986,0.968794
4946.195161,1.078174
4947.117078,0.921917
4948.164001,1.046923
4949.148421,0.984420
4954.945561,1.062549
4955.961233,1.015671
4956.945653,0.984420
4957.945698,1.000046
4958.898867,0.953169
4959.945790,1.046923
4961.055216,1.109426
4977.790357,0.875040
4978.696648,0.906291
4979.665443,0.968794
4980.602986,0.937543
5173.643072,0.859414
5174.424358,0.781286
5215.379358,0.875040
5216.191895,0.812537
5217.113812,0.921917
5261.365838,0.937543
5262.303380,0.937543
5263.084666,0.781286
5264.053461,0.968794
5305.195969,1.078174
5306.242892,1.046923
5307.227312,0.984420
5308.414866,1.187554
5309.352409,0.937543
5310.336829,0.984420
5311.368126,1.031297
5345.932209,0.984420
5346.838500,0.906291
5396.903292,0.937543
5397.840835,0.937543
5424.920199,0.859414
5425.920245,1.000046
5426.998419,1.078174
5427.935962,0.937543
5428.936008,1.000046
5429.951679,1.015671
5430.982977,1.031297
5431.936145,0.953169
5432.936191,1.000046
5433.936237,1.000046
5434.998785,1.062549
5435.842574,0.843789
5436.826994,0.984420
5445.030495,0.828163
5445.827406,0.796911
5446.593066,0.765660
5447.389978,0.796911
5448.233766,0.843789
5750.388223,0.656280
5831.813825,0.875040
5832.938877,1.125051
5852.471021,1.078174
5853.502318,1.031297
6084.887910,0.968794
6085.934833,1.046923
6087.013007,1.078174
6087.997427,0.984420
6088.966221,0.968794
6089.997519,1.031297
6090.919436,0.921917
6091.810102,0.890666
6118.420695,0.968794
6119.373863,0.953169
6120.436412,1.062549
6249.332937,0.843789
6250.348608,1.015671
6251.426783,1.078174
6252.411203,0.984420
6357.759775,1.046923
6390.886291,1.078174
6392.011343,1.125051
6393.120769,1.109426
6394.152066,1.031297
6395.230240,1.078174
6396.277163,1.046923
6397.324086,1.046923
6398.339757,1.015671
6399.386680,1.046923
6400.371100,0.984420
6401.402398,1.031297
6402.449321,1.046923
6403.683752,1.234432
6446.716972,0.828163
6447.498258,0.781286
6448.310795,0.812537
6449.138958,0.828163
6478.968448,0.859414
6518.845273,0.921917
6519.814068,0.968794
6520.814114,1.000046
6595.723793,0.968794
6596.708213,0.984420
6597.598878,0.890666
6598.520796,0.921917
6599.458338,0.937543
6600.427133,0.968794
6601.333424,0.906291
6602.286593,0.953169
6603.349142,1.062549
6604.271059,0.921917
6615.865340,0.859414
6616.693502,0.828163
6617.459162,0.765660
6618.271700,0.812537
6648.632464,0.984420
6649.601259,0.968794
6650.523176,0.921917
6651.491970,0.968794
6652.445139,0.953169
6730.886230,1.109426
6758.731254,0.375017
6759.215651,0.484397
6765.153423,0.828163
6766.090966,0.937543
6767.153515,1.062549
6767.981678,0.828163
6793.951616,0.921917
6794.795405,0.843789
6795.467311,0.671906
6796.264222,0.796911
6892.924897,1.015671
6908.769372,1.156303
6915.269670,0.687531
6916.160335,0.890666
6916.863492,0.703157
6917.832287,0.968794
6918.629198,0.796911
6990.694997,0.781286
6991.570037,0.875040
6992.366949,0.796911
6993.241989,0.875040
6998.632861,0.843789
6999.492275,0.859414
7000.554824,1.062549
7160.530896,1.046923
7250.503765,0.578151
7726.009906,0.968794
7727.025577,1.015671
7981.084082,0.984420
7982.037251,0.953169
7982.974794,0.937543
7983.943588,0.968794
7984.881131,0.937543
7985.834300,0.953169
7991.615814,0.984420
7992.537731,0.921917
7993.506526,0.968794
7994.490946,0.984420
7995.553494,1.062549
7996.428535,0.875040
8116.746542,0.796911
8124.762534,1.015671
8125.793831,1.031297
8126.856380,1.062549
8158.935973,0.953169
8159.967270,1.031297
8161.014193,1.046923
8161.951736,0.937543
8175.592986,1.015671
8196.578321,0.984420
8197.625244,1.046923
8198.500284,0.875040
8199.406576,0.906291
8200.390996,0.984420
8208.031971,0.984420
8208.953888,0.921917
8209.922682,0.968794
8210.875851,0.953169
8211.813394,0.937543
8212.735311,0.921917
8213.782234,1.046923
8214.719777,0.937543
8215.579191,0.859414
8216.641740,1.062549
8217.610534,0.968794
8218.532451,0.921917
8219.438743,0.906291
8220.391911,0.953169
8221.345080,0.953169
8228.876675,0.953169
8229.751715,0.875040
8230.845515,1.093800
8231.720555,0.875040
8232.517466,0.796911
8233.501886,0.984420
8234.501932,1.000046
8235.501978,1.000046
8236.502024,1.000046
8237.517695,1.015671
8238.455238,0.937543
8239.392781,0.937543
8240.361575,0.968794
8241.299118,0.937543
8242.252287,0.953169
8243.127327,0.875040
8244.096121,0.968794
8245.111793,1.015671
8245.971207,0.859414
8246.955627,0.984420
8248.111930,1.156303
8253.690310,0.968794
8254.643479,0.953169
8255.456016,0.812537
8256.502939,1.046923
8257.377979,0.875040
8258.362399,0.984420
8259.346819,0.984420
8260.362491,1.015671
8261.300034,0.937543
8262.190700,0.890666
8263.112617,0.921917
8264.081411,0.968794
8264.925200,0.843789
8265.862743,0.937543
8266.800286,0.937543
8267.753454,0.953169
8268.644120,0.890666
8269.691043,1.046923
8270.550457,0.859414
8271.456749,0.906291
8272.347414,0.890666
8273.206829,0.859414
8274.238126,1.031297
8275.003786,0.765660
8276.003832,1.000046
8276.988252,0.984420
8278.003923,1.015671
8279.003969,1.000046
8279.785255,0.781286
8284.941741,0.718783
8285.832407,0.890666
8286.754324,0.921917
8287.504358,0.750034
8288.363773,0.859414
8292.770224,0.890666
