1553800469.000000, IBI
51.939878,0.718783
52.643035,0.703157
53.393069,0.750034
54.189981,0.796911
54.955641,0.765660
55.705675,0.750034
56.549464,0.843789
57.299498,0.750034
58.080784,0.781286
58.862069,0.781286
59.612104,0.750034
60.237132,0.625029
61.096547,0.859414
61.815330,0.718783
62.487235,0.671906
63.393527,0.906291
64.049807,0.656280
64.815467,0.765660
65.643630,0.828163
66.378038,0.734409
67.159324,0.781286
70.956373,0.765660
71.675156,0.718783
75.503456,0.781286
76.237865,0.734409
77.066028,0.828163
77.862939,0.796911
78.659851,0.796911
79.409885,0.750034
80.175545,0.765660
80.941205,0.765660
81.691239,0.750034
82.456899,0.765660
83.191308,0.734409
83.956968,0.765660
84.722628,0.765660
85.503914,0.781286
86.300825,0.796911
87.113363,0.812537
87.941525,0.828163
88.769688,0.828163
89.550974,0.781286
90.301008,0.750034
91.097920,0.796911
91.863580,0.765660
92.629240,0.765660
93.379274,0.750034
94.144934,0.765660
94.879343,0.734409
95.691880,0.812537
114.661499,0.765660
115.395907,0.734409
122.364976,0.828163
123.146262,0.781286
123.958799,0.812537
124.724459,0.765660
125.536996,0.812537
126.333908,0.796911
127.115194,0.781286
127.865228,0.750034
128.630888,0.765660
129.396548,0.765660
130.146582,0.750034
130.927868,0.781286
131.693528,0.765660
132.474814,0.781286
136.068728,0.718783
136.834388,0.765660
137.475043,0.640654
138.271954,0.796911
139.053240,0.781286
139.803274,0.750034
140.600186,0.796911
144.428486,0.765660
145.194146,0.765660
145.912929,0.718783
146.725466,0.812537
147.569255,0.843789
148.381792,0.812537
149.209955,0.828163
150.053744,0.843789
165.304442,0.640654
166.195107,0.890666
175.414279,0.671906
176.023682,0.609403
176.726840,0.703157
210.790899,0.750034
211.556559,0.765660
212.337845,0.781286
213.056628,0.718783
229.604260,0.671906
230.354294,0.750034
231.026200,0.671906
268.309157,0.687531
268.965437,0.656280
269.621717,0.656280
270.293623,0.671906
271.106160,0.812537
272.012451,0.906291
301.310668,0.609403
306.639036,0.750034
307.451574,0.812537
308.217234,0.765660
309.123525,0.906291
802.567987,0.531274
803.161765,0.593777
1079.018142,0.656280
1124.832739,0.843789
1400.860999,0.812537
1401.689162,0.828163
1695.499487,0.781286
1917.275263,0.796911
1917.994046,0.718783
1974.465381,0.781286
2026.014616,0.781286
2026.936533,0.921917
2027.811573,0.875040
2028.733490,0.921917
2029.639782,0.906291
2030.452319,0.812537
2031.296108,0.843789
2032.296153,1.000046
2033.030562,0.734409
2033.827473,0.796911
2034.624385,0.796911
2035.405671,0.781286
2036.155705,0.750034
2036.983868,0.828163
2037.765154,0.781286
2038.577691,0.812537
2039.421479,0.843789
2040.187140,0.765660
2041.030928,0.843789
2041.890342,0.859414
2042.734131,0.843789
2043.562294,0.828163
2044.374831,0.812537
2045.202994,0.828163
2046.046783,0.843789
2046.859320,0.812537
2047.749986,0.890666
2051.656415,0.734409
2052.484577,0.828163
2053.250237,0.765660
2095.127154,0.875040
2095.970943,0.843789
2096.861609,0.890666
2097.705397,0.843789
2098.517935,0.812537
2099.361723,0.843789
2100.236763,0.875040
2101.064926,0.828163
2105.174489,0.859414
2106.033904,0.859414
2106.862067,0.828163
2107.705855,0.843789
2108.534018,0.828163
2109.377807,0.843789
2110.205970,0.828163
2111.049758,0.843789
2117.706313,0.781286
2118.596979,0.890666
2119.472019,0.875040
2120.222053,0.750034
2121.050216,0.828163
2121.815876,0.765660
2122.659665,0.843789
2123.472202,0.812537
2124.222236,0.750034
2135.019605,0.796911
2135.894645,0.875040
2136.722808,0.828163
2137.535346,0.812537
2138.488514,0.953169
2139.332303,0.843789
2146.020109,0.828163
2146.832646,0.812537
2147.676435,0.843789
2148.488972,0.812537
2232.414688,0.750034
2233.149097,0.734409
2233.914757,0.765660
2234.696043,0.781286
2235.539831,0.843789
2236.289866,0.750034
2237.102403,0.812537
2237.852437,0.750034
2238.649349,0.796911
2239.415009,0.765660
2240.102540,0.687531
2240.883826,0.781286
2241.618235,0.734409
2242.305766,0.687531
2243.055800,0.750034
2243.852712,0.796911
2247.571632,0.750034
2248.321666,0.750034
2249.056075,0.734409
2249.790484,0.734409
2250.462389,0.671906
2251.134295,0.671906
2251.837452,0.703157
2252.540610,0.703157
2253.290644,0.750034
2254.025053,0.734409
2254.712584,0.687531
2255.525121,0.812537
2256.400161,0.875040
2257.150196,0.750034
2257.993984,0.843789
2258.822147,0.828163
2259.634684,0.812537
2260.431596,0.796911
2261.212882,0.781286
2436.564658,0.796911
2437.299067,0.734409
2438.174107,0.875040
2439.017895,0.843789
2709.780289,0.796911
3270.290321,0.781286
3387.389431,0.546900
3391.530246,0.859414
3481.815629,0.703157
3790.282874,0.937543
3858.426618,0.812537
3859.176652,0.750034
3860.082944,0.906291
3860.864229,0.781286
3861.770521,0.906291
3862.723690,0.953169
3866.848878,0.812537
3867.708293,0.859414
3868.520830,0.812537
3869.317741,0.796911
3870.099027,0.781286
3871.083447,0.984420
3872.067867,0.984420
3872.896030,0.828163
3873.708567,0.812537
3874.692987,0.984420
3875.568027,0.875040
3876.614950,1.046923
3880.724514,0.781286
3881.599554,0.875040
3882.505845,0.906291
3883.443388,0.937543
3884.380931,0.937543
3885.115340,0.734409
3885.974754,0.859414
3886.974800,1.000046
3887.834214,0.859414
3888.646751,0.812537
3889.678048,1.031297
3890.428083,0.750034
3891.224994,0.796911
3897.459655,0.968794
3898.334695,0.875040
3899.240986,0.906291
3900.116026,0.875040
3901.006692,0.890666
3902.006738,1.000046
3902.897403,0.890666
3903.866198,0.968794
3904.819366,0.953169
3905.553775,0.734409
3906.475692,0.921917
3907.569492,1.093800
3911.850938,0.859414
3912.694727,0.843789
3913.554141,0.859414
3914.397930,0.843789
3915.288596,0.890666
3916.210513,0.921917
3917.132430,0.921917
3918.148102,1.015671
3926.226596,0.984420
3939.102186,0.828163
3939.961600,0.859414
3940.899143,0.937543
3941.758557,0.859414
3942.680475,0.921917
3943.539889,0.859414
3944.414929,0.875040
3945.321220,0.906291
3946.180635,0.859414
3947.071301,0.890666
3947.915089,0.843789
3949.024515,1.109426
3954.712275,0.859414
3955.556064,0.843789
3956.352975,0.796911
3957.196764,0.843789
3958.071804,0.875040
3958.978096,0.906291
3959.915638,0.937543
3960.759427,0.843789
3961.556339,0.796911
3962.384501,0.828163
3963.243916,0.859414
3964.134582,0.890666
3964.993996,0.859414
3965.790907,0.796911
3966.634696,0.843789
3967.525362,0.890666
3968.462905,0.937543
3969.322319,0.859414
3970.150482,0.828163
3970.994271,0.843789
3971.853685,0.859414
3972.806854,0.953169
3973.619391,0.812537
3974.385051,0.765660
3975.228839,0.843789
3976.057002,0.828163
3976.916417,0.859414
3977.791457,0.875040
3978.603994,0.812537
3979.463408,0.859414
3980.369700,0.906291
3981.229114,0.859414
3982.135406,0.906291
3982.901066,0.765660
3983.760480,0.859414
3984.604269,0.843789
3985.479309,0.875040
3986.260594,0.781286
3987.041880,0.781286
3987.823166,0.781286
3988.666955,0.843789
3989.588872,0.921917
3990.432660,0.843789
3991.245198,0.812537
3992.213992,0.968794
3993.104658,0.890666
3994.010949,0.906291
3994.885989,0.875040
3995.729778,0.843789
4012.418042,0.906291
4013.355585,0.937543
4014.199373,0.843789
4015.043162,0.843789
4015.965079,0.921917
4016.886996,0.921917
4017.762036,0.875040
4018.715205,0.953169
4025.434263,0.984420
4037.309806,0.812537
4038.169220,0.859414
4038.919255,0.750034
4039.653663,0.734409
4040.341195,0.687531
4041.153732,0.812537
4062.482833,0.843789
4063.436002,0.953169
4064.607931,1.171929
4068.592488,0.859414
4069.389400,0.796911
4081.358697,1.062549
4093.218615,0.968794
4160.752956,0.703157
4161.456114,0.703157
4363.027840,0.859414
4363.902880,0.875040
4364.731043,0.828163
4365.590457,0.859414
4366.481123,0.890666
4367.481169,1.000046
4415.999015,0.750034
4416.749049,0.750034
4417.405329,0.656280
4418.186615,0.781286
4432.343513,0.656280
4432.952916,0.609403
4433.609196,0.656280
4434.281102,0.671906
4435.031136,0.750034
4435.828048,0.796911
4436.531205,0.703157
4437.296865,0.765660
4438.109402,0.812537
4438.953191,0.843789
4442.781491,0.765660
4443.484648,0.703157
4444.140928,0.656280
4444.828460,0.687531
4445.515991,0.687531
4446.187897,0.671906
4446.891054,0.703157
4447.656714,0.765660
4448.500503,0.843789
4544.645529,0.843789
4545.364312,0.718783
4554.333472,0.750034
4585.006752,0.734409
4585.803663,0.796911
4586.569323,0.765660
4587.366235,0.796911
4588.178772,0.812537
4589.116315,0.937543
4865.191452,0.734409
4866.097743,0.906291
4866.800900,0.703157
4867.504058,0.703157
4868.113461,0.609403
4894.427165,0.937543
4895.302205,0.875040
5136.547623,0.781286
5162.939456,0.875040
5163.658239,0.718783
5340.088190,0.812537
5340.978856,0.890666
5825.376029,0.843789
5826.297946,0.921917
5827.016729,0.718783
5827.766763,0.750034
5828.641803,0.875040
5881.941118,0.890666
5882.784907,0.843789
5892.879119,0.828163
5893.629153,0.750034
5945.694036,0.890666
5946.569076,0.875040
6158.656909,0.796911
6159.360067,0.703157
6160.094475,0.734409
6160.797632,0.703157
6161.594544,0.796911
6162.266450,0.671906
6163.032110,0.765660
6198.158718,0.875040
7325.897840,0.921917
7817.107824,0.750034
7823.451865,0.781286
7824.217525,0.765660
7857.922193,0.812537
7874.594831,0.718783
7875.610503,1.015671
7879.563809,0.828163
7880.376346,0.812537
7881.220134,0.843789
7903.377399,0.843789
7958.536174,0.843789
7964.520823,0.875040
7965.286483,0.765660
7972.427434,0.890666
7973.271223,0.843789
7974.130637,0.859414
7975.021303,0.890666
7975.990098,0.968794
7992.772116,0.890666
7993.615904,0.843789
8005.569577,1.000046
8009.366626,0.765660
8010.194788,0.828163
8011.022951,0.828163
8020.710895,0.734409
8282.644760,0.843789
8283.457297,0.812537
8284.285460,0.828163
8556.032274,1.000046
8837.467032,0.734409
8838.232692,0.765660
8891.657012,0.937543
8892.657058,1.000046
8893.594601,0.937543
8894.750904,1.156303
9037.991836,0.578151
9158.106709,1.125051
9158.981749,0.875040
9160.013046,1.031297
9318.379670,0.578151
9318.848442,0.468771
9438.760181,1.000046
9439.463338,0.703157
9496.340941,0.468771
9496.856590,0.515649
9500.262996,0.562526
9500.934902,0.671906
9589.376450,0.546900
9590.110859,0.734409
