-0.048766,0,-63.298
0.00024604,0,-63.335
0.0034278,0,-63.31
-0.048429,0,-63.588
-0.0228,0,-63.332
0.01114,0,-63.275
-0.034358,0,-63.38
-0.0022276,0,-63.278
-0.00062114,0,-63.387
0.0022951,0,-63.354
-0.0071313,0,-63.275
-0.057875,0,-63.311
0.001956,0,-63.17
-0.004012,0,-63.242
-0.060355,0,-63.393
-0.065835,0,-63.353
-0.020612,0,-63.319
-0.013999,0,-63.2
0.01943,0,-63.139
-0.050801,0,-63.384
-0.055422,0,-63.271
-0.023113,0,-63.344
-0.050113,0,-63.438
0.017363,0,-63.335
-0.010189,0,-63.309
0.0069494,0,-63.248
-0.0053388,0,-63.322
0.0054165,0,-63.446
-0.013222,0,-63.446
-0.039856,0,-63.39
-0.015948,0,-63.276
0.007522,0,-63.228
-0.019693,0,-63.334
-0.04626,0,-63.62
-0.00044381,0,-63.205
0.00010504,0,-63.299
-0.00068783,0,-63.329
0.0015318,0,-63.416
-0.0028288,0,-63.423
0.005716,0,-63.516
-0.030037,0,-63.441
-0.0058758,0,-63.165
-0.00026854,0,-63.285
0.0049263,0,-63.288
-0.026405,0,-63.325
-0.010845,0,-63.309
0.0026047,0,-63.403
-0.026732,0,-63.341
-0.01642,0,-63.192
-0.018532,0,-63.397
-0.035032,0,-63.433
-0.036318,0,-63.363
0.013086,0,-63.276
-0.019112,0,-63.327
-0.03448,0,-63.282
-0.01552,0,-63.2
-0.018618,0,-63.198
-0.064187,0,-63.353
-0.012369,0,-63.479
0.0042143,0,-63.346
-0.003747,0,-63.514
0.0053333,0,-63.285
-0.013039,0,-63.361
-0.026236,0,-63.406
0.0077773,0,-63.413
-0.0059185,0,-63.368
0.0072192,0,-63.389
-0.018475,0,-63.458
-0.022351,0,-63.363
0.010521,0,-63.402
-0.026176,0,-63.463
-0.08327,0,-63.305
-0.023348,0,-63.208
0.003076,0,-63.378
9.7761e-07,0,-63.284
-0.043485,0,-63.321
-0.053713,0,-63.233
0.0061544,0,-63.278
-0.010327,0,-63.286
-0.028245,0,-63.352
0.0076004,0,-63.23
-0.017107,0,-63.319
-0.033783,0,-63.257
-0.016674,0,-63.39
-0.0027117,0,-63.355
-0.080821,0,-63.321
-0.016705,0,-63.3
-0.028757,0,-63.33
0.010781,0,-63.238
-0.012307,0,-63.303
0.019672,0,-63.37
-0.066441,0,-63.379
-0.044907,0,-63.378
-0.009163,0,-63.305
-0.021812,0,-63.301
0.0050977,0,-63.263
0.003829,0,-63.257
-0.025395,0,-63.142
-0.007455,0,-63.308
-0.024419,0,-63.299
-0.050366,0,-63.332
-0.013389,0,-63.307
-0.014291,0,-63.355
0.01285,0,-63.435
-0.019783,0,-63.442
-0.04744,0,-63.338
-0.025234,0,-63.133
-0.0091222,0,-63.305
-0.0071587,0,-63.301
-0.058043,0,-63.213
0.0084215,0,-63.267
-0.033138,0,-63.354
-0.0033948,0,-63.325
0.00092331,0,-63.479
0.00010071,0,-63.529
-0.058158,0,-63.408
-0.035174,0,-63.383
-0.00041309,0,-63.324
-0.0016342,0,-63.246
-0.031369,0,-63.254
0.0021861,0,-63.304
-0.00068721,0,-63.201
-0.024938,0,-63.335
-0.013833,0,-63.413
-0.01963,0,-63.362
-0.027303,0,-63.298
-0.0069793,0,-63.249
-0.049114,0,-63.333
-0.017895,0,-63.443
-0.0037502,0,-63.305
-0.050827,0,-63.476
-0.0037721,0,-63.246
-0.0041705,0,-63.461
-0.031841,0,-63.422
0.0082163,0,-63.438
-0.023321,0,-63.325
-0.018349,0,-63.378
0.014544,0,-63.253
-0.057405,0,-63.35
-0.018694,0,-63.456
-0.022354,0,-63.385
-0.051891,0,-63.311
-0.017906,0,-63.347
-0.02479,0,-63.341
-0.006265,0,-63.385
0.0094166,0,-63.321
-0.078739,0,-63.41
-0.060606,0,-63.54
-0.067377,0,-63.388
-0.051939,0,-63.418
-0.0043195,0,-63.366
-0.086625,0,-63.345
-0.026607,0,-63.301
-0.017937,0,-63.208
-0.047848,0,-63.335
-0.011872,0,-63.235
-0.040269,0,-63.409
-0.063807,0,-63.281
-0.013904,0,-63.346
0.0060155,0,-63.322
-0.0061673,0,-63.369
0.0093352,0,-63.285
-0.06444,0,-63.232
-0.0020322,0,-63.335
-0.013566,0,-63.43
-0.072831,0,-63.37
-0.06614,0,-63.399
-0.045038,0,-63.424
0.013393,0,-63.197
-0.04209,0,-63.414
-0.068423,0,-63.199
-0.017342,0,-63.391
-0.014244,0,-63.373
-0.022283,0,-63.216
-0.055139,0,-63.596
-0.0020056,0,-63.246
-0.017531,0,-63.24
-0.017378,0,-63.387
-0.093512,0,-63.396
-0.041847,0,-63.254
0.00029494,0,-63.403
-0.080533,0,-63.287
-0.042311,0,-63.277
0.014778,0,-63.456
-0.012553,0,-63.229
-0.025175,0,-63.319
-0.040496,0,-63.385
-0.025381,0,-63.289
0.0069167,0,-63.352
-0.0057936,0,-63.311
0.0086709,0,-63.217
-0.041818,0,-63.241
-0.049258,0,-63.182
-0.0049594,0,-63.387
-0.049113,0,-63.284
-0.073337,0,-63.393
-0.034457,0,-63.357
-0.00012196,0,-63.483
-0.023389,0,-63.396
-0.012557,0,-63.364
-0.021654,0,-63.36
-0.012464,0,-63.372
0.0099454,0,-63.382
-0.011302,0,-63.201
0.017023,0,-63.337
-0.05225,0,-63.369
-0.021164,0,-63.28
-0.045239,0,-63.391
-0.020712,0,-63.329
-0.018988,0,-63.359
-0.047366,0,-63.53
0.013989,0,-63.231
-0.013673,0,-63.296
0.017763,0,-63.363
-0.039824,0,-63.418
0.012244,0,-63.458
-0.12173,0,-63.351
-0.094794,0,-63.265
0.022463,0,-63.326
-0.012152,0,-63.275
0.006801,0,-63.402
-0.003073,0,-63.244
-0.00018253,0,-63.172
0.0043471,0,-63.434
-0.018691,0,-63.347
-0.020364,0,-63.419
0.006613,0,-63.507
-0.0035746,0,-63.334
0.0023037,0,-63.404
-0.0015771,0,-63.341
0.0011347,0,-63.102
-0.00085286,0,-63.22
0.0008979,0,-63.389
-0.0023726,0,-63.422
-0.033737,0,-63.352
-0.022139,0,-63.309
-0.016166,0,-63.365
-0.02252,0,-63.326
0.0025289,0,-63.312
0.002814,0,-63.283
-0.016023,0,-63.495
-0.023344,0,-63.268
0.0090129,0,-63.325
-0.0068552,0,-63.366
0.0075984,0,-63.206
-0.015765,0,-63.309
-0.02412,0,-63.366
0.007619,0,-63.326
-0.027088,0,-63.357
-0.026666,0,-63.422
-0.016782,0,-63.351
0.010449,0,-63.314
-0.05789,0,-63.294
-0.01664,0,-63.38
0.014939,0,-63.377
-0.03982,0,-63.334
-0.03998,0,-63.311
0.014637,0,-63.226
-0.012046,0,-63.309
0.015562,0,-63.364
-0.056134,0,-63.39
-0.020936,0,-63.276
0.0077578,0,-63.31
-0.0037349,0,-63.327
-0.025026,0,-63.494
-0.0096908,0,-63.361
0.010733,0,-63.435
-0.021292,0,-63.309
-0.082561,0,-63.247
0.0017739,0,-63.233
-0.033853,0,-63.326
0.0071216,0,-63.245
-0.0037335,0,-63.448
0.0020727,0,-63.448
-0.0014875,0,-63.292
-0.033521,0,-63.236
0.0075029,0,-63.341
-0.02042,0,-63.142
-0.018642,0,-63.327
-0.019345,0,-63.358
-0.036498,0,-63.33
-0.0038319,0,-63.468
0.0004871,0,-63.325
0.00028691,0,-63.282
-0.00079268,0,-63.329
0.0014388,0,-63.334
-0.0025463,0,-63.41
0.0053735,0,-63.231
-0.055922,0,-63.409
-0.042309,0,-63.371
0.0013226,0,-63.543
-0.00085745,0,-63.339
0.00016941,0,-63.353
0.00063518,0,-63.367
-0.0021487,0,-63.231
-0.030503,0,-63.461
0.00071357,0,-63.286
0.00097856,0,-63.286
-0.0025051,0,-63.283
0.0054964,0,-63.341
-0.027025,0,-63.327
-0.010911,0,-63.375
0.0046379,0,-63.385
-0.0029573,0,-63.284
0.001425,0,-63.381
-0.041852,0,-63.386
-0.033792,0,-63.337
-0.041303,0,-63.341
-0.0060479,0,-63.269
-0.056173,0,-63.258
-0.012704,0,-63.304
0.0070816,0,-63.276
-0.0061306,0,-63.361
-0.025804,0,-63.349
-0.0086327,0,-63.487
-0.057555,0,-63.272
0.0011266,0,-63.406
0.0022873,0,-63.283
-0.030503,0,-63.59
-0.003157,0,-63.386
-0.00064825,0,-63.33
0.0040686,0,-63.217
-0.014002,0,-63.327
-0.024466,0,-63.367
0.0058752,0,-63.43
-0.0021998,0,-63.29
-8.3776e-06,0,-63.377
0.0025576,0,-63.455
-0.033753,0,-63.353
0.00419,0,-63.402
-0.023719,0,-63.343
-0.014504,0,-63.266
0.0045477,0,-63.413
-0.0013768,0,-63.357
-0.00097124,0,-63.319
0.0044879,0,-63.374
-0.025236,0,-63.35
-0.01252,0,-63.187
0.00078928,0,-63.335
-0.076456,0,-63.289
-0.020915,0,-63.363
-0.024924,0,-63.406
-0.0016634,0,-63.333
0.0030917,0,-63.442
-0.004765,0,-63.456
0.0083588,0,-63.293
-0.041661,0,-63.385
-0.028813,0,-63.396
-0.0061146,0,-63.427
-0.055283,0,-63.231
0.0035912,0,-63.324
-0.0045037,0,-63.557
0.0056808,0,-63.289
-0.012883,0,-63.265
-0.027536,0,-63.388
-0.024111,0,-63.546
-0.0031069,0,-63.423
0.0049086,0,-63.286
-0.020088,0,-63.264
-0.040263,0,-63.475
-0.0073496,0,-63.338
0.0042079,0,-63.378
-0.0050717,0,-63.272
0.0080356,0,-63.126
-0.019408,0,-63.214
-0.017198,0,-63.367
-0.011985,0,-63.394
-0.024589,0,-63.309
0.008461,0,-63.364
-0.037592,0,-63.396
0.007337,0,-63.461
-0.020262,0,-63.348
-0.028468,0,-63.421
-0.019515,0,-63.399
0.0017257,0,-63.105
0.0017688,0,-63.318
-0.0078562,0,-63.196
-0.05906,0,-63.49
0.0044572,0,-63.369
-0.0029327,0,-63.352
0.0024915,0,-63.329
-0.0025778,0,-63.343
0.0031733,0,-63.342
-0.0044431,0,-63.375
0.007744,0,-63.422
-0.024156,0,-63.298
-0.013471,0,-63.322
-0.025319,0,-63.435
-0.0060853,0,-63.297
0.0004991,0,-63.432
-0.036571,0,-63.364
-0.06221,0,-63.26
-0.015202,0,-63.339
-0.053817,0,-63.263
-0.023948,0,-63.337
0.0068609,0,-63.255
-0.0005482,0,-63.245
-0.028982,0,-63.316
-0.041532,0,-63.395
0.013606,0,-63.306
-0.02633,0,-63.335
-0.01423,0,-63.326
0.0033206,0,-63.382
-0.00044602,0,-63.351
-0.0017858,0,-63.468
0.0053585,0,-63.192
-0.031834,0,-63.352
-0.0023106,0,-63.432
-0.0047012,0,-63.334
0.012259,0,-63.386
-0.042421,0,-63.243
-0.033287,0,-63.282
0.00037703,0,-63.224
-0.029755,0,-63.315
-0.019351,0,-63.455
-0.013237,0,-63.253
0.006534,0,-63.382
-0.0038645,0,-63.275
0.0021128,0,-63.323
-0.033813,0,-63.41
0.0036366,0,-63.265
-0.003819,0,-63.201
0.0051432,0,-63.384
-0.0077831,0,-63.397
0.014163,0,-63.349
-0.058311,0,-63.235
-0.052071,0,-63.383
0.0095118,0,-63.324
-0.00072083,0,-63.238
-0.02508,0,-63.157
-0.010102,0,-63.371
0.0031866,0,-63.287
-0.024226,0,-63.203
-0.024349,0,-63.338
-0.01158,0,-63.378
-0.028071,0,-63.255
-0.046706,0,-63.208
0.013729,0,-63.253
-0.0073165,0,-63.19
0.0041402,0,-63.485
-0.0020001,0,-63.349
0.00032724,0,-63.28
0.001305,0,-63.235
-0.0032588,0,-63.323
0.0066145,0,-63.47
-0.019563,0,-63.409
-0.019539,0,-63.348
-0.045051,0,-63.319
-0.019465,0,-63.399
0.010284,0,-63.291
-0.014948,0,-63.253
-0.028439,0,-63.365
-0.026955,0,-63.192
0.0057546,0,-63.254
-0.0067024,0,-63.437
0.011351,0,-63.377
-0.046819,0,-63.18
-0.027907,0,-63.424
0.0059785,0,-63.361
0.0010232,0,-63.456
-0.017353,0,-63.338
-0.021427,0,-63.257
0.0093317,0,-63.325
-0.035497,0,-63.461
0.0012136,0,-63.217
-0.0040392,0,-63.503
-0.069617,0,-63.428
-0.040105,0,-63.461
-0.013726,0,-63.398
0.0014473,0,-63.296
0.0012687,0,-63.374
-0.0044813,0,-63.16
-0.026866,0,-63.424
-0.02657,0,-63.273
-0.0081012,0,-63.361
0.003565,0,-63.344
-0.0019093,0,-63.32
0.00096507,0,-63.292
-9.2545e-05,0,-63.37
-0.00062815,0,-63.354
0.0016495,0,-63.359
-0.0042212,0,-63.219
-0.030329,0,-63.382
0.0029829,0,-63.324
-0.001044,0,-63.266
-0.00010724,0,-63.294
0.0019877,0,-63.246
-0.016417,0,-63.321
-0.067988,0,-63.199
-0.015622,0,-63.32
0.0098207,0,-63.441
-0.020496,0,-63.529
-0.019725,0,-63.27
0.0054603,0,-63.338
-0.0026811,0,-63.377
0.0014313,0,-63.368
-0.00052946,0,-63.231
-0.0002735,0,-63.288
0.0017408,0,-63.327
-0.029924,0,-63.356
-0.0042078,0,-63.477
0.0029231,0,-63.321
-0.0032387,0,-63.279
0.0052621,0,-63.277
-0.021226,0,-63.372
-0.03328,0,-63.327
-0.037658,0,-63.52
-0.0065512,0,-63.487
0.002053,0,-63.304
-0.00030044,0,-63.34
-0.030748,0,-63.164
-0.0008202,0,-63.293
-0.0003229,0,-63.341
0.0012567,0,-63.366
-0.0024501,0,-63.328
0.0049942,0,-63.299
-0.030379,0,-63.341
-0.0043434,0,-63.331
-0.024665,0,-63.26
-0.011155,0,-63.401
0.010443,0,-63.392
-0.01943,0,-63.367
-0.018175,0,-63.213
-0.0056804,0,-63.312
-0.027787,0,-63.392
0.0019984,0,-63.419
0.0052934,0,-63.349
-0.02522,0,-63.412
-0.010247,0,-63.443
-0.0095809,0,-63.341
-0.021762,0,-63.302
-0.024954,0,-63.364
-0.066127,0,-63.405
-0.00047828,0,-63.428
-0.0052712,0,-63.357
0.0069069,0,-63.393
-0.015954,0,-63.342
-0.024642,0,-63.25
0.0093444,0,-63.438
-0.0084459,0,-63.274
0.010918,0,-63.351
-0.023185,0,-63.337
-0.013314,0,-63.373
-0.015569,0,-63.374
-0.018544,0,-63.388
-0.010469,0,-63.327
-0.026042,0,-63.248
0.01256,0,-63.256
-0.032795,0,-63.337
-0.0065415,0,-63.325
0.0060178,0,-63.207
-0.012024,0,-63.333
-0.02334,0,-63.436
-0.0096704,0,-63.549
-0.0287,0,-63.428
0.015234,0,-63.315
-0.030799,0,-63.274
-0.035234,0,-63.247
-0.016361,0,-63.295
-0.022912,0,-63.325
0.0056407,0,-63.219
-0.0011697,0,-63.184
-0.010299,0,-63.333
-0.0337,0,-63.241
-0.012123,0,-63.327
-0.039399,0,-63.372
-0.036598,0,-63.355
0.010967,0,-63.25
-0.028272,0,-63.495
-0.025704,0,-63.362
-0.1104,0,-63.226
0.0088707,0,-63.325
-0.015661,0,-63.28
-0.022812,0,-63.214
-0.0024568,0,-63.199
-0.044294,0,-63.29
-0.01422,0,-63.333
-0.02667,0,-63.228
-0.0071142,0,-63.255
0.0075816,0,-63.362
-0.017188,0,-63.364
-0.022301,0,-63.243
0.005652,0,-63.311
-0.00417,0,-63.351
-0.04333,0,-63.418
-0.020385,0,-63.318
0.0056255,0,-63.347
-0.0036119,0,-63.387
0.0032939,0,-63.358
-0.0037461,0,-63.368
0.0050126,0,-63.441
-0.0075741,0,-63.379
0.013748,0,-63.376
-0.053977,0,-63.335
-0.021747,0,-63.134
0.0039933,0,-63.232
0.0053282,0,-63.246
-0.065796,0,-63.284
-0.041584,0,-63.331
-0.020673,0,-63.374
-0.0034128,0,-63.354
0.0015318,0,-63.334
0.00099501,0,-63.494
-0.010397,0,-63.377
-0.031091,0,-63.329
0.019958,0,-63.269
-0.047368,0,-63.268
-0.032563,0,-63.325
0.008924,0,-63.379
-0.0020552,0,-63.268
-0.02128,0,-63.275
-0.021411,0,-63.219
-0.024566,0,-63.344
0.0094042,0,-63.318
-0.02577,0,-63.129
-0.013625,0,-63.321
0.0044301,0,-63.355
-0.0019852,0,-63.255
0.00073573,0,-63.376
0.00026842,0,-63.29
-0.001362,0,-63.45
0.0031097,0,-63.421
-0.0085444,0,-63.31
-0.02901,0,-63.389
0.0067348,0,-63.264
-0.0048113,0,-63.342
0.0055937,0,-63.307
-0.032414,0,-63.46
-0.0023016,0,-63.317
-0.00062223,0,-63.417
0.0034774,0,-63.299
-0.024472,0,-63.348
-0.014591,0,-63.303
0.010895,0,-63.324
-0.020578,0,-63.328
-0.01901,0,-63.516
-0.025328,0,-63.632
-0.0049534,0,-63.327
-0.025233,0,-63.386
-0.010345,0,-63.102
-0.026314,0,-63.322
0.00024887,0,-63.425
0.0029524,0,-63.308
-0.0099095,0,-63.273
-0.062296,0,-63.235
0.012901,0,-63.439
-0.01145,0,-63.222
0.01488,0,-63.304
-0.030739,0,-63.332
-0.041515,0,-63.372
-0.041801,0,-63.415
-0.026822,0,-63.188
0.010621,0,-63.346
-0.0055715,0,-63.298
0.0025482,0,-63.322
0.00046224,0,-63.17
-0.0079696,0,-63.392
-0.031074,0,-63.335
0.013144,0,-63.291
-0.020781,0,-63.382
-0.018936,0,-63.23
0.0013458,0,-63.182
0.0045373,0,-63.404
-0.02406,0,-63.386
-0.013477,0,-63.388
0.0023755,0,-63.28
0.0033891,0,-63.494
-0.018636,0,-63.307
-0.019535,0,-63.38
0.005139,0,-63.481
-0.0062073,0,-63.318
-0.050543,0,-63.218
0.002483,0,-63.258
-0.071712,0,-63.516
-0.10409,0,-63.264
0.015544,0,-63.294
-0.0094164,0,-63.191
0.0060922,0,-63.476
-0.0040911,0,-63.253
0.0029264,0,-63.295
-0.0023613,0,-63.301
0.0027553,0,-63.395
-0.031651,0,-63.253
-0.0015812,0,-63.219
0.00053712,0,-63.46
0.00019486,0,-63.278
-0.0021168,0,-63.356
-0.03777,0,-63.212
-0.026073,0,-63.411
-0.028436,0,-63.376
-0.022341,0,-63.301
-0.021618,0,-63.365
-0.016856,0,-63.282
-0.013774,0,-63.185
-0.020647,0,-63.454
-0.015028,0,-63.383
-0.048303,0,-63.405
0.0042988,0,-63.366
-0.002584,0,-63.252
0.0011281,0,-63.33
0.00016715,0,-63.423
-0.0013871,0,-63.414
0.0029025,0,-63.371
-0.0051106,0,-63.369
0.010281,0,-63.33
-0.047738,0,-63.322
-0.030658,0,-63.26
0.016998,0,-63.287
-0.023425,0,-63.333
-0.014536,0,-63.394
-0.021265,0,-63.236
-0.018523,0,-63.388
-0.057975,0,-63.374
0.0093343,0,-63.49
-0.038498,0,-63.402
-0.033318,0,-63.365
-0.028904,0,-63.435
-0.040259,0,-63.208
0.017085,0,-63.127
-0.031335,0,-63.347
-0.0097803,0,-63.302
0.0031294,0,-63.273
-0.0021894,0,-63.479
0.0028485,0,-63.362
-0.030502,0,-63.264
-0.0040844,0,-63.413
0.0033118,0,-63.278
-0.0042426,0,-63.338
0.0077255,0,-63.28
-0.04351,0,-63.365
-0.080473,0,-63.233
-0.0054142,0,-63.157
-0.0028109,0,-63.206
0.0053425,0,-63.164
-0.011647,0,-63.354
-0.023675,0,-63.326
-0.025149,0,-63.399
-0.0074648,0,-63.354
0.003107,0,-63.392
-0.0023298,0,-63.251
-0.05944,0,-63.297
0.00047156,0,-63.302
-0.01392,0,-63.319
-0.025244,0,-63.18
-0.036438,0,-63.324
-0.057624,0,-63.226
-0.02758,0,-63.384
-0.070287,0,-63.178
-0.017696,0,-63.331
-0.036349,0,-63.184
-0.034434,0,-63.303
-0.0084617,0,-63.414
-0.024386,0,-63.304
0.0093924,0,-63.378
-0.00335,0,-63.307
-0.006352,0,-63.157
-0.032498,0,-63.211
0.015978,0,-63.236
-0.03029,0,-63.429
-0.0080729,0,-63.347
-0.028216,0,-63.302
-0.0034064,0,-63.18
-0.0065213,0,-63.333
-0.028554,0,-63.248
0.0038997,0,-63.39
0.0011313,0,-63.414
-0.0055082,0,-63.321
0.01273,0,-63.318
-0.062094,0,-63.296
-0.006308,0,-63.239
-0.026223,0,-63.267
-0.048111,0,-63.46
0.0066104,0,-63.329
-0.1237,0,-63.365
0.0044487,0,-63.385
-0.11266,0,-63.325
-0.0166,0,-63.23
-0.018575,0,-63.273
-0.017941,0,-63.338
0.011849,0,-63.288
-0.020876,0,-63.32
-0.021296,0,-63.189
0.010765,0,-63.349
-0.063992,0,-63.35
-0.0053229,0,-63.285
0.0016281,0,-63.375
-0.0299,0,-63.362
-0.004421,0,-63.308
0.008285,0,-63.301
-0.060824,0,-63.312
-0.0092038,0,-63.297
0.002242,0,-63.09
-0.024533,0,-63.238
-0.032602,0,-63.282
-0.036445,0,-63.333
-0.010768,0,-63.5
-0.024023,0,-63.329
-0.034747,0,-63.208
-0.036619,0,-63.323
0.025826,0,-63.356
-0.058533,0,-63.271
-0.017442,0,-63.222
-0.028872,0,-63.39
-0.069659,0,-63.317
0.0023244,0,-63.304
-0.033631,0,-63.311
0.0052892,0,-63.282
0.0011642,0,-63.33
-0.025777,0,-63.475
-0.010841,0,-63.316
-0.049731,0,-63.274
-0.013513,0,-63.367
-0.051531,0,-63.428
-0.035774,0,-63.356
-0.0022855,0,-63.329
-0.0015682,0,-63.429
0.0047717,0,-63.231
-0.023591,0,-63.195
-0.015883,0,-63.201
0.0088875,0,-63.333
-0.0088867,0,-63.371
0.012543,0,-63.32
-0.033817,0,-63.335
-0.042057,0,-63.3
0.0071978,0,-63.294
0.00015564,0,-63.335
-0.017348,0,-63.381
-0.021759,0,-63.389
0.010962,0,-63.348
-0.0098246,0,-63.316
0.012692,0,-63.372
-0.043852,0,-63.37
-0.028716,0,-63.363
-0.0086256,0,-63.319
-0.028968,0,-63.204
0.017233,0,-63.201
-0.025267,0,-63.389
-0.012294,0,-63.308
-0.023256,0,-63.353
-0.081197,0,-63.275
0.016191,0,-63.402
-0.03374,0,-63.39
-0.0057788,0,-63.157
4.9517e-05,0,-63.415
0.0018713,0,-63.429
-0.0037627,0,-63.14
0.007207,0,-63.199
-0.019623,0,-63.361
-0.054772,0,-63.281
0.010596,0,-63.327
-0.0054908,0,-63.432
0.00332,0,-63.541
-0.0020678,0,-63.379
0.0013737,0,-63.248
-0.0012325,0,-63.384
-0.031468,0,-63.303
0.00081091,0,-63.469
-0.048011,0,-63.207
-0.018181,0,-63.06
0.0064067,0,-63.265
-0.0055896,0,-63.386
0.0074821,0,-63.288
-0.019328,0,-63.308
-0.020623,0,-63.393
0.0063675,0,-63.307
-0.0037909,0,-63.397
0.0028795,0,-63.318
-0.0026227,0,-63.286
0.0029153,0,-63.494
-0.0038491,0,-63.417
0.00662,0,-63.267
-0.025708,0,-63.367
-0.012991,0,-63.364
0.0046228,0,-63.303
-0.0021913,0,-63.338
0.00073995,0,-63.285
0.00050827,0,-63.19
-0.0019555,0,-63.204
0.0044976,0,-63.397
-0.03282,0,-63.187
0.00016517,0,-63.15
-0.0099169,0,-63.203
-0.027628,0,-63.414
-0.024357,0,-63.261
-0.003834,0,-63.264
0.0026018,0,-63.395
-0.0020427,0,-63.343
0.0021033,0,-63.353
-0.0034115,0,-63.102
-0.030833,0,-63.367
0.0030902,0,-63.317
-0.0039911,0,-63.359
-0.033566,0,-63.275
0.011219,0,-63.449
-0.025916,0,-63.268
-0.012349,0,-63.349
-0.009465,0,-63.379
-0.049827,0,-63.243
-0.050184,0,-63.335
-0.018838,0,-63.334
0.007111,0,-63.217
-0.0061427,0,-63.347
0.0079601,0,-63.367
-0.01988,0,-63.319
-0.01984,0,-63.305
0.0051709,0,-63.274
-0.0018361,0,-63.379
-0.00021702,0,-63.239
0.0027919,0,-63.443
-0.055426,0,-63.341
-0.012369,0,-63.254
0.0049924,0,-63.359
-0.0032968,0,-63.223
0.0028812,0,-63.31
-0.0037666,0,-63.445
-0.056625,0,-63.39
-0.016106,0,-63.342
-0.049642,0,-63.192
0.00087004,0,-63.243
-0.0042272,0,-63.259
-0.030794,0,-63.298
0.0038479,0,-63.403
-0.043898,0,-63.176
-0.024694,0,-63.322
0.0097716,0,-63.427
-0.031531,0,-63.243
-0.0057208,0,-63.427
0.00093294,0,-63.295
0.0011744,0,-63.287
-0.0031911,0,-63.308
0.0063963,0,-63.36
-0.016033,0,-63.282
-0.019959,0,-63.358
-0.012426,0,-63.459
-0.043917,0,-63.311
-0.031716,0,-63.353
-0.0050426,0,-63.36
-0.029808,0,-63.322
-0.067809,0,-63.321
0.0088799,0,-63.308
-0.066501,0,-63.391
0.0023585,0,-63.16
-0.049408,0,-63.241
-0.040403,0,-63.348
-0.0084817,0,-63.43
0.00099741,0,-63.181
0.0012873,0,-63.478
-0.054107,0,-63.281
-0.022503,0,-63.268
-0.018705,0,-63.275
-0.0027477,0,-63.171
0.010452,0,-63.209
-0.03797,0,-63.309
-0.041112,0,-63.397
0.014444,0,-63.305
-0.0093196,0,-63.278
0.0077857,0,-63.393
-0.0082764,0,-63.379
0.012399,0,-63.274
-0.056888,0,-63.194
-0.0184,0,-63.188
0.0078678,0,-63.313
-0.0053478,0,-63.31
0.0055109,0,-63.253
-0.028189,0,-63.268
-0.013498,0,-63.338
-0.029441,0,-63.357
-0.027554,0,-63.453
0.0041616,0,-63.25
-0.028723,0,-63.241
-0.008029,0,-63.411
0.0076104,0,-63.359
-0.030689,0,-63.331
-0.0061442,0,-63.376
-0.0007171,0,-63.256
-0.047396,0,-63.415
-0.030904,0,-63.326
-0.020412,0,-63.37
0.015591,0,-63.239
-0.036568,0,-63.255
-0.04212,0,-63.26
0.010945,0,-63.179
-0.0056814,0,-63.165
0.0033543,0,-63.273
-0.0018988,0,-63.256
0.00084099,0,-63.303
0.00013804,0,-63.309
-0.0012126,0,-63.358
0.0034602,0,-63.439
-0.02816,0,-63.334
-0.0086659,0,-63.237
0.0067721,0,-63.28
-0.031657,0,-63.491
-0.0044363,0,-63.336
0.0016922,0,-63.351
-0.00095394,0,-63.297
0.00061596,0,-63.246
-0.00035634,0,-63.34
0.00013501,0,-63.279
0.00010467,0,-63.343
-0.00039135,0,-63.234
0.00077639,0,-63.226
-0.0012802,0,-63.376
0.0020139,0,-63.334
-0.0031466,0,-63.195
0.0057237,0,-63.318
-0.01695,0,-63.285
-0.022622,0,-63.291
0.007049,0,-63.424
-0.0043287,0,-63.278
0.0035434,0,-63.503
-0.0045479,0,-63.172
-0.029083,0,-63.343
-0.0091263,0,-63.506
-0.045136,0,-63.165
-0.044337,0,-63.274
0.007233,0,-63.229
-0.0020201,0,-63.375
-0.00084931,0,-63.339
0.0044358,0,-63.245
-0.016395,0,-63.318
-0.022527,0,-63.221
0.0062965,0,-63.476
-0.0027101,0,-63.196
0.00071347,0,-63.349
0.0011506,0,-63.278
-0.0033034,0,-63.229
0.0076,0,-63.39
-0.050003,0,-63.221
-0.025986,0,-63.28
-0.024534,0,-63.41
0.0036112,0,-63.447
-0.010859,0,-63.335
-0.037684,0,-63.382
-0.035262,0,-63.276
-0.017614,0,-63.303
-0.02845,0,-63.293
-0.03086,0,-63.414
0.0038025,0,-63.523
-0.0034368,0,-63.26
0.0052636,0,-63.371
-0.025105,0,-63.366
-0.041302,0,-63.189
0.0012444,0,-63.256
-0.0014389,0,-63.292
0.0015335,0,-63.408
-0.0017909,0,-63.262
0.0024873,0,-63.286
-0.0037275,0,-63.39
0.0067246,0,-63.216
-0.023655,0,-63.447
-0.01551,0,-63.328
0.0050505,0,-63.322
-0.0022081,0,-63.315
0.00036211,0,-63.289
0.0022198,0,-63.358
-0.019232,0,-63.289
-0.041851,0,-63.301
-0.0040073,0,-63.381
0.00079853,0,-63.421
-0.00033366,0,-63.275
0.00023641,0,-63.349
-0.00018743,0,-63.254
0.00018364,0,-63.366
-0.0002112,0,-63.279
0.00027174,0,-63.322
-0.00026141,0,-63.239
0.00030805,0,-63.31
-0.00036202,0,-63.261
0.00062047,0,-63.315
-0.0018316,0,-63.264
-0.032875,0,-63.337
0.0058292,0,-63.385
-0.0066343,0,-63.476
0.011288,0,-63.3
-0.057497,0,-63.216
-0.017417,0,-63.342
-0.026742,0,-63.339
0.0028248,0,-63.347
-0.027149,0,-63.382
-0.009157,0,-63.316
0.0041484,0,-63.399
-0.0025404,0,-63.366
0.0017634,0,-63.25
-0.0014081,0,-63.349
0.0014308,0,-63.406
-0.0022639,0,-63.361
-0.031007,0,-63.168
0.0019087,0,-63.41
-0.0011933,0,-63.127
0.0011216,0,-63.235
-0.0012914,0,-63.411
0.001713,0,-63.231
-0.00246,0,-63.323
0.0041601,0,-63.211
-0.010433,0,-63.232
-0.027607,0,-63.31
0.006355,0,-63.329
-0.0038922,0,-63.543
0.0032482,0,-63.463
-0.0034547,0,-63.397
0.0052637,0,-63.33
-0.024943,0,-63.258
-0.040114,0,-63.357
-0.0013701,0,-63.45
0.0023979,0,-63.232
-0.020644,0,-63.408
-0.023561,0,-63.342
-0.017547,0,-63.245
-0.02363,0,-63.277
-0.01331,0,-63.453
0.0041534,0,-63.202
-0.00099849,0,-63.401
-0.0016725,0,-63.292
-0.028054,0,-63.405
-0.0071807,0,-63.306
-0.024411,0,-63.278
-0.022698,0,-63.355
-0.012959,0,-63.258
0.0040355,0,-63.382
-6.7996e-05,0,-63.153
-0.0059691,0,-63.285
-0.029901,0,-63.208
0.0053706,0,-63.397
-0.0022816,0,-63.498
0.00067115,0,-63.219
0.00063097,0,-63.361
-0.0019671,0,-63.322
0.0045017,0,-63.258
-0.016485,0,-63.309
-0.05717,0,-63.286
-0.017225,0,-63.45
-0.018758,0,-63.352
-0.01955,0,-63.312
-0.0013674,0,-63.438
0.0091103,0,-63.389
-0.033652,0,-63.23
-0.045004,0,-63.342
0.015046,0,-63.438
-0.012134,0,-63.398
-0.028025,0,-63.282
0.0074379,0,-63.359
-0.019499,0,-63.318
-0.020744,0,-63.34
0.0086185,0,-63.415
-0.034027,0,-63.457
-0.0011973,0,-63.321
0.00022435,0,-63.198
1.0837e-05,0,-63.384
-0.0001225,0,-63.295
0.00027865,0,-63.24
-0.00041337,0,-63.434
0.00066642,0,-63.212
-0.0010312,0,-63.272
0.0016451,0,-63.436
-0.0026948,0,-63.282
0.0051731,0,-63.316
-0.049253,0,-63.385
-0.022794,0,-63.17
0.012084,0,-63.336
-0.025645,0,-63.406
-0.016515,0,-63.461
-0.02715,0,-63.358
0.0011493,0,-63.381
-0.00063126,0,-63.334
-0.024801,0,-63.283
-0.022647,0,-63.386
-0.018668,0,-63.368
0.0058307,0,-63.308
-0.0036327,0,-63.384
-0.029899,0,-63.303
0.00053093,0,-63.38
-0.032133,0,-63.296
0.0019074,0,-63.304
-0.005037,0,-63.327
-0.03052,0,-63.34
0.0047353,0,-63.308
-0.0040863,0,-63.243
-0.031099,0,-63.268
0.0040745,0,-63.332
-0.0046402,0,-63.225
-0.025193,0,-63.236
-0.024942,0,-63.117
-0.013483,0,-63.44
0.0068221,0,-63.339
-0.0060894,0,-63.318
0.0082424,0,-63.436
-0.028358,0,-63.356
-0.0097167,0,-63.483
0.0015394,0,-63.3
0.002899,0,-63.221
-0.020513,0,-63.181
-0.026361,0,-63.162
-0.025615,0,-63.253
0.01752,0,-63.336
-0.039023,0,-63.234
-0.069831,0,-63.156
-0.0067932,0,-63.352
-0.025644,0,-63.298
0.0085054,0,-63.339
-0.001768,0,-63.346
-0.022674,0,-63.51
-0.014228,0,-63.351
0.010088,0,-63.286
-0.034384,0,-63.357
-0.001578,0,-63.26
-0.0020608,0,-63.378
0.0056544,0,-63.238
-0.025155,0,-63.404
-0.013275,0,-63.285
0.004774,0,-63.152
-0.0022448,0,-63.281
0.00018833,0,-63.283
-0.032834,0,-63.254
0.0034814,0,-63.235
-0.0028247,0,-63.262
0.0032525,0,-63.356
-0.0044693,0,-63.285
0.007766,0,-63.437
-0.031054,0,-63.305
-0.040577,0,-63.294
0.0057755,0,-63.239
-0.031566,0,-63.198
-0.0063458,0,-63.294
-0.028118,0,-63.338
-0.010022,0,-63.194
-0.068723,0,-63.369
-0.01832,0,-63.326
0.01106,0,-63.24
-0.033005,0,-63.305
-0.0025841,0,-63.303
-0.013605,0,-63.276
-0.024875,0,-63.341
0.0091052,0,-63.318
-0.0067642,0,-63.313
0.007493,0,-63.344
-0.018422,0,-63.559
-0.033278,0,-63.499
-0.037459,0,-63.332
-0.011253,0,-63.216
0.0034423,0,-63.283
-0.0014331,0,-63.254
0.00035518,0,-63.475
0.00066242,0,-63.226
-0.0019035,0,-63.24
0.0045654,0,-63.306
-0.021829,0,-63.254
-0.018459,0,-63.448
0.011701,0,-63.371
-0.016346,0,-63.352
-0.018301,0,-63.49
-0.034802,0,-63.304
-0.082364,0,-63.437
-0.0080487,0,-63.208
-0.030002,0,-63.457
-0.016294,0,-63.36
-0.050127,0,-63.297
0.0069684,0,-63.38
-0.053728,0,-63.28
-0.056793,0,-63.421
0.017066,0,-63.385
-0.017159,0,-63.43
-0.023646,0,-63.48
0.0041788,0,-63.377
-0.0031254,0,-63.249
0.004695,0,-63.455
-0.020571,0,-63.303
-0.02635,0,-63.293
-0.040341,0,-63.307
-0.036473,0,-63.365
-0.0043726,0,-63.367
-0.0028677,0,-63.308
-0.033549,0,-63.291
-0.046142,0,-63.244
-0.015491,0,-63.49
0.0079015,0,-63.182
-0.0077496,0,-63.264
0.010703,0,-63.173
-0.025508,0,-63.217
-0.049565,0,-63.455
-0.018377,0,-63.355
-0.012455,0,-63.33
-0.024987,0,-63.332
-0.0020768,0,-63.331
0.0040055,0,-63.326
-0.030936,0,-63.257
-0.0040327,0,-63.486
0.001788,0,-63.301
-0.0011016,0,-63.226
0.00090536,0,-63.326
-0.00080193,0,-63.214
0.00090306,0,-63.223
-0.0012025,0,-63.378
0.0018287,0,-63.337
-0.0028198,0,-63.245
0.0044002,0,-63.216
-0.0071274,0,-63.215
0.013128,0,-63.34
-0.045132,0,-63.257
-0.032513,0,-63.278
0.0085932,0,-63.336
-0.001328,0,-63.227
-0.0093072,0,-63.391
-0.02791,0,-63.288
0.0076844,0,-63.379
-0.0038729,0,-63.24
0.0019128,0,-63.265
-0.00050111,0,-63.475
-0.00072664,0,-63.3
0.0020416,0,-63.186
-0.0036202,0,-63.352
-0.022204,0,-63.364
-0.041644,0,-63.351
-0.035564,0,-63.335
-0.077822,0,-63.345
-0.036117,0,-63.381
-0.0035377,0,-63.325
-3.033e-06,0,-63.294
0.00098617,0,-63.288
-0.0018059,0,-63.331
0.0033626,0,-63.199
-0.0092895,0,-63.336
-0.029293,0,-63.328
0.00886,0,-63.471
-0.0076757,0,-63.375
0.0096288,0,-63.334
-0.055054,0,-63.331
-0.011863,0,-63.297
-0.023207,0,-63.348
-0.010195,0,-63.331
-0.016447,0,-63.347
-0.021272,0,-63.283
0.015137,0,-63.438
-0.030928,0,-63.304
-0.0078151,0,-63.291
-0.02789,0,-63.308
-0.0046939,0,-63.38
0.0008029,0,-63.333
0.0025898,0,-63.164
-0.01676,0,-63.221
-0.024089,0,-63.308
0.014684,0,-63.331
-0.021829,0,-63.229
-0.014461,0,-63.326
-0.022157,0,-63.435
-0.011519,0,-63.312
-0.019145,0,-63.553
-0.016166,0,-63.242
0.005736,0,-63.238
-0.0010379,0,-63.316
-0.0080037,0,-63.238
-0.03114,0,-63.418
0.014577,0,-63.404
-0.029673,0,-63.319
-0.010104,0,-63.319
0.00037173,0,-63.306
0.004556,0,-63.288
-0.026025,0,-63.462
-0.011323,0,-63.377
0.0029131,0,-63.192
0.00083318,0,-63.286
-0.042201,0,-63.108
-0.026403,0,-63.299
0.0076938,0,-63.198
-0.005228,0,-63.186
0.0048525,0,-63.354
-0.0057002,0,-63.234
0.0087843,0,-63.44
-0.028678,0,-63.408
-0.0076396,0,-63.096
-0.016739,0,-63.236
-0.021541,0,-63.334
0.012769,0,-63.545
-0.020697,0,-63.41
-0.020894,0,-63.395
0.0077477,0,-63.297
-0.017195,0,-63.338
-0.035527,0,-63.322
-0.04568,0,-63.406
0.00041638,0,-63.259
0.0025679,0,-63.23
-0.04848,0,-63.186
-0.020776,0,-63.289
-0.026815,0,-63.344
0.0015589,0,-63.392
-0.0067134,0,-63.274
-0.03205,0,-63.258
-0.024798,0,-63.432
-0.00054496,0,-63.493
0.00063442,0,-63.222
-0.0003407,0,-63.425
5.6254e-05,0,-63.372
0.0001882,0,-63.26
0.00040941,0,-63.393
-0.020371,0,-63.392
-0.040977,0,-63.429
0.002627,0,-63.289
-0.021557,0,-63.175
-0.014229,0,-63.297
-0.029566,0,-63.4
-0.03387,0,-63.395
-0.0066489,0,-63.302
-0.02812,0,-63.308
-0.014579,0,-63.229
-0.032282,0,-63.305
-0.013155,0,-63.309
0.0037563,0,-63.339
-0.0072838,0,-63.439
-0.052793,0,-63.265
-0.0036195,0,-63.332
-0.0024745,0,-63.376
0.007372,0,-63.392
-0.045061,0,-63.324
-0.032054,0,-63.422
-0.016599,0,-63.277
-0.016478,0,-63.376
-0.021819,0,-63.336
-0.032157,0,-63.249
-0.032234,0,-63.337
0.0053396,0,-63.332
-0.0029067,0,-63.275
0.0018382,0,-63.244
-0.0011984,0,-63.291
0.00078708,0,-63.201
-0.00044984,0,-63.431
0.00028926,0,-63.381
-0.0001997,0,-63.35
0.00027253,0,-63.279
-0.00042114,0,-63.389
0.00071481,0,-63.324
-0.0011574,0,-63.407
0.0018403,0,-63.387
-0.0029987,0,-63.248
0.0055932,0,-63.324
-0.032905,0,-63.551
-0.033393,0,-63.434
-0.0046919,0,-63.287
-0.030647,0,-63.208
0.0061404,0,-63.269
-0.0032694,0,-63.273
0.0020046,0,-63.219
-0.0012375,0,-63.197
0.00072701,0,-63.394
-0.00035707,0,-63.259
6.9438e-05,0,-63.235
0.00018432,0,-63.254
-0.00042343,0,-63.326
0.00075071,0,-63.238
-0.0012501,0,-63.295
0.002572,0,-63.36
-0.030815,0,-63.267
-0.0031303,0,-63.228
0.0014626,0,-63.29
-0.00096984,0,-63.284
0.00080413,0,-63.383
-0.00082299,0,-63.219
0.0010595,0,-63.272
-0.0015086,0,-63.309
0.0022889,0,-63.375
-0.0036919,0,-63.307
0.0068797,0,-63.386
-0.02769,0,-63.235
-0.0099425,0,-63.245
0.0015712,0,-63.175
0.0027483,0,-63.371
-0.013735,0,-63.376
-0.025347,0,-63.283
0.0086603,0,-63.413
-0.0062528,0,-63.291
0.0060837,0,-63.303
-0.0075342,0,-63.326
0.012414,0,-63.309
-0.051593,0,-63.259
-0.024848,0,-63.351
0.0089496,0,-63.407
-0.0049224,0,-63.261
0.0029156,0,-63.24
-0.0015524,0,-63.369
0.00049261,0,-63.324
0.00050143,0,-63.217
-0.001649,0,-63.236
0.0038502,0,-63.408
-0.034649,0,-63.337
-0.036597,0,-63.255
-0.024891,0,-63.244
-0.0011916,0,-63.383
0.0019995,0,-63.561
-0.0026359,0,-63.408
0.0029455,0,-63.354
-0.04578,0,-63.369
-0.050229,0,-63.346
-0.020539,0,-63.35
-0.013931,0,-63.348
0.0063395,0,-63.396
-0.003926,0,-63.276
0.0027723,0,-63.363
-0.0022888,0,-63.324
0.002744,0,-63.232
-0.0086929,0,-63.336
-0.045118,0,-63.287
-0.012295,0,-63.372
0.002919,0,-63.264
-0.0014868,0,-63.342
0.0010525,0,-63.359
-0.00086554,0,-63.2
0.0008612,0,-63.238
-0.0011304,0,-63.33
0.0024914,0,-63.301
-0.022365,0,-63.314
-0.037297,0,-63.369
-0.031739,0,-63.375
-0.063904,0,-63.346
-0.001681,0,-63.263
-0.025769,0,-63.225
-0.0105,0,-63.262
0.0079023,0,-63.369
-0.038773,0,-63.412
0.010277,0,-63.206
-0.034903,0,-63.209
-0.041527,0,-63.345
0.01101,0,-63.372
-0.0066825,0,-63.374
0.0052307,0,-63.316
-0.005051,0,-63.424
0.0064166,0,-63.291
-0.014124,0,-63.385
-0.024954,0,-63.224
0.0059732,0,-63.474
-0.003095,0,-63.422
0.0018315,0,-63.274
-0.00095235,0,-63.302
0.00025882,0,-63.39
0.00039267,0,-63.279
-0.0011229,0,-63.244
0.0022186,0,-63.245
-0.0049845,0,-63.245
-0.029152,0,-63.334
0.00036315,0,-63.515
-0.032758,0,-63.354
0.0040854,0,-63.454
-0.0027484,0,-63.242
0.0026233,0,-63.294
-0.0037469,0,-63.323
-0.060295,0,-63.386
-0.0006741,0,-63.392
0.0034792,0,-63.21
-0.024886,0,-63.452
-0.039121,0,-63.313
-0.0027133,0,-63.178
-0.032305,0,-63.398
0.0045854,0,-63.358
-0.0044502,0,-63.444
0.0082979,0,-63.274
-0.074505,0,-63.184
-0.070303,0,-63.386
-0.021163,0,-63.234
0.0054942,0,-63.382
-0.0023615,0,-63.33
5.0397e-05,0,-63.403
-0.034263,0,-63.289
0.007533,0,-63.141
-0.013041,0,-63.316
-0.026307,0,-63.239
0.0068801,0,-63.306
-0.0052167,0,-63.461
0.0067425,0,-63.375
-0.027148,0,-63.407
-0.012513,0,-63.362
-0.025811,0,-63.416
-0.0073793,0,-63.385
-0.043527,0,-63.244
-0.015096,0,-63.349
0.0032731,0,-63.363
-0.00094465,0,-63.249
-0.028381,0,-63.234
-0.0053844,0,-63.279
0.0063676,0,-63.244
-0.016006,0,-63.263
-0.056844,0,-63.23
0.012583,0,-63.261
-0.030598,0,-63.302
-0.0089858,0,-63.347
0.0047931,0,-63.302
-0.019528,0,-63.301
-0.032021,0,-63.144
-0.013076,0,-63.233
-0.023625,0,-63.398
-0.036872,0,-63.253
-0.0071583,0,-63.456
-0.027338,0,-63.216
-0.0043575,0,-63.248
-0.03099,0,-63.38
0.0077592,0,-63.217
-0.0059998,0,-63.376
-0.02983,0,-63.303
0.0032339,0,-63.344
-0.0037014,0,-63.427
0.0061842,0,-63.404
-0.016549,0,-63.281
-0.0225,0,-63.319
0.0053164,0,-63.306
-0.0017903,0,-63.339
-0.00047737,0,-63.43
0.0037561,0,-63.442
-0.022763,0,-63.326
-0.016785,0,-63.37
0.011082,0,-63.378
-0.030287,0,-63.363
-0.0087484,0,-63.34
0.0030565,0,-63.372
-0.0015523,0,-63.359
0.00076632,0,-63.194
-0.00012101,0,-63.243
-0.00054912,0,-63.289
0.0013727,0,-63.177
-0.0024532,0,-63.422
0.0040371,0,-63.364
-0.0066064,0,-63.528
0.012094,0,-63.395
-0.039671,0,-63.246
-0.072342,0,-63.365
0.016164,0,-63.213
-0.038474,0,-63.34
0.0022793,0,-63.274
-0.0014667,0,-63.376
0.00037884,0,-63.295
0.00084636,0,-63.235
-0.0030587,0,-63.219
-0.030424,0,-63.435
0.0016828,0,-63.397
0.0004691,0,-63.466
-0.0031766,0,-63.226
-0.03155,0,-63.205
0.0046718,0,-63.303
-0.0037255,0,-63.404
0.0051886,0,-63.477
-0.026167,0,-63.322
-0.017713,0,-63.263
-0.027757,0,-63.322
0.012836,0,-63.18
-0.033985,0,-63.201
-0.038143,0,-63.201
-0.020107,0,-63.41
-0.013973,0,-63.23
0.011571,0,-63.276
-0.024154,0,-63.29
-0.016543,0,-63.428
0.0048874,0,-63.364
-0.0025244,0,-63.43
0.0015575,0,-63.347
-0.00095767,0,-63.238
0.00058453,0,-63.29
-0.00025112,0,-63.259
5.1661e-06,0,-63.433
0.0002354,0,-63.416
-0.00063728,0,-63.309
0.0021008,0,-63.342
-0.017003,0,-63.32
-0.032597,0,-63.356
-0.012929,0,-63.383
-0.014282,0,-63.295
-0.023005,0,-63.2
0.006256,0,-63.285
-0.0023737,0,-63.283
-0.00019429,0,-63.287
0.0037006,0,-63.413
-0.025462,0,-63.412
-0.012541,0,-63.196
0.0066798,0,-63.355
-0.0059713,0,-63.331
0.0075373,0,-63.27
-0.015694,0,-63.336
-0.022595,0,-63.362
0.0023973,0,-63.387
0.0033865,0,-63.365
-0.078987,0,-63.333
-0.024352,0,-63.418
0.011335,0,-63.251
-0.010298,0,-63.418
0.01328,0,-63.347
-0.036794,0,-63.339
0.0042735,0,-63.171
-0.034597,0,-63.298
-0.038891,0,-63.133
-0.0084687,0,-63.216
-0.024173,0,-63.264
0.0076348,0,-63.244
-0.0001426,0,-63.344
-0.024052,0,-63.249
-0.01194,0,-63.271
0.0040876,0,-63.363
-0.0018925,0,-63.343
-0.055901,0,-63.27
-0.035583,0,-63.313
-0.016277,0,-63.235
-0.022531,0,-63.227
0.011742,0,-63.166
-0.029366,0,-63.245
-0.011297,0,-63.26
0.0084568,0,-63.307
-0.018538,0,-63.279
-0.0215,0,-63.27
0.0064461,0,-63.234
-0.0066358,0,-63.393
-0.083096,0,-63.381
-0.0082604,0,-63.256
0.0029433,0,-63.298
-0.0018048,0,-63.375
0.0014881,0,-63.374
-0.0015309,0,-63.411
0.0019205,0,-63.383
-0.0026784,0,-63.356
0.004124,0,-63.397
-0.0064082,0,-63.361
0.010671,0,-63.295
-0.14676,0,-63.309
-0.01898,0,-63.294
-0.05331,0,-63.288
-0.040604,0,-63.145
0.0036395,0,-63.257
0.0014313,0,-63.167
-0.043144,0,-63.424
-0.067225,0,-63.435
-0.020479,0,-63.411
-0.020051,0,-63.31
-0.019868,0,-63.385
-0.01939,0,-63.291
-0.002475,0,-63.316
0.010074,0,-63.412
-0.045425,0,-63.193
-0.040134,0,-63.377
-0.089001,0,-63.368
-0.022008,0,-63.227
-0.039214,0,-63.337
-0.02928,0,-63.401
0.001874,0,-63.223
-0.080474,0,-63.365
-0.0017411,0,-63.489
-0.028763,0,-63.286
-0.044919,0,-63.365
-0.017481,0,-63.319
-0.012505,0,-63.328
0.0072246,0,-63.343
-0.0050466,0,-63.238
0.0040473,0,-63.371
-0.0037246,0,-63.296
0.004195,0,-63.23
-0.0057231,0,-63.252
0.010312,0,-63.413
-0.048268,0,-63.299
-0.027763,0,-63.383
0.0081671,0,-63.268
-0.066602,0,-63.363
-0.035852,0,-63.401
0.013193,0,-63.327
-0.021343,0,-63.501
-0.020221,0,-63.474
0.0072519,0,-63.43
-0.0062719,0,-63.314
0.0083198,0,-63.352
-0.020514,0,-63.249
-0.018794,0,-63.359
0.0035129,0,-63.422
0.0012611,0,-63.28
-0.010327,0,-63.399
-0.028268,0,-63.314
0.0095067,0,-63.364
-0.0076901,0,-63.36
0.0094317,0,-63.371
-0.025787,0,-63.237
-0.013515,0,-63.344
0.0027412,0,-63.424
0.0013324,0,-63.345
-0.0087376,0,-63.402
-0.028586,0,-63.322
0.0067523,0,-63.386
-0.0037785,0,-63.432
0.002595,0,-63.313
-0.0020827,0,-63.386
0.0020059,0,-63.298
-0.002367,0,-63.374
0.0035702,0,-63.363
-0.0080793,0,-63.263
-0.028852,0,-63.411
0.0052234,0,-63.313
-0.0029438,0,-63.261
0.0022304,0,-63.317
-0.0021008,0,-63.419
0.0024576,0,-63.349
-0.0033969,0,-63.215
0.0057481,0,-63.353
-0.03426,0,-63.354
0.0026727,0,-63.435
-0.025862,0,-63.399
-0.042235,0,-63.313
0.0020893,0,-63.298
0.0025949,0,-63.289
-0.013356,0,-63.34
-0.05743,0,-63.315
0.0090417,0,-63.219
-0.005778,0,-63.416
0.0049862,0,-63.325
-0.0055056,0,-63.419
0.0081646,0,-63.305
-0.031471,0,-63.305
-0.0040532,0,-63.405
-0.0088479,0,-63.299
-0.02723,0,-63.361
-0.020301,0,-63.286
-0.02978,0,-63.401
-0.053924,0,-63.321
-0.020467,0,-63.421
-0.026424,0,-63.389
-0.0021384,0,-63.289
0.00078503,0,-63.249
0.00031815,0,-63.314
-0.0015348,0,-63.2
0.0038986,0,-63.298
-0.030306,0,-63.291
-0.0047907,0,-63.335
0.0011829,0,-63.214
0.00063952,0,-63.162
-0.0024626,0,-63.303
0.0058148,0,-63.174
-0.026554,0,-63.325
-0.011236,0,-63.286
0.0032538,0,-63.257
-0.0002437,0,-63.272
-0.0023996,0,-63.267
0.0065049,0,-63.378
-0.025606,0,-63.324
-0.012258,0,-63.22
0.0021226,0,-63.274
-0.018072,0,-63.38
-0.078833,0,-63.36
-0.033177,0,-63.304
-0.0006891,0,-63.302
-0.03499,0,-63.378
0.017627,0,-63.223
-0.021085,0,-63.451
-0.013684,0,-63.302
-0.033066,0,-63.25
-0.037163,0,-63.406
-0.0057928,0,-63.338
-0.029144,0,-63.356
0.010626,0,-63.285
-0.0068707,0,-63.259
0.0055091,0,-63.2
-0.0053189,0,-63.288
0.0062162,0,-63.248
-0.0085039,0,-63.335
0.014334,0,-63.221
-0.060693,0,-63.26
-0.007397,0,-63.321
-0.048559,0,-63.362
-0.058603,0,-63.382
0.0156,0,-63.294
-0.01053,0,-63.399
0.0098344,0,-63.425
-0.021726,0,-63.379
-0.035997,0,-63.362
-0.022088,0,-63.282
-0.02357,0,-63.407
-0.023618,0,-63.231
-0.0064847,0,-63.375
0.0086285,0,-63.255
-0.026543,0,-63.211
-0.044959,0,-63.468
0.004199,0,-63.197
-0.051779,0,-63.425
-0.027331,0,-63.431
-0.056566,0,-63.329
-0.10373,0,-63.29
-0.020881,0,-63.449
-0.044407,0,-63.141
-0.0099882,0,-63.388
0.00173,0,-63.283
0.00055545,0,-63.278
-0.0035779,0,-63.308
-0.03075,0,-63.396
0.0032822,0,-63.482
-0.0011726,0,-63.299
-0.0004221,0,-63.319
-0.032552,0,-63.237
0.0038985,0,-63.298
-0.033564,0,-63.263
0.0017057,0,-63.327
-0.0032179,0,-63.231
0.0054261,0,-63.232
-0.01084,0,-63.347
-0.022488,0,-63.549
-0.010672,0,-63.327
-0.020984,0,-63.328
-0.052162,0,-63.422
-0.073395,0,-63.188
-0.00023051,0,-63.379
0.0016752,0,-63.349
-0.011842,0,-63.281
-0.026596,0,-63.316
0.0083488,0,-63.258
-0.0054683,0,-63.357
0.0048182,0,-63.186
-0.0054112,0,-63.204
0.0081918,0,-63.264
-0.023554,0,-63.373
-0.049212,0,-63.244
0.0075835,0,-63.241
-0.003912,0,-63.415
0.0025416,0,-63.385
-0.0046331,0,-63.367
-0.049177,0,-63.211
-0.010077,0,-63.492
-0.0045034,0,-63.264
-0.03043,0,-63.283
0.0057882,0,-63.256
-0.0027255,0,-63.323
0.0013032,0,-63.261
-0.0002589,0,-63.274
-0.00072854,0,-63.468
0.0020356,0,-63.325
-0.0050604,0,-63.335
-0.027973,0,-63.343
-0.019562,0,-63.416
-0.026669,0,-63.235
-0.023228,0,-63.159
-0.036203,0,-63.372
-0.050731,0,-63.229
-0.00052495,0,-63.325
0.0037363,0,-63.336
-0.012459,0,-63.332
-0.025999,0,-63.272
0.0066968,0,-63.29
-0.0036652,0,-63.314
0.0024159,0,-63.226
-0.0017663,0,-63.157
0.0015651,0,-63.277
-0.0015899,0,-63.292
0.0019939,0,-63.257
-0.0028955,0,-63.405
0.0051166,0,-63.438
-0.014849,0,-63.374
-0.025973,0,-63.456
-0.025172,0,-63.38
0.00070686,0,-63.456
-0.031692,0,-63.238
-0.032138,0,-63.319
0.00053578,0,-63.134
0.0015459,0,-63.212
-0.0077767,0,-63.333
-0.047848,0,-63.255
-0.011953,0,-63.255
0.0084047,0,-63.243
-0.015162,0,-63.351
-0.020145,0,-63.387
-0.013871,0,-63.35
-0.022577,0,-63.29
0.0061875,0,-63.399
-0.0012601,0,-63.336
-0.0051223,0,-63.277
-0.030635,0,-63.39
0.0061641,0,-63.269
-0.0032298,0,-63.22
-0.029286,0,-63.311
-0.0013014,0,-63.259
0.0010178,0,-63.247
-0.00095715,0,-63.339
0.0011638,0,-63.301
-0.032874,0,-63.285
0.00237,0,-63.31
-0.0037106,0,-63.246
0.0066494,0,-63.181
-0.019322,0,-63.176
-0.019382,0,-63.201
-0.02435,0,-63.281
-0.0060566,0,-63.315
0.0040458,0,-63.243
-0.003477,0,-63.386
0.0036883,0,-63.098
-0.0047588,0,-63.285
0.0078405,0,-63.358
-0.030062,0,-63.32
-0.0065801,0,-63.439
-0.041038,0,-63.19
-0.022662,0,-63.305
-0.0094056,0,-63.173
-0.034685,0,-63.231
-0.020078,0,-63.288
0.0071814,0,-63.392
-0.019198,0,-63.229
-0.021066,0,-63.204
0.0085448,0,-63.385
-0.0072671,0,-63.446
0.0093837,0,-63.307
-0.024986,0,-63.271
-0.013905,0,-63.292
0.0014334,0,-63.435
0.0034002,0,-63.319
-0.0089537,0,-63.209
-0.015902,0,-63.34
-0.070464,0,-63.207
-0.041478,0,-63.512
0.012909,0,-63.415
-0.0042399,0,-63.269
-0.01371,0,-63.331
-0.05157,0,-63.279
0.0073843,0,-63.343
-0.029679,0,-63.269
-0.0088149,0,-63.34
0.0050076,0,-63.503
-0.10766,0,-63.253
-0.012858,0,-63.393
-0.042507,0,-63.351
-0.035107,0,-63.335
0.013726,0,-63.506
-0.0096094,0,-63.263
0.0099054,0,-63.356
-0.035217,0,-63.367
-0.065479,0,-63.194
0.0020044,0,-63.499
-0.00058555,0,-63.353
-0.00050699,0,-63.37
0.0018956,0,-63.399
-0.0045166,0,-63.336
-0.028168,0,-63.358
-0.0019556,0,-63.449
0.007199,0,-63.339
-0.070792,0,-63.438
-0.036845,0,-63.3
-0.015859,0,-63.406
-0.074764,0,-63.394
-0.025204,0,-63.335
-0.02994,0,-63.188
-0.00091116,0,-63.322
-0.0077997,0,-63.299
-0.031021,0,-63.28
0.012966,0,-63.412
-0.022133,0,-63.441
-0.018823,0,-63.421
-0.023635,0,-63.264
-0.019708,0,-63.373
-0.045679,0,-63.18
-0.03453,0,-63.236
-0.00034659,0,-63.216
-0.039743,0,-63.258
-0.02252,0,-63.391
0.0032101,0,-63.315
-0.0025841,0,-63.286
0.0037856,0,-63.374
-0.0099618,0,-63.284
-0.051721,0,-63.265
-0.0056982,0,-63.226
0.0069586,0,-63.284
-0.017816,0,-63.275
-0.020106,0,-63.399
8.2164e-05,0,-63.317
-0.030588,0,-63.157
-2.9932e-05,0,-63.402
-0.023792,0,-63.363
-0.041945,0,-63.338
-0.061998,0,-63.407
0.0068325,0,-63.344
-0.00346,0,-63.262
-0.021518,0,-63.193
-0.028234,0,-63.321
-0.015761,0,-63.301
0.007857,0,-63.293
-0.032035,0,-63.437
-0.0042588,0,-63.406
0.0016597,0,-63.317
-0.001082,0,-63.198
0.0010378,0,-63.217
-0.0011948,0,-63.337
0.0016352,0,-63.331
-0.0025134,0,-63.251
0.0048225,0,-63.257
-0.029876,0,-63.355
-0.0061055,0,-63.366
0.0019146,0,-63.276
-0.00021646,0,-63.375
-0.0011474,0,-63.325
0.0028262,0,-63.329
-0.046317,0,-63.323
-0.022206,0,-63.268
0.0063965,0,-63.323
-0.0039596,0,-63.401
0.0032517,0,-63.426
-0.0033235,0,-63.378
0.0046683,0,-63.496
-0.039371,0,-63.345
-0.064641,0,-63.369
0.013946,0,-63.499
-0.02534,0,-63.121
-0.02189,0,-63.213
-0.049962,0,-63.376
0.00047745,0,-63.249
-0.023628,0,-63.335
-0.012069,0,-63.324
-0.050053,0,-63.241
-0.016196,0,-63.312
0.0071356,0,-63.269
-0.0043906,0,-63.344
0.0030442,0,-63.314
-0.0023518,0,-63.272
0.0022064,0,-63.396
-0.0025959,0,-63.27
0.0045927,0,-63.211
-0.045524,0,-63.396
-0.047628,0,-63.194
-0.0045758,0,-63.541
0.0017836,0,-63.283
-0.0022324,0,-63.497
0.0034572,0,-63.349
-0.0055044,0,-63.311
0.0096657,0,-63.411
-0.026026,0,-63.132
-0.045296,0,-63.278
-0.051895,0,-63.179
-0.0092242,0,-63.265
-0.0056943,0,-63.415
-0.031455,0,-63.203
0.012865,0,-63.334
-0.017711,0,-63.281
-0.056974,0,-63.302
-0.061047,0,-63.171
0.011711,0,-63.395
-0.031955,0,-63.423
-0.035115,0,-63.374
-0.037599,0,-63.338
-0.042642,0,-63.195
-0.015654,0,-63.316
-0.00083882,0,-63.198
0.0011421,0,-63.392
-0.00077856,0,-63.366
0.00050502,0,-63.158
-0.00022499,0,-63.336
3.9683e-05,0,-63.396
0.0001071,0,-63.311
-0.00019862,0,-63.294
0.00033396,0,-63.256
-0.00037011,0,-63.221
0.00057783,0,-63.354
-0.0007923,0,-63.306
0.00047719,0,-63.359
-0.043372,0,-63.283
-0.022687,0,-63.238
0.0054431,0,-63.306
-0.0036974,0,-63.256
0.0045124,0,-63.348
-0.020307,0,-63.329
-0.039094,0,-63.37
-0.0072938,0,-63.204
0.0020022,0,-63.269
-0.00090238,0,-63.293
0.00048693,0,-63.16
-0.00018564,0,-63.28
2.3269e-06,0,-63.186
0.00018415,0,-63.336
-0.00040394,0,-63.237
0.00071506,0,-63.211
-0.0012609,0,-63.438
0.002802,0,-63.169
-0.013193,0,-63.232
-0.04583,0,-63.204
-0.0058065,0,-63.138
-0.029963,0,-63.394
-0.001278,0,-63.269
0.00034614,0,-63.181
0.00028536,0,-63.387
-0.0018006,0,-63.258
-0.032617,0,-63.298
0.0052291,0,-63.258
-0.0054273,0,-63.25
0.008344,0,-63.337
-0.030677,0,-63.374
-0.0046668,0,-63.249
-0.025773,0,-63.309
-0.0087431,0,-63.263
0.0023222,0,-63.159
0.0014494,0,-63.276
-0.0083874,0,-63.363
-0.027642,0,-63.415
0.0034093,0,-63.262
0.0016507,0,-63.283
-0.009989,0,-63.317
-0.032083,0,-63.187
-0.054896,0,-63.426
0.0080649,0,-63.478
-0.052528,0,-63.141
-0.052016,0,-63.351
-0.0055224,0,-63.185
-0.028297,0,-63.325
0.010066,0,-63.301
-0.0056912,0,-63.224
0.0041429,0,-63.306
-0.012401,0,-63.414
-0.051389,0,-63.352
-0.066807,0,-63.44
-0.051158,0,-63.204
-0.034817,0,-63.352
-0.030212,0,-63.291
-0.01227,0,-63.31
-0.029142,0,-63.271
0.010135,0,-63.371
-0.021263,0,-63.368
-0.019461,0,-63.33
0.0069431,0,-63.361
-0.0050319,0,-63.194
0.0050707,0,-63.398
-0.0062805,0,-63.364
0.0099203,0,-63.34
-0.059268,0,-63.434
-0.050075,0,-63.246
0.015455,0,-63.461
-0.012299,0,-63.333
-0.016917,0,-63.317
-0.027741,0,-63.404
-0.04703,0,-63.38
-0.0040153,0,-63.365
-0.030766,0,-63.478
0.01319,0,-63.396
-0.012722,0,-63.21
-0.023842,0,-63.256
-0.0023145,0,-63.21
-0.022931,0,-63.264
-0.032935,0,-63.29
-0.0013411,0,-63.188
-0.035062,0,-63.231
-0.076248,0,-63.333
-0.045719,0,-63.2
-0.034451,0,-63.292
-0.035514,0,-63.274
-0.033504,0,-63.22
0.010694,0,-63.296
-0.0052131,0,-63.245
0.0020686,0,-63.274
0.00049115,0,-63.396
-0.0031831,0,-63.437
0.0076802,0,-63.465
-0.069204,0,-63.218
-0.072545,0,-63.301
-0.042858,0,-63.286
-0.014491,0,-63.269
0.014815,0,-63.227
-0.066782,0,-63.214
-0.0019814,0,-63.464
-0.012889,0,-63.37
-0.01936,0,-63.315
-0.047585,0,-63.383
-0.024298,0,-63.292
-0.020296,0,-63.211
-0.0057133,0,-63.23
0.0059131,0,-63.353
-0.0095417,0,-63.231
-0.027999,0,-63.232
0.0047224,0,-63.373
-0.0026293,0,-63.41
0.0019631,0,-63.323
-0.0017522,0,-63.392
0.0022977,0,-63.34
-0.034076,0,-63.368
-0.034156,0,-63.471
0.0092066,0,-63.364
-0.031552,0,-63.177
-0.0052472,0,-63.165
-0.0016833,0,-63.279
-0.033396,0,-63.167
0.008346,0,-63.408
-0.012405,0,-63.255
-0.030713,0,-63.369
-0.028832,0,-63.369
-0.028193,0,-63.309
0.0040365,0,-63.267
-0.0032037,0,-63.282
0.0039753,0,-63.339
-0.0077361,0,-63.389
-0.028253,0,-63.22
0.0029055,0,-63.384
7.1589e-05,0,-63.321
-0.0022088,0,-63.265
0.0052163,0,-63.221
-0.013552,0,-63.273
-0.023183,0,-63.248
-0.0011473,0,-63.226
-0.029234,0,-63.394
-0.01972,0,-63.232
-0.046136,0,-63.217
0.0087688,0,-63.387
-0.010704,0,-63.289
-0.022107,0,-63.431
-0.027683,0,-63.337
-0.0070241,0,-63.322
-0.0059259,0,-63.388
-0.044838,0,-63.371
-0.038521,0,-63.268
-0.0052002,0,-63.266
-0.03053,0,-63.283
-0.040507,0,-63.24
-0.056702,0,-63.404
0.0063543,0,-63.333
-0.0046161,0,-63.333
0.0056344,0,-63.309
-0.011676,0,-63.395
-0.026331,0,-63.301
0.0048353,0,-63.353
-0.0018627,0,-63.349
0.00028418,0,-63.154
0.0014373,0,-63.339
-0.0059711,0,-63.238
-0.031335,0,-63.268
0.008887,0,-63.44
-0.011219,0,-63.295
-0.026287,0,-63.313
0.0025191,0,-63.495
0.00044343,0,-63.275
-0.0025699,0,-63.238
0.0056927,0,-63.267
-0.01584,0,-63.269
-0.021224,0,-63.307
-0.022712,0,-63.205
-0.010024,0,-63.282
0.0061284,0,-63.297
-0.0052587,0,-63.328
0.0059695,0,-63.325
-0.010064,0,-63.265
-0.024423,0,-63.33
-0.052406,0,-63.359
-0.014933,0,-63.248
0.0092599,0,-63.244
-0.018407,0,-63.341
-0.031235,0,-63.294
-0.020993,0,-63.395
-0.022949,0,-63.358
-0.015616,0,-63.217
-0.053881,0,-63.399
0.0031617,0,-63.2
-0.0012536,0,-63.374
0.00012427,0,-63.34
0.0010154,0,-63.294
-0.0023396,0,-63.324
0.0045885,0,-63.317
-0.010865,0,-63.319
-0.025198,0,-63.498
-0.00073481,0,-63.323
-0.029318,0,-63.405
-0.021047,0,-63.264
-0.097738,0,-63.296
-0.018649,0,-63.199
-0.031667,0,-63.285
-0.041287,0,-63.224
-0.010292,0,-63.535
0.0037288,0,-63.332
-0.0021936,0,-63.323
0.0015729,0,-63.304
-0.0012241,0,-63.222
-0.030925,0,-63.267
-0.041258,0,-63.279
-0.023969,0,-63.421
0.0043221,0,-63.258
-0.0022667,0,-63.412
0.0016396,0,-63.247
-0.0013442,0,-63.255
0.0012943,0,-63.332
-0.0014578,0,-63.317
0.0023372,0,-63.364
-0.0073799,0,-63.354
-0.032634,0,-63.313
0.015487,0,-63.243
-0.047653,0,-63.461
-0.023224,0,-63.36
-0.027707,0,-63.293
-0.001113,0,-63.341
-0.02345,0,-63.184
-0.011207,0,-63.307
-0.023135,0,-63.438
-0.010013,0,-63.257
0.0043358,0,-63.311
-0.001662,0,-63.159
-0.00046685,0,-63.312
0.0036472,0,-63.245
-0.026383,0,-63.221
-0.011403,0,-63.353
0.0073447,0,-63.358
-0.034309,0,-63.328
0.00020837,0,-63.21
-0.002564,0,-63.281
0.0055758,0,-63.235
-0.024527,0,-63.327
-0.014644,0,-63.397
0.0070892,0,-63.421
-0.037328,0,-63.261
0.0070808,0,-63.235
-0.043521,0,-63.236
-0.022614,0,-63.295
-0.046709,0,-63.326
-0.020708,0,-63.245
0.0063406,0,-63.327
-0.035429,0,-63.217
0.0036807,0,-63.274
-0.0023336,0,-63.283
0.0016715,0,-63.24
-0.0013471,0,-63.217
