-29.676,-3.9213,12.65
-40.782,-13.203,53.904
-50.239,-25.036,22.501
-53.326,-34.896,-3.1633
-57.132,-37.309,-10.158
-30.899,-33.616,36.615
-31.413,-11.876,49.536
-64.882,-19.984,13.539
-54.293,-26.148,18.96
-46.165,-41.572,-27.055
-51.409,-2.9911,-32.018
-57.114,24.788,-19.201
-49.144,30.157,-26.76
-50.472,33.264,-25.854
-46.273,34.347,-25.116
-49.054,37.821,-26.19
-42.465,35.188,-24.878
-57.488,37.529,-21.854
-23.733,26.034,41.109
8.157,2.4127,51.979
-48.44,-1.7366,-46.092
-52.389,3.6043,-26.698
-50.879,20.74,-39.068
-41.824,4.6238,-45.322
-23.589,10.987,-60.154
8.3709,2.9017,-60.513
-10.105,8.2688,-70.979
-31.456,4.7295,14.906
-6.6847,-11.27,71.059
-11.427,-7.0094,57.025
-11.153,-9.92,64.674
-14.335,-5.0992,59.443
-13.303,-10.339,62.76
-39.347,6.8627,48.08
-59.655,9.4152,26.093
-55.729,15.027,30.639
-31.328,20.837,50.44
-22.36,8.6242,58.686
-31.702,4.9015,55.661
-26.3,0.83055,57.519
-6.4093,0.5547,62.843
-30.7,-2.1898,52.487
-17.585,-13.353,60.239
-40.848,-10.961,45.627
-48.905,-6.1733,43.392
-54.117,-29.729,15.288
-57.505,-34.541,-4.4391
-57.514,-24.861,5.634
-61.327,-2.0778,21.625
-57.428,0.97849,29.279
-59.516,0.39841,26.737
-57.875,-0.53112,28.253
-63.051,-5.4739,18.007
-50.084,-32.427,22.701
-48.027,-32.728,26.484
-57.971,-10.398,27.734
-58.077,-12.404,25.152
-60.264,-6.8682,24.197
-59.58,-4.6959,24.809
-61.39,-4.9472,21.051
-56.679,-6.0459,28.791
-51.328,-10.333,33.934
-59.108,22.229,16.558
-52.451,-12.844,24.006
-60.753,12.447,-14.678
-58.065,4.7139,-3.0934
-31.648,-68.618,6.9063
-25.293,-65.422,15.027
-27.222,-62.594,18.822
-23.99,-64.621,16.453
-54.241,-35.716,6.3911
-58.344,-19.438,-17.005
-52.95,-36.158,-15.104
-40.43,-63.25,12.591
-34.692,-54.363,0.074273
-26.525,-58.559,1.1996
-34.018,-54.087,19.552
-33.561,-49.63,15.648
-15.669,-66.357,-5.6458
-16.562,-57.469,-11.052
-58.447,-4.1921,-24.227
-58,-7.9664,-20.753
-63.641,-11.362,-6.4414
-61.859,-9.5996,17.3
-51.079,-9.518,36.444
-40.889,-36.316,30.938
-36.966,-51.656,16.624
-37.157,-48.387,14.236
-37.753,-49.385,15.833
-35.066,-51.63,5.2341
-22.12,-62.241,-1.9169
-38.901,-47.362,11.133
-37.178,-59.732,9.7058
-26.696,-70.303,17.424
-26.428,-61.695,17.794
-31.478,-64.747,18.208
-44.108,-12.647,42.476
-43.861,-7.4122,46.281
-29.372,-60.037,8.2291
-27.345,-54.288,15.83
-48.166,-40.587,23.183
-50.518,-29.154,22.265
-35.142,-21.358,50.909
-9.1956,-30.249,51.565
-10.533,-63.058,-7.0673
-15.491,-60.361,-23.324
-17.968,-57.403,-16.396
-25.375,-56.908,-13.908
-26.981,-56.668,-13.836
-30.142,-52.51,-17.532
-21.303,-59.413,-20.536
-42.837,-41.596,-12.505
-53.84,-31.473,-14.044
-34.205,-54.565,-15.76
-16.204,-53.443,19.548
-16.47,-62.812,-4.8391
-23.684,-58.177,-18.595
-42.071,-43.584,1.2257
-36.707,-58.02,2.2526
-49.009,-22.798,19.058
-52.024,-27.606,24.457
-58.764,-26.374,16.322
-32.962,-47.129,19.974
-18.728,-64.568,4.0342
-37.745,-49.877,-9.5222
-45.526,-37.379,-14.142
-22.318,-61.393,-14.388
-35.969,-50.457,13.924
-55.184,-9.8027,25.041
-48.933,-11.542,30.682
-63.269,-17.485,3.8291
-54.805,-18.26,14.262
-57.843,13.644,23.634
-55.275,18.44,12.664
-64.226,12.307,8.271
-46.499,-30.374,23.125
-38.137,-46.204,19.497
-41.935,-48.984,-13.728
-7.6416,-37.581,-53.031
-13.713,-36.394,-36.654
2.7052,-81.131,12.506
-39.772,-37.362,-12.931
-56.178,-17.305,1.9911
-48.33,-25.711,42.835
-57.754,18.886,-10.284
-26.059,-3.8697,-61.963
-29.594,-1.6438,-55.794
-26.034,4.017,-58.27
-23.315,-8.846,-58.399
-35.403,-13.476,-52.52
-34.13,3.1003,-51.113
0.42446,4.1913,-65.147
-24.659,-4.8725,-58.584
-21.894,-4.413,-58.628
-34.887,-21.22,-50.098
-64.573,-4.2116,-13.469
-57.087,8.2191,-26.173
-50.248,7.4051,-39.701
-51.411,5.8642,-38.262
-58.319,-2.7598,-25.96
-47.694,-19.946,-39.114
-22.428,-53.474,-8.9347
-5.8794,-62.192,27.905
-15.227,-61.395,17.694
-51.172,-31.995,15.406
-60.389,-19.041,11.332
-64.669,-3.0446,9.7478
-64.704,5.8357,-9.1294
-59.922,20.607,-9.9423
-56.851,30.401,-7.1972
-62.031,22.656,12.704
-43.326,30.568,-16.182
-32.057,19.621,-49.016
-50.281,-23.721,-34.862
-24.108,-23.795,-58.748
-35.955,-17.156,-48.594
-35.018,-17.054,-50.469
-33.529,-13.668,-52.579
-56.336,-22.653,-18.867
-51.521,-33.155,1.2886
-55.433,-23.26,-28.13
-54.401,-28.437,-15.332
-47.17,-31.759,-27.972
-51.219,-28.677,-23.645
-51.317,-24.753,-26.506
-33.801,-7.0167,-56.829
-38.354,12.396,-32.179
-41.032,13.055,53.91
-43.683,-0.17035,27.686
-73.324,-4.8303,7.9814
-44.886,-0.37249,-28.81
-42.008,-9.9693,-42.191
-65.983,-2.8113,-1.1892
-60.544,16.443,18.289
-37.441,36.066,-32.422
-31.042,39.79,-24.588
-30.776,39.882,-18.923
-32.156,9.7824,-45.416
-68.131,-14.76,-7.6157
-42.567,6.7363,6.0995
-53.324,2.2215,45.823
-60.539,-10.515,-15.785
-47.828,-24.474,-27.616
-41.062,-24.5,-47.64
-45.02,-12.102,-44.351
-43.978,-17.933,-43.345
-41.945,-21.399,-43.713
-39.477,-24.964,-41.13
-37.942,-25.693,-44.428
-25.647,-13.315,-58.081
-24.196,-16.265,-56.718
-22.903,-13.013,-57.76
-28.431,-4.518,-57.141
-21.398,4.6271,-59.681
-17.551,9.6399,-60.229
-17.849,7.5603,-60.991
-19.704,4.4932,-59.575
-30.416,2.0841,-56.898
-26.707,-16.94,-53.336
-30.158,-44.281,-36.861
-38.919,-42.965,-24.354
-40.782,-44.461,-21.631
-41.951,-41.124,-25.288
-40.998,-42.27,-25.692
-39.874,-43.243,-25.707
-42.641,-42.086,-22.959
-44.337,-41.135,-21.132
-43.572,-41.503,-22.219
-44.235,-42.325,-18.447
-45.225,-42.789,-15.227
-45.485,-41.936,-15.736
-45.803,-41.91,-15.09
-44.671,-41.843,-17.474
-44.098,-40.679,-20.479
-47.735,-38.481,-19.392
-47.912,-36.79,-20.701
-49.011,-35.33,-18.963
-47.607,-37.011,-20.866
-44.91,-38.827,-22.905
-47.187,-35.886,-24.114
-43.4,-39.096,-27.191
-39.725,-42.715,-26.519
-43.818,-41.232,-22.328
-43.875,-42.094,-20.116
-42.192,-44.031,-20.276
-42.138,-43.58,-19.711
-41.761,-42.828,-21.249
-41.59,-45.17,-18.23
-42.231,-43.872,-17.398
-44.435,-41.569,-19.51
-44.239,-41.743,-19.903
-43.327,-42.248,-21.24
-44.134,-41.064,-20.104
-44.67,-39.173,-24.057
-45.584,-37.718,-23.488
-47.006,-37.364,-21.663
-47.107,-36.748,-22.856
-47.142,-36.405,-21.787
-46.232,-37.678,-22.388
-44.634,-39.636,-23.807
-43.503,-40.459,-23.703
-42.576,-46.776,-19.489
-39.904,-46.848,-16.521
-39.391,-47.612,-17.022
-39.028,-45.652,-16.505
-40.002,-43.627,-20.586
-41.741,-44.917,-20.942
-41.888,-43.168,-18.479
-43.775,-42.029,-19.89
-42.782,-43.597,-21.885
-40.826,-43.756,-21.623
-41.754,-44.61,-19.527
-41.034,-44.477,-18.407
-39.717,-45.207,-20.956
-37.465,-45.718,-24.127
-38.123,-45.4,-22.767
-40.007,-44.939,-21.686
-40.068,-44.701,-20.112
-36.183,-48.749,-21.103
-38.409,-38.555,-33.346
-55.003,-3.9583,-30.876
-59.997,2.7195,-19.055
-57.636,16.162,-25.152
-36.52,6.4797,-51.563
-40.752,-4.4414,-48.272
-60.162,5.7961,-22.309
-57.739,29.728,-21.004
-42.641,40.71,5.8037
-62.554,18.535,-15.564
-61.655,-12.33,-16.801
-62.589,-18.24,-8.8792
-56.697,-29.773,-7.5228
-58.152,-29.188,-6.5028
-35.589,-51.333,0.010123
-26.999,-59.058,2.8621
-23.321,-58.372,4.7242
-32.382,-55.139,2.2256
-58.023,-12.992,-28.326
-63.914,5.4434,-8.8536
-61.69,6.1478,-9.4793
-35.976,-6.9585,-51.599
-59.81,-11.113,-23.138
-64.991,-2.0701,-4.8769
-63.447,-3.3018,-16.374
-59.203,-3.1928,-24.464
-61.038,-3.3969,-20.514
-55.615,4.5758,-33.907
-49.861,-20.076,-28.197
-37.799,-65.317,-1.1762
-43.244,-46.67,-20.698
-38.988,-56.711,-1.8735
-37.05,-58.075,-2.0964
-33.235,-58.926,-1.551
-30.525,-61.589,2.3018
-31.842,-58.135,-1.0004
-36.023,-58.354,2.3749
-30.921,-48.824,22.546
-11.766,-55.485,25.249
-42.221,-52.703,1.2175
-29.717,-62.05,10.419
-28.679,-67.309,9.3919
-28.152,-70.502,7.8233
-29.078,-72.066,5.3429
-29.208,-71.959,6.3138
-29.399,-73.909,5.415
-28.97,-72.519,7.3515
-28.706,-74.15,6.871
-29.697,-75.52,4.7589
-29.57,-75.612,5.3155
-28.629,-79.122,2.7994
-30.716,-84.263,-4.9341
-29.145,-74.285,4.5195
-27.789,-73.385,6.4091
-28.752,-75.727,4.6569
-28.899,-76.5,5.347
-28.277,-75.003,9.4937
-28.442,-75.108,7.0907
-29.149,-76.328,3.8421
-27.815,-74.884,5.5367
-29.193,-78.997,3.1422
-28.404,-77.489,5.6632
-27.667,-75.51,4.8319
-30.677,-68.449,-2.1845
-27.949,-71.6,6.2497
-29.511,-72.762,1.8582
-26.884,-74.221,9.4866
-32.268,-70.625,4.4418
-44.707,-40.235,4.7594
-54.046,-36.04,10.032
-49.867,-29.206,22.085
-61.464,-9.4621,12.223
-58.304,5.7329,-40.35
-56.421,-35.365,-16.745
-64.436,-7.6633,-8.2951
-56.281,-2.1395,-30.397
-58.755,-3.3581,-26.685
-57.182,-6.8703,-27.995
-58.409,-5.3358,-27.994
-61.915,4.0071,20.531
-58.745,7.3617,22.135
-64.364,4.5423,10.909
-61.552,19.602,-5.0638
-60.873,13.437,-17.475
-60.441,7.9712,-23.228
-57.952,9.2125,-25.23
-56.87,10.776,-27.05
-57.536,9.2976,-28.701
-57.427,6.9892,-29.356
-61.255,7.4496,-19.346
-62.668,8.5094,-16.584
-60.428,15.121,-11.972
-56.986,19.88,-20.32
-56.053,25.338,-16.473
-58.557,27.453,9.6397
-54.853,18.813,-28.566
-55.656,15.782,-28.654
-54.753,8.1567,-32.806
-57.914,7.5788,-27.007
-53.517,18.941,-29.795
-56.532,11.767,-28.182
-58.229,9.1471,-25.593
-60.39,10.758,-19.192
-61.768,3.5389,-22.984
-59.446,0.47356,-20.221
-66.274,7.4116,-5.0408
-53.05,-0.13718,-16.628
-1.2001,-9.8999,-64.257
6.2147,-3.0612,-63.829
-15.648,-7.6627,-60.234
-58.095,13.709,-14.245
-56.558,27.774,-13.817
-37.78,5.5444,-51.5
-53.496,-9.694,-32.798
-49.503,1.9049,-40.208
-46.312,3.0206,-42.759
-64.112,-5.3646,-7.46
-36.77,-17.071,-45.907
-41.698,-20.829,-40.274
-41.122,-2.0162,-46.881
-44.894,23.254,-40.879
-52.08,22.799,-31.288
-60.542,16.679,-6.3987
-59.144,7.8171,-10.418
-51.642,10.566,-30.98
-53.385,13.263,-26.723
-57.422,24.864,2.0394
-56.475,26.4,-6.936
-57.516,22.936,-10.932
-63.051,18.663,-6.886
-58.166,18.131,-24.989
-59.348,24.879,-6.3401
-47.599,38.906,7.5704
-49.16,40.658,26.122
-48.246,28.334,-22.171
-46.971,36.361,-19.276
-51.577,36.595,-3.908
-65.317,15.838,-2.9063
-54.754,4.8785,-18.181
-41.079,7.4322,-51.996
-44.728,3.3866,46.007
-50.459,15.747,-22.924
-31.103,8.1047,-56.867
-42.699,9.3418,-50.798
0.75625,-3.726,37.352
15.335,-6.4952,66.794
30.63,6.5276,48.227
14.205,-8.8657,61.278
-58.461,-20.935,10.277
-36.877,-10.257,-53.561
-38.768,-9.8145,-50.801
-45.307,-11.309,-47.16
-46.569,-4.6113,-42.652
-45.955,-5.8321,-46.13
-51.047,-4.3359,-40.372
-36.961,-7.3659,-50.912
-36.552,5.6059,-52.048
-48.041,7.9182,-40.132
-53.24,8.032,-36.138
-43.561,19.888,-38.28
-22.386,10.046,-61.77
-43.36,14.334,-43.408
-43.819,22.045,-40.223
-24.938,21.977,-54.779
-18.28,26.816,-56.096
-41.287,30.641,-35.848
-36,37.406,-40.419
-48.242,33.098,-16.674
-54.566,20.336,-22.384
-33.663,15.126,-56.226
-31.067,16.951,-52.913
-38.491,21.151,-43.195
-58.845,29.937,8.484
-40.783,42.001,21.878
-40.803,28.575,36.262
-63.013,22.617,-0.57182
-47.367,39.038,-16.897
-50.788,35.699,-19.036
-57.005,15.131,-27.035
-55.578,10.926,-30.163
-56.814,6.6333,-29.937
-55.325,8.4648,-30.941
-50.977,40.052,-14.385
-48.058,30.837,-24.437
-52.278,4.5856,-42.14
-35.009,2.0606,-54.735
-35.644,9.9375,-51.177
-35.922,10.429,-53.018
-47.939,4.4798,-40.524
-54.873,1.4283,-35.034
-60.173,7.1078,-24.969
-50.284,8.0345,-34.278
-29.641,28.8,-47.153
-43.098,19.242,-40.858
-53.598,26.945,-16.034
-56.138,-4.3407,7.8978
-29.343,-73.022,-3.0264
-26.802,-81.507,-5.2947
-42.955,-60.262,-5.4768
-47.763,19.734,-40.369
-12.762,4.7248,-65.628
-22.797,10.127,-56.373
-22.506,12.349,-58.654
-16.133,13.425,-59.566
-48.506,7.6081,-41.056
-49.393,14.649,-37.247
-47.349,31.21,-30.586
-51.504,30.398,-22.81
-50.51,33.237,-24.535
-52.809,33.256,-13.823
-53.178,38.21,0.63334
-54.062,35.64,-3.5955
-54.574,34.229,-10.838
-53.335,36.389,-6.067
-52.986,36.957,-6.5939
-52.805,37.778,-1.2355
-49.592,40.292,-13.694
-49.57,40.38,-9.5439
-52.55,38.102,-2.3273
-51.819,39.116,-3.1198
-52.632,38.001,-2.2121
-52.962,37.665,-2.7283
-52.272,38.232,-2.5
-53.204,37.173,-3.2017
-52.245,38.289,-6.2084
-52.151,38.824,-4.2951
-51.854,38.682,-4.2884
-53.091,37.911,-1.2827
-52.819,37.624,-6.5947
-53.01,37.278,-4.1183
-52.654,38,-3.6188
-52.644,37.48,-7.6992
-52.006,38.262,-6.5709
-52.255,38.095,-7.0411
-52.17,37.908,-6.8779
-52.024,38.116,-7.6684
-52.413,38.26,-5.2431
-52.622,37.834,-4.7885
-52.222,38.099,-5.4476
-52.525,38.004,-5.3275
-52.884,37.749,-4.4461
-52.901,37.47,-5.0994
-52.625,37.583,-3.4719
-51.899,33.239,-20.225
-55.639,27.124,-16.363
-56.435,31.341,-12.788
-37.23,20.425,-46.35
-20.013,20.393,-56.88
-51.135,19.726,-33.493
-50.546,22.795,-31.847
-56.298,23.389,-21.662
-57.155,26.307,-12.464
-58.18,24.544,-9.8176
-58.847,20.992,-17.008
-59.342,24.283,-9.2537
-51.993,35.776,-16.226
-35.544,52.145,-8.686
-30.221,55.77,7.3638
-28.783,54.119,-14.87
-52.046,37.067,-16.12
-53.496,31.563,-12.911
-53.048,28.134,-26.148
-52.048,5.1483,-32.466
-51.054,-1.8255,-37.469
-55.716,14.428,-33.223
-49.681,32.611,-21.955
-49.652,31.694,-27.15
-51.338,28.194,-26.3
-53.541,28.321,-22.898
-55.448,29.45,-15.294
-54.797,29.006,-17.775
-49.42,28.061,-30.184
-47.366,28.5,-33.039
-49.811,28.924,-28.834
-48.856,28.475,-30.989
-48.583,25.8,-32.792
-47.018,27.949,-34.994
-48.391,23.839,-32.408
-42.48,22.264,-44.285
-47.228,27.742,-29.822
-53.198,24.777,-33.138
-51.811,26.168,-11.546
-68.953,-1.8418,1.3248
-24.222,46.23,-4.1063
-11.846,58.613,14.791
-61.118,25.381,-19.117
-54.354,28.716,-13.215
-51.8,25.348,-29.907
-48.927,24.9,-32.833
-53.09,25.791,-24.621
-55.918,24.175,-26.741
-43.36,44.308,-10.47
-31.453,56.719,2.8856
-29.808,56.096,-11.644
-52.345,33.53,-15.529
-58.474,20.156,-23.072
-55.598,24.593,-17.623
-60.178,21.918,-16.807
-55.139,24.842,-15.436
-62.911,20.986,-19.549
-30.695,47.668,0.55628
3.4505,62.485,21.614
-7.9311,62.174,17.745
-10.053,57.503,22.335
-15.214,65.017,18.293
-48.069,2.0361,18.936
-25.892,-66.294,-5.3934
-22.556,-55.641,-4.3979
-31.16,-65.35,9.0982
-26.902,-59.579,8.3298
-28.508,-62.831,12.182
-27.903,-64.358,8.8779
-29.366,-65.375,13.076
-34.039,-64.009,6.4068
-61.603,12.669,-11.741
-30.568,25.877,-45.826
-11.718,17.426,-62.572
-38.985,21.671,-46.095
-54.532,23.913,-24.36
-54.939,24.575,-23.242
-52.469,25.13,-27.33
-51.362,26.343,-29.345
-51.981,28.303,-25.353
-51.599,28.902,-25.756
-49.887,29.564,-28.471
-51.028,28.15,-27.251
-52.822,27.057,-25.476
-52.633,25.993,-26.736
-53.035,22.507,-28.47
-52.476,20.717,-30.743
-51.65,21.1,-32.044
-53.824,15.834,-31.828
-54.746,10.908,-33.698
-52.399,11.2,-36.704
-55.428,14.573,-29.434
-54.582,13.316,-31.921
-55.511,16.909,-27.612
-55.148,14.64,-29.954
-54.636,16.111,-29.248
-53.173,13.923,-34.524
-55.839,16.677,-25.716
-54.225,24.892,-24.123
-55.108,18.342,-28.477
-54.832,18.745,-27.711
-55.267,17.511,-28.305
-55.428,17.768,-27.424
-55.078,17.726,-27.958
-55.035,17.909,-28.099
-55.308,17.786,-27.537
-55.271,18,-27.633
-55.187,17.963,-28.015
-55.232,18.019,-27.887
-55.679,17.338,-27.764
-55.441,17.494,-27.664
-55.097,17.922,-28.149
-55.042,17.115,-27.932
-55.444,17.427,-28.136
-55.272,16.495,-27.564
-55.406,18.362,-28.433
-54.958,14.536,-27.697
-59.015,18.741,-25.069
-62.177,-11.852,4.8871
-41.387,-50.579,5.4795
-45.35,-43.896,3.0689
-47.536,-41.337,0.67704
-49.295,-39.5,1.7764
-54.617,-34.456,2.7811
-53.18,-32.892,8.1936
-55.824,-30.703,7.5311
-38.738,-71.951,-5.603
-31.911,-74.81,6.1495
-29.155,-80.643,7.6653
-50.73,-27.238,-5.2953
-59.066,26.266,-23.795
-55.266,17.002,-20.914
-57.257,23.769,-22.582
-55.902,19.963,-22.97
-55.032,20.351,-26.84
-57.14,20.09,-22.24
-55.062,21.007,-23.061
-49.214,17.028,-44.679
-51.579,9.4404,-47.896
-40.639,16.603,-46.138
-38.473,15.415,-50.642
-38.141,21.787,-49.965
-58.146,4.0897,-26.739
-51.782,7.8314,-29.415
-52.605,11.925,-32.254
-43.699,7.1753,-47.726
-39.053,20.089,-48.331
-58.374,16.942,-21.586
-57.19,16.576,-4.2945
-60.371,6.2328,1.2798
-59.549,14.27,1.8914
-56.659,16.953,6.476
-55.659,22.242,-0.95857
-61.752,16.56,-0.43679
-59.172,23.059,17.006
-54.063,-4.1328,-8.4604
-56.95,-10.585,-26.61
-40.845,51.232,21.955
-68.41,-23.347,-17.966
-11.006,39.066,5.1568
-27.123,-1.5751,10.955
-66.84,15.567,-12.99
-41.873,30.599,0.66776
-63.464,-26.337,-24.682
-49.16,-11.774,-33.036
-63.822,-25.973,-35.272
-45.89,-9.1842,-29.025
-52,-13.686,-29.809
-55.71,-15.411,-20.658
-52.269,-14.854,-12.549
-58.971,-13.034,-23.277
-49.445,-8.9396,-25.986
-52.944,-9.6415,-35.238
-53.714,-11.916,-25.893
-54.94,-18.896,-23.284
-53.182,-19.757,-35.522
-51.693,-14.575,-25.924
-56.545,-14.068,-35.452
-51.208,-8.7605,-28.345
-54.957,-11.518,-12.285
-51.207,-9.1334,-14.04
-53.359,1.7147,-39.312
-47.03,-5.6615,-30.081
-50.165,-5.4989,-34.016
-46.674,-6.5095,-32.5
-47.367,-12.461,-32.773
-47.649,-14.613,-27.689
-51.802,-13.192,-34.338
-52.693,-7.376,-40.122
-49.306,-11.792,-30.405
-44.937,-4.8501,-33.664
-53.461,-6.2083,-30.203
-35.991,9.4155,-15.127
51.049,12.432,35.777
42.845,21.104,20.884
-56.16,4.0277,-14.327
-33.829,15.617,-35.598
-41.922,3.2678,-44.262
-55.658,-5.6819,-33.992
-43.273,-10.114,-29.997
-56.564,-12.09,-24.083
-52.677,-10.11,-20.744
-48.332,-3.2245,-23.219
-53.416,-11.397,-24.664
-55.342,19.072,-2.643
-56.986,-3.3806,-20.838
-49.457,-16.21,-20.464
-51.143,-14.283,-20.423
-48.557,-6.9852,-26.468
-49.339,-5.4344,-31.59
-49.681,-1.3128,-28.708
-56.408,-6.6409,-28.131
-46.877,-11.776,-25.887
-53.031,-18.342,-26.941
-47.935,-11.779,-25.58
-45.447,-9.3911,-23.67
-49.307,-16.308,-27.549
-51.187,-13.428,-29.395
-52.736,-10.144,-27.524
-47.173,-10.021,-28.988
-44.864,-11.321,-32.674
-56.898,-14.585,-30.331
-48.384,40.505,-35.081
-44.762,15.176,-34.388
-52.735,-12.043,-27.352
-44.303,-7.1364,-32.668
-46.288,-15.319,-40.43
-48.223,-10.306,-39.336
-50.187,5.8462,-31.403
-55.723,-0.67129,-30.428
-51.523,-7.6626,-23.759
-49.897,-6.7105,-30.03
-47.182,-8.749,-28.838
-52.548,0.99677,-26.432
-53.788,11.744,-31.334
-51.263,5.88,-33.056
-48.745,-0.44882,-21.418
-47.59,-4.2851,-27.218
-47.888,-5.0595,-27.109
-46.225,-4.1235,-31.407
-45.486,-8.2862,-25.348
-52.204,-11.271,-21.151
-46.602,-7.4605,-22.589
-47.842,-6.4867,-28.085
-46.277,-7.0118,-22.012
-48.627,-7.3876,-29.726
-42.479,-4.9392,-32.742
-51.86,-8.8262,-34.893
-44.918,-14.82,-28.728
-50.024,-15.62,-25.236
-46.647,-10.746,-16.312
-51.711,-4.5362,-20.488
-48.856,-12.735,-29.304
-51.911,-19.505,-28.982
-53.549,-22.659,-21.974
-49.9,-26.79,-11.649
-53.321,-14.393,-21.042
-45.204,-18.62,-19.65
-49.691,-18.623,-20.59
-51.376,-12.524,-20.658
-52.016,-11.452,-11.475
-48.643,-17.361,-22.222
-48.892,-23.55,-17.572
-50.338,-18.499,-19.77
-45.03,-18.461,-24.959
-45.736,-13.626,-20.587
-46.631,-13.154,-19.567
-45.788,-11.414,-19.145
-43.536,-10.218,-21.408
-42.748,-9.6009,-23.733
-49.399,-14.867,-18.295
-50.056,-17.87,-22.98
-43.147,-18.408,-19.573
-47.752,-12.126,-22.547
-50.229,-16.669,-21.533
-48.841,-6.171,-18.212
-52.346,-5.1563,-21.818
-46.843,-9.3867,-25.779
-42.078,-11.764,-21.276
-48.764,-10.048,-22.817
-48.658,-9.3405,-21.373
-50.58,-16.214,-24.442
-55.167,-19.312,-8.6319
-57.956,-10.659,-9.7441
-50.936,-7.3185,-19.782
-50.005,-13.644,-20.996
-46.624,-13.629,-21.57
-47.949,-19.764,-23.806
-49.265,-15.829,-7.588
-54.109,-7.5924,-6.649
-57.107,-19.454,-17.289
-52.803,-8.9689,-23.312
-52.692,-15.74,-32.661
-54.884,-10.517,-44.829
-55.347,-4.0435,-29.203
-46.683,1.1889,-16.083
-43.486,-12.639,-22.172
-46.682,1.5201,-34.153
-47.237,-8.3591,-18.381
-58.169,9.5991,-4.6951
16.124,54.468,31.03
-34.412,43.055,-14.021
-55.221,-10.667,-38.665
-48.029,-26.19,-29.026
-46.872,-7.7963,-51.15
-49.194,-12.751,-38.122
-46.498,-6.5863,-31.463
-47.67,-6.9457,-23.526
-46.626,-17.06,-25.373
-49.253,-16.984,-21.458
-50.721,-12.852,-24.222
-50.22,-14.109,-23.679
-49.816,-6.3014,-19.157
-51.159,-9.4582,-14.122
-49.802,5.687,-15.874
-51.155,13.17,-34.739
-50.598,1.6067,-30.65
-51.228,2.9528,-30.337
-45.011,-5.7457,-27.968
-51.291,-5.7149,-26.642
-48.453,3.0552,-24.218
-48.582,-2.738,-15.392
-48.756,-6.7629,-27.136
-48.11,-4.9319,-29.265
-43.319,-6.633,-29.125
-46.903,-18.313,-20.945
-46.762,-12.18,-20.936
-47.502,-25.229,-26.07
-41.828,-21.44,-19.33
-47.582,-17.572,-29.788
-46.664,-17.543,-30.58
-51.866,-13.487,-28.3
-48.306,-18.273,-23.258
-48.578,-17.212,-27.852
-50.596,-14.465,-26.741
-46.765,-15.102,-26.716
-47.523,-16.314,-24.226
-51.086,-13.846,-19.7
-49.352,-22.762,-23.064
-48.158,-17.031,-23.044
-48.038,-20.471,-33.592
-49.913,-13.835,-25.971
-52.28,-19.444,-19.53
-60.445,-7.9791,-31.433
-41.392,41.288,-32.077
-52.398,-8.0947,-40.201
-49.87,-19.67,-29.653
-48.438,-17.78,-26.928
-49.808,-13.118,-19.094
-52.737,-16.149,-10.595
-54.253,-17.727,-8.2958
-56.855,-6.9538,-23.344
-47.541,-5.9477,-23.608
-47.468,-11.233,-16.342
-50.236,-9.1456,-39.232
-51.931,2.9989,-30.778
-50.801,-18.72,-16.507
-54.702,-20.711,-28.642
-47.111,-9.5907,-24.944
-48.993,-0.64598,-24.325
-42.268,4.407,-23.335
-49.317,-4.836,-24.717
-48.409,-8.1137,-23.01
-51.187,-10.04,-15.915
-47.223,-12.001,-25.578
-52.748,-10.216,-27.031
-49.139,-12.577,-20.084
-47.157,-12.048,-21.487
-48.228,-10.674,-24.958
-45.6,-4.3337,-15.654
-54.941,-15.414,-21.368
-29.866,25.585,21.36
-13.611,45.022,10.428
-53.064,-11.352,-15.3
-48.909,-4.9884,-21.005
-44.309,-7.8293,-34.638
-48.536,-3.5475,-13.43
-54.119,-5.1224,-20.856
-44.073,-10.736,-17.731
-46.407,-7.6541,-24.557
-46.883,-8.5386,-25.444
-50.233,0.28825,-17.089
-50.222,-7.6074,-19.569
-50.019,-3.2778,-25.531
-48.678,-3.0454,-27.281
-46.663,-6.4135,-22.497
-45.371,-11.998,-19.187
-47.694,-13.05,-21.403
-48.962,-15.232,-17.7
-51.405,-13.941,-16.81
-51.178,-10.407,-21.801
-52.13,-10.23,-22.909
-50.209,0.00034445,-16.227
-56.063,0.47964,-15.669
-52.6,-0.59853,-17.876
-50.899,-3.1578,-26.566
-45.23,-8.8848,-24.849
-46.255,-9.9699,-29.226
-55.664,-4.1995,-26.435
-28.587,25.97,2.295
-46.234,40.261,-31.232
-47.439,25.352,-30.975
-46.982,-15.317,-18.275
-42.727,-1.8982,-27.869
-52.367,-13.059,-31.815
-49.251,-6.5872,-23.324
-47.723,-2.8189,-28.181
-45.978,-1.6093,-28.97
-51.077,-5.1304,-29.028
-50.897,-7.8218,-19.458
-49.26,-7.6849,-21.426
-53.222,-9.9228,-33.405
-51.35,-6.527,-23.274
-48.43,-4.872,-27.467
-45.595,-4.2127,-31.521
-46.399,-1.8109,-33.567
-44.665,-9.5073,-26.302
-47.656,-8.5597,-33.128
-44.107,-3.2377,-28.609
-48.661,-1.5518,-24.57
-46.901,6.0148,-21.28
-55.965,-6.988,-35.004
-36.17,13.33,6.1705
-33.732,2.9978,-11.963
-52.196,-19.29,-22.735
-44.047,-6.2769,-13.428
-52.076,-10.086,-28.424
-43.969,-14.957,-14.224
-51.638,-21.745,-18.034
-48.22,24.123,-33.475
-39.421,37.807,-35.184
-49.081,-8.0576,-29.239
-49.364,-8.9016,-20.574
-54.102,-9.5574,-24.327
-49.63,-2.5288,-12.144
-47.861,-2.4741,-14.365
-54.015,-8.6559,-28.072
-48.718,-10.509,-18.516
-55.788,-11.166,-28.453
-44.927,-5.1744,-14.543
-56.453,-6.8332,-29.175
-46.305,21.685,-10.639
-46.128,4.6221,-11.263
-54.598,-18.38,-36.019
-43.393,3.4343,-30.233
-49.998,-0.27752,-38.43
-51.152,-1.9418,-38.802
-47.094,-2.1867,-35.608
-47.521,2.9027,-40.102
-40.252,7.1378,-32.314
-50.376,-11.773,-41.758
-39.231,32.465,-31.213
-43.658,35.335,-31.248
-41.126,7.5443,-14.112
-25.723,26.852,2.0824
-57.098,-7.9135,-26.748
-47.303,-1.0553,-23.907
-53.855,-0.27424,-24.616
-43.262,1.8091,-29.99
-50.936,6.1283,-22.554
-47.504,3.1242,-22.619
-44.386,7.3502,-35.961
-46.888,0.63353,-36.295
-41.975,2.1895,-41.287
-45.893,-8.1183,-23.796
-47.067,-7.9486,-37.139
-50.217,-3.8692,-38.308
-47.073,4.1708,-34.081
-50.923,11.95,-30.539
-49.949,0.64922,-28.29
-44.861,-8.2921,-23.454
-52.578,2.8632,-24.57
-52.263,5.2881,-19.718
-54.218,7.6038,-20.173
-53.3,12.244,-24.43
-49.444,2.0748,-16.361
-43.626,-7.2397,-24.188
-53.838,3.965,-32.438
-49.712,3.2166,-26.985
-48.046,3.9697,-28.285
-50.261,8.509,-20.444
-53.17,5.087,-22.679
-40.072,5.633,-24.779
-52.731,3.6572,-36.612
-21.054,44.945,1.7381
11.226,35.48,17.564
-64.453,-21.977,-20.797
-41.882,-3.1018,-15.748
-53.438,-7.9163,-20.887
-44.957,-5.8062,-9.8206
-52.523,2.3812,-16.736
-44.174,-2.7197,-23.942
-49.993,4.2792,-33.627
-44.057,-2.99,-25.65
-46.549,2.0253,-25.926
-42.143,0.54112,-17.604
-43.645,-8.753,-29.853
-47.392,-1.3833,-21.189
-48.759,-12.09,-20.563
-47.432,25.065,-28.871
-27.823,45.663,-34.824
-45.516,-7.5777,-37.376
-49.419,-4.3911,-24.81
-44.2,-3.395,-32.275
-45.833,-8.2474,-14.453
-43.069,-1.4636,-16.048
-41.918,-0.08607,-27.547
-48.167,-6.5621,-27.018
-46.45,-1.1398,-28.212
-52.985,-5.7267,-30.664
-44.769,-8.0124,-37.237
-51.475,-6.7132,-28.771
-46.437,-8.5418,-26.392
-46.392,-13.441,-28.763
-45.985,-2.1853,-22.504
-46.391,-3.6918,-27.545
-48.745,-4.0674,-27.134
-48.131,-10.133,-19.961
-45.282,-4.8875,-28.268
-48.877,-11.072,-24.701
-45.907,-7.7838,-25.458
-51.819,-7.3946,-22.451
-49.171,-1.6938,-26.473
-51.177,-9.3585,-24.947
-41.784,-12.7,-18.046
-44.467,0.93515,-30.63
-46.874,-4.0694,-30.506
-43.138,-10.484,-20.034
-45.8,-7.125,-30.797
-43.656,-5.776,-37.896
-50.83,-0.12414,-26.679
-46.441,7.2782,-25.149
-42.142,-0.91225,-2.3707
-48.744,-3.6729,-16.303
-48.872,-5.3275,-26.187
-48.174,-7.3363,-29.096
-50.969,-14.403,-28.813
-51.228,-11.852,-19.91
-44.25,-7.8426,-27.367
-46.657,-2.912,-29.258
-45.056,-4.6739,-30.402
-50.893,-0.16385,-27.234
-46.431,-4.4277,-16.11
-41.245,9.3399,-24.512
-53.686,5.0378,-34.691
-24.311,33.131,12.184
-35.248,21.428,-18.65
-54.666,-25.94,-18.373
-48.829,-29.052,0.45701
-48.218,-15.653,2.4317
-46.553,-11.885,-21.869
-46.573,-6.8108,-20.435
-53.144,-5.0128,-14.924
-53.783,0.49976,-22.953
-50.656,0.94488,-25.902
-52.989,1.9247,-21.574
-49.62,8.6517,-24.417
-51.495,2.4362,-20.659
-49.774,5.0407,-23.718
-48.516,2.513,-28.338
-48.53,4.7655,-21.069
-49.75,2.8452,-32.272
-50.194,-3.8462,-24.767
-53.414,-12.353,-15.562
-52.678,-15.65,-17.91
-52.378,-7.8192,-27.389
-51.047,2.4614,-20.702
-48.304,-0.97667,-18.386
-39.674,4.6929,-19.83
-48.426,5.5411,-32.462
-48.982,2.1707,-20.626
-50.791,-5.2498,-36.515
-40.673,47.484,-26.174
-39.374,39.852,-8.2442
-51.682,0.66683,-17.427
-42.358,-6.1939,-6.7231
-50.022,-7.4745,-31.246
-38.861,1.4235,-21.469
-41.73,-0.13764,-48.641
-43.711,-4.8857,-42.656
-48.584,-7.8045,-28.797
-47.242,-6.9805,-27.546
-44.955,-3.3974,-34.536
-42.062,7.9456,-41.419
-48.032,-2.2432,-26.565
-46.071,-4.4791,-28.11
-43.769,-0.98736,-24.174
-43.928,-4.3284,-20.354
-42.934,-2.4516,-27.243
-42.278,-4.4519,-27.287
-48.26,1.3697,-14.326
-49.325,-2.668,-20.53
-46.824,-4.0498,-28.271
-47.002,-0.87625,-28.283
-46.97,-3.0409,-25.263
-45.992,-3.9056,-19.645
-52.263,-2.8013,-5.7022
-50.366,-6.4558,-8.5863
-62.547,2.1792,-4.3647
-62.152,21.814,-6.1278
-30.999,53.927,1.9562
-56.538,24.604,-25.45
-64.331,4.3845,-3.6549
-71.032,-4.7207,-4.3592
-50.692,-2.873,-27.764
-48.411,-5.4097,-34.972
-47.332,-2.9729,-26.752
-50.791,-8.0311,-38.569
-47.567,-3.5481,-27.295
-46.237,-6.6006,-7.7684
-47.242,-2.652,-14.231
-48.382,-4.0546,-20.44
-48.597,-8.3242,-25.717
-46.174,3.2836,-31.198
-52.125,-2.273,-17.442
-44.299,-6.7815,-33.554
-48.254,-12.408,-32.634
-49.579,-3.4206,-17.432
-53.553,36.303,-25.319
-35.241,41.105,-26.506
-55.8,-6.339,-13.709
-46.678,-15.917,-11.453
-48.395,-18.753,-34.977
-43.729,-17.953,-24.168
-51.634,-5.4187,-20.751
-50.445,-8.5573,-13.77
-50.877,3.6578,-25.373
-47.828,-5.7609,-21.314
-44.531,-19.474,-24.247
-48.818,-11.414,-23.868
-48.291,-10.519,-40.965
-47.109,-7.3012,-32.433
-52.778,-13.333,-22.208
-48.691,5.0376,-26.617
-45.398,-8.9542,-29.615
-51.262,-9.4777,-23.609
-45.667,-9.8479,-22.697
-55.497,-16.964,-13.073
-51.257,-21.684,-14.984
-59.016,-11.857,-27.278
-21.404,28.971,21.833
-47.56,15.618,6.6469
-50.755,-3.4768,-34.077
-47.51,4.7186,-22.183
-51.195,-13.855,-20.408
-44.54,-33.789,10.047
-53.502,-7.468,-1.8585
-47.687,-13.875,-21.954
-47.851,-5.7506,-27.327
-46.777,-8.4789,-20.721
-50.519,-7.8969,-33.143
-45.607,-6.0914,-11.998
-52.384,-4.4496,-20.392
-43.591,3.254,-23.88
-49.061,-0.30453,-30.346
-43.448,-21.516,-4.7612
-45.845,-39.943,16.633
-49.254,-17.531,-28.398
-46.793,-15.734,-32.573
-49.085,20.177,-32.099
-36.06,42.755,-41.535
-48.155,-14.121,-30.096
-39.988,-11.777,-24.952
-43.091,-9.7634,-33.888
-41.19,-6.3122,-13.399
-44.48,-10.479,-38.514
-37.528,15.763,-19.669
-37.751,24.866,0.061347
-55.921,-4.3489,-18.889
-47.018,-4.2093,-21.142
-45.981,-13.863,-29.795
-45.961,-8.1297,-23.883
-46.113,-5.4598,-22.692
-49.923,-3.134,-32.019
-42.025,-0.37505,-24.112
-46.179,-3.16,-20.202
-50.054,-10.8,-20.478
-45.531,-8.4994,-37.11
-44.231,-9.1687,-29.641
-46.499,-11.182,-20.737
-47.614,-5.8046,-28.015
-46.544,-3.7428,-26.102
-47.585,-2.8126,-28.062
-41.697,-9.4989,-22.174
-47.983,-2.1063,-15.986
-48.812,-4.9208,-24.541
-47.027,-10.846,-9.4014
-44.1,-8.7487,-13.19
-47.039,-7.9378,-11.895
-50.756,-5.5733,-19.285
-46.41,-12.263,-35.583
-47.943,-14.077,-19.261
-56.392,2.4604,-19.431
-47.359,-7.6957,-28.491
-44.559,-15.354,-23.722
-52.55,-21.921,-9.3635
-44.287,-10.21,-18.919
-54.669,-18.45,-28.792
-39.293,27.222,1.2911
-40.7,12.179,33.48
-54.445,-8.1672,-19.322
-42.15,-6.6791,-33.14
-46.731,21.053,-20.797
-38.287,37.01,-27.132
-56.38,33.353,-30.377
-39.783,39.328,-6.979
-56.646,-9.4,-16.987
-46.63,-10.933,-15.957
-47.923,-13.712,-27.513
-43.725,-2.9266,-25.194
-48.248,-18.936,-28.718
-48.393,-13.471,-22.413
-49.61,-6.4714,-22.168
-47.993,-5.502,-23.26
-49.286,-1.7245,-25.975
-42.413,-7.872,-21.187
-47.528,4.2515,-28.762
-45.548,2.1756,-15.451
-52.499,7.7718,-19.393
-47.682,4.5966,-22.237
-47.216,-0.092029,-22.406
-45.422,-3.0927,-15.947
-44.574,-4.6272,-23.473
-48.155,-11.503,-34.234
-44.472,-9.3576,-26.41
-50.01,2.918,-26.443
-47.983,-5.3507,-8.9823
-46.1,12.915,-28.132
-33.576,53.307,-21.726
-56.226,5.452,-30.646
-46.381,-8.6148,-14.151
-49.975,-2.5223,-18.397
-45.472,-4.2981,-17.456
-50.682,-5.5804,-32.297
-45.125,-8.2985,-21.83
-47.859,-6.3307,-23.842
-44.571,-8.357,-25.116
-47.671,-7.0795,-25.649
-52.251,-8.4389,-28.254
-45.36,-1.3614,-31.296
-51.44,-7.0203,-28.077
-45.05,-13.371,-27.285
-51.487,-8.0485,-19.326
-45.867,-13.73,-16.342
-47.14,-0.64279,-21.954
-51.867,4.4627,-20.376
-46.283,-11.921,-26.214
-43.526,-6.1185,-29.299
-48.244,-9.3696,-26.068
-44.218,-14.548,-26.027
-46.459,1.7171,-28.911
-49.902,-5.8483,-26.26
-39.967,-4.8648,-1.4264
-63.191,-9.0962,-15.663
-31.338,28.754,7.1705
-40.108,10.332,12.734
-51.586,-34.491,0.59335
-41.639,-9.0395,-25.887
-46.941,-14.456,-16.776
-45.751,-5.2356,-15.36
-40.958,-12.844,-30.504
-45.535,-6.2041,-18.077
-43.853,-1.2901,-24.075
-49.478,1.0681,-25.046
-45.778,-0.41072,-26.756
-45.423,6.7428,-17.052
-52.048,3.8789,-13.229
-43.224,0.7761,-20.693
-49.515,-4.927,-26.005
-47.941,-2.3861,-27.354
-51.914,-12.074,-24.85
-49.585,-5.6813,-29.433
-45.836,1.4789,-27.971
-49.303,-1.9977,-21.459
-55.965,-4.785,-16.675
-43.282,38.336,-15.814
-45.525,9.0845,-31.552
-46.949,-10.689,-16.882
-43.819,12.119,-32.197
-51.789,5.914,-32.618
-45.574,-9.591,-21.611
-44.686,1.3884,-19.456
-49.131,10.455,-20.255
-46.157,-6.5132,-23.441
-50.452,-1.2133,-23.156
-47.452,-0.67562,-29.574
-46.442,-0.30203,-36.691
-46.6,0.90253,-25.808
-46.982,-4.888,-26.346
-46.563,-1.9563,-30.63
-39.701,-1.4941,-23.096
-44.522,-0.09116,-26.59
-48.113,4.4379,-26.783
-48.98,4.8318,-17.254
-50.045,8.381,-23.717
-47.524,3.2519,-30.905
-48.294,4.3593,-28.981
-51.245,6.3651,-32.709
-47.66,2.6469,-28.245
-50.961,1.4706,-21.904
-48.538,-0.7157,-20.528
-51.526,0.84598,-24.856
-47.61,0.29361,-25.532
-50.282,5.3129,-23.883
-46.074,4.8942,-29.908
-43.069,-5.2857,-39.889
-45.657,1.9714,-32.615
-46.105,0.9555,-25.895
-43.981,-7.2318,-27.169
-44.972,-4.1834,-23.914
-42.05,-5.2678,-30.816
-49.373,-5.5383,-21.315
-41.287,0.79308,-18.876
-53.045,-6.1795,-24.111
-38.704,-15.534,-19.386
-52.464,22.12,-30.823
-34.296,53.189,-8.263
20.937,45.131,15.307
-49.06,-9.0595,-24.847
-43.954,-19.311,-17.355
-43.807,4.4768,-26.423
-47.05,1.4681,-19.271
-45.829,-6.1863,-28.262
-49.779,-4.6695,-38.291
-45.573,0.96546,-36.588
-48.116,-15.577,-31.417
-49.522,21.674,-32.749
-45.133,42.548,-23.226
-54.335,-8.0694,-16.519
-51.414,-4.3467,-24.375
-47.33,-5.8761,-27.414
-42.898,1.5628,-25.81
-47.727,-5.1612,-24.883
-40.337,25.059,-23.744
-24.902,41.354,4.5609
-55.254,-12.647,-40.804
-44.729,-6.1704,-33.557
-51.361,-13.68,-14.591
-46.137,-7.8784,-23.9
-43.8,-12.338,-30.312
-47.767,-3.6993,-29.293
-44.637,-0.073171,-36.153
-42.815,-5.7599,-29.701
-44.353,-9.7952,-27.866
-46.064,-14.95,-28.54
-49.625,-7.0509,-22.58
-49.81,-13.205,-35.636
-51.137,-12.315,-17.678
-49.293,-6.3067,-17.786
-48.785,0.81527,-20.575
-43.798,-36.692,-29.623
-13.169,20.647,-43.061
-52.796,25.383,-4.5717
-47.605,-19.901,-12.576
-46.973,-13.712,-13.475
-42.938,-17.959,-23.429
-52.073,-18.913,-16.885
-48.929,-18.382,-17.346
-56.901,20.193,-26.671
-52.444,33.574,-10.967
-54.196,-7.0366,-17.024
-49.375,24.488,-18.692
-41.791,30.786,-27.316
-50.252,-8.0465,-19.96
-48.508,-1.2809,-22.727
-51.911,-4.5137,-24.289
-44.546,2.959,-22.901
-49.402,1.1029,-22.894
-53.931,10.169,-23.545
-50.387,39.296,3.1692
-45.488,37.112,-4.436
-48.13,37.855,-20.005
-43.348,45.584,-16.439
-53.033,33.589,1.2716
-49.619,-4.928,-16.624
-48.554,-2.3951,-16.786
-46.411,-0.11708,-21.692
-49.268,1.6241,-22.391
-46.06,3.7812,-19.368
-45.96,9.7955,-36.197
-43.253,3.0277,-18.168
-49.615,3.0442,-29.036
-45.467,1.8313,-33.966
-48.227,-0.44665,-31.647
-44.061,-1.6573,-24.205
-41.385,3.1889,-39.362
-45.356,0.45427,-32.925
-44.234,1.0327,-31.908
-46.354,-3.2783,-26.536
-45.762,0.81377,-28.763
-41.786,-6.1302,-31.855
-46.85,-8.5938,-33.184
-39.65,-0.81927,-39.971
-41.814,-5.2365,-28.855
-42.422,-12.901,-29.095
-44.832,9.1446,-38.661
-43.682,16.194,-48.479
-47.005,8.1531,-20.248
-46.159,-5.4018,-27.475
-45.789,-2.4819,-34.502
-48.244,-2.1874,-27.853
-46.827,-7.1317,-27.003
-42.854,1.7567,-34.529
-43.025,-1.3687,-37.18
-47.111,-2.1236,-29.227
-44.646,-2.6852,-34.717
-46.347,-0.90508,-27.513
-43.488,0.74815,-42.575
-46.215,-3.1744,-36.058
-45.563,4.4716,-35.565
-45.682,3.6864,-34.788
-44.201,-5.4629,-33.942
-46.079,1.0678,-29.728
-46.018,-5.2822,-25.98
-41.746,-10.336,-29.267
-44.686,-0.84898,-37.365
-46.281,-1.7341,-35.771
-43.871,4.6429,-31.541
-45.621,0.27634,-35.069
-45.838,1.0205,-25.43
-46.105,-9.9006,-30.381
-47.375,-2.6025,-19.387
-50.422,3.2968,-20.917
-45.099,0.77424,-26.156
-52.161,-4.4954,-22.479
-49.087,-2.3383,-28.602
-42.595,-8.5078,-25.082
-45.972,-7.0078,-29.157
-43.427,-5.5313,-22.297
-49.239,-4.1689,-20.191
-48.654,1.0589,-26.904
-48.78,-11.984,-22.151
-50.417,-9.5892,-25.835
-44.091,7.4881,-30.415
-45.77,1.7777,-25.662
-43.056,-5.0638,-23.722
-43.751,-3.4956,-27.56
-45.391,-4.5803,-22.857
-44.506,-2.5458,-26.125
-47.073,-1.4938,-28.071
-47.899,-2.6472,-21.408
-45.691,-2.7056,-23.666
-43.442,-2.8622,-22.081
-41.091,-4.7074,-22.94
-41.051,-8.5451,-18.734
-45.22,-1.4761,-26.633
-47.201,0.10405,-24.096
-44.55,-2.2237,-25.841
-43.272,-1.0048,-22.777
-46.379,-13.883,-17.677
-45.919,-14.7,-17.411
-48.977,-5.3744,-18.196
-44.843,-10.456,-21.267
-42.715,-11.317,-20.872
-47.893,-5.8822,-26.004
-44.869,-2.1702,-27.469
-43.634,-5.4977,-29.273
-43.865,-8.9392,-25.521
-42.731,-7.8104,-21.472
-41.246,1.524,-28.359
-45.298,0.41418,-26.532
-45.682,-21.341,-16.769
-46.919,-5.2723,-18.147
-46.078,-7.3107,-22.916
-43.285,-8.5956,-26.769
-42.478,1.267,-24.048
-46.242,1.6843,-21.791
-47.935,6.4872,-33.697
-41.714,-10.185,-12.498
-54.038,-13.331,-33.392
-32.845,25.89,3.1077
-38.18,17.783,11.48
-56.407,-10.138,-28.438
-40.933,-3.8865,-16.113
-47.461,-6.834,-22.46
-49.117,-31.495,19.966
-46.501,-33.562,21.381
-42.35,-28.407,10.454
-48.648,-29.671,17.399
-52.918,-23.992,-6.4778
-50.139,-20.672,-18.247
-44.564,-15.554,-21.536
-42.59,-10.954,-17.295
-45.902,-1.6228,-15.637
-48.881,-14.658,-7.6514
-46.519,-20.548,-22.854
-46.998,-22.789,-24.894
-50.068,-20.169,-19.679
-44.919,-14.408,-24.732
-47.472,-20.324,-20.571
-49.859,-5.3264,-10.709
-40.558,24.359,29.198
-50.273,-6.2357,-5.7964
-44.336,-18.303,-20.333
-46.661,-14.637,-11.628
-52.758,-20.906,-26.762
-60.271,-28.974,-26.977
-46.684,-19.732,-25.239
-47.538,-10.569,-20.644
-55.533,-17.351,-14.799
-50.783,-8.9103,-37.839
-56.274,2.3723,-11.732
-53.644,-7.296,-10.434
-49.664,-10.35,-15.787
-47.554,-6.4669,-17.962
-45.703,-13.378,-17.991
-49.735,-1.3229,-14.861
-48.897,-3.2042,-22.89
-55.698,7.3793,-28.75
-45.991,48.341,-13.316
-21.312,57.596,21.487
-49.029,-7.3789,33.115
-56.89,-39.815,-9.0104
-46.814,-21.614,-13.929
-53.809,-28.539,-18.756
-40.491,-32.416,-9.2976
-52.155,-24.808,-16.388
-49.299,-17.984,-33.203
-48.074,-25.591,-17.971
-49.76,-18.882,-30.161
-49.074,-6.7183,-20.597
-52.565,-6.5711,-22.92
-48.185,-13.711,-17.323
-51.784,-12.754,-17.714
-49.343,-4.1538,-25.575
-48.314,-11.497,-28.054
-45.512,-15.202,-25.104
-46.352,-16.911,-11.598
-47.122,3.2958,-23.654
-56.715,13.716,-19.479
-51.242,34.267,9.041
-52.966,-10.849,14.443
-42.572,-25.74,-17.842
-41.54,-15.683,-24.302
-45.844,-19.744,-27.206
-44.842,-17.034,-19.304
-46.25,-9.2535,-16.567
-55.827,-19.644,-26.098
-45.662,-27.719,-15.327
-45.233,-25.305,-11.47
-47.835,-32.326,-17.831
-48.794,-7.8586,-17.083
-50.336,-34.872,-12.621
-47.866,-40.917,-18.803
-37.73,-9.1544,-26.147
-46.167,-22.16,-21.487
-50.014,-32.954,-30.12
-49.839,-30.407,-18.168
-46.378,-28.216,-17.36
-43.211,-19.834,-20.582
-43.916,-7.5638,-18.045
-44.29,-11.012,-18.276
-40.286,-32.178,-18.706
-43.681,7.7159,-18.275
-45.821,30.191,-19.926
-49.672,-13.908,-29.712
-43.398,-8.7719,-21.545
-48.22,-7.9545,-20.253
-45.678,-0.4777,-20.943
-44.934,-10.507,-20.932
-45.765,-6.5057,-25.832
-44.253,-13.465,-19.138
-47.736,-16.801,-17.114
-48.042,-17.862,-17.914
-51.05,-25.159,-21.992
-52.012,-1.7298,-16.003
-47.855,-11.159,-27.507
-45.009,-0.091886,-18.205
-30.737,-24.96,-24.685
-10.433,43.192,-30.82
-44.071,35.184,-10.424
-52.732,-34.013,-17.726
-47.142,-18.791,-26.681
-54.157,-1.372,-20.329
-47.069,-0.44077,-26.665
-50.61,-8.3429,-18.449
-46.71,2.5076,-26.815
-51.375,-16.114,-20.542
-45.952,-22.161,-10.512
-49.167,-15.631,-18.725
-49.743,-17.119,-15.361
-45.147,-7.5255,-13.639
-43.554,-4.9457,-20.428
-47.805,-10.612,-21.023
-52.494,-10.937,-19.073
-53.137,0.29949,-23.221
-47.979,-9.3065,-13.268
-50.567,-8.0489,-20.928
-45.92,-13.422,-13.753
-46.683,-9.1773,-18.998
-50.234,-7.6375,-21.176
-50.213,-7.1697,-16.208
-47.168,-4.8206,-19.24
-46.681,-2.9887,-19.451
-47.071,-1.2191,-24.763
-47.422,-13.519,-25.744
-43.766,-12.68,-27.582
-50.339,-9.0474,-25.74
-49.357,-3.2382,-19.194
-48.246,-5.9955,-26.036
-47.086,-10.92,-26.844
-49.481,-13.835,-11.508
-44.384,-10.431,-24.774
-45.508,-12.588,-18.837
-51.108,-10.064,-12.762
-51,-2.7931,-17.74
-49.091,-16.053,-20.026
-48.372,-10.945,-22.96
-46.293,-6.2364,-31.893
-45.354,-25.422,-19.445
-43.178,-23.558,-8.2578
-43.796,-11.255,-27.073
-42.621,-5.8886,-20.549
-49.205,-6.4234,-22.619
-42.165,2.6245,-33.225
-45.922,4.9168,-28.356
-42.084,7.3026,-33.1
-46.191,-0.57415,-22.869
-45.304,-0.57826,-26.404
-44.418,6.5471,-21.982
-42.758,-4.2412,-26.95
-45.328,-2.1054,-35.668
-48.825,-13.197,-23.123
-50.475,-2.1733,-23.094
-46.602,6.4203,-33.46
-46.451,-3.6309,-27.808
-48.989,-5.9073,-25.261
-48.91,1.1266,-26.019
-50.896,-16.838,-26.463
-48.091,-10.653,-30.156
-45.197,-10.181,-25.895
-44.966,-15.981,-27.455
-46.361,-17.342,-19.152
-46.565,-4.3994,-16.363
-48.486,-10.076,-17.487
-45.844,-4.8022,-28.915
-44.253,-7.2599,-28.806
-43.937,-2.4916,-22.678
-41.405,-2.1832,-33.253
-47.633,-3.9077,-22.288
-45.613,2.064,-21.067
-46.7,2.9303,-21.783
-46.122,2.1709,-26.474
-43.826,-10.866,-25.625
-45.93,2.104,-28.07
-43.363,-6.6633,-27.357
-49.41,-0.28113,-26.771
-49.413,3.8938,-23.815
-56.418,15.479,-12.388
-53.563,5.6347,-14.425
-40.023,-9.9239,-27.286
-45.219,2.3969,-21.111
-45.767,-13.515,-31.279
-47.818,-1.1236,-37.947
-40.737,-2.3492,-32.323
-47.277,-14.489,-21.797
-16.264,-27.61,-34.022
-17.854,-2.5952,-53.702
-33.633,44.354,-11.044
-46.456,-12.384,-21.152
-47,-15.132,-7.1896
-40.992,-12.387,-41.478
-43.014,-3.9041,-28.148
-50.45,-7.4402,-20.467
-47.947,-12.422,-25.433
-43.956,-3.4479,-22.796
-43.453,9.2222,-34.277
-42.643,-4.6815,-28.571
-43.327,-7.6492,-26.888
-52.58,5.4715,-26.16
-52.746,-1.8174,-22.239
-46.481,-25.725,-22.209
-44.757,-8.4102,-26.041
-48.02,-4.128,-24.193
-38.934,9.5348,-30.903
-44.341,-2.3378,-28.956
-46.089,2.5154,-25.201
-44.851,3.0786,-32.33
-48.147,4.5981,-22.156
-46.243,2.0702,-24.018
-38.842,-9.0251,-19.083
-43.836,-3.9365,-21.689
-41.671,0.89521,-24.524
-46.744,1.4686,-26.81
-44.043,3.8007,-27.241
-49.142,3.2787,-24.248
-45.409,7.1968,-26.792
-51.163,-2.3287,-31.776
-43.959,-10.304,-25.798
-45.013,-4.2153,-26.953
-46.704,5.0006,-30.275
-45.452,-8.3049,-34.082
-44.691,-3.7354,-32.835
-48.919,-10.951,-24.289
-42.197,2.6309,-26.947
-52.039,-3.2498,-30.261
-41.771,-4.5667,-20.073
-55.381,-4.9217,-24.974
-34.609,31.857,-3.3594
-26.32,25.207,-2.4163
-56.626,-16.997,-23.555
-40.439,-5.7903,-18.709
-50.765,-6.6005,-22.805
-42.032,-5.061,-26.685
-44.511,-6.6218,-26.431
-44.336,-7.7289,-26.981
-44.879,-6.8993,-21.47
-47.547,-3.3685,-22.239
-41.455,0.063231,-18.008
-44.01,-0.3513,-21.503
-42.458,-6.2365,-19.136
-44.381,-3.7882,-17.165
-45.157,2.8796,-25.04
-44.29,-3.7312,-20.872
-53.232,1.0126,-23.151
-45.983,-6.2325,-32.407
-44.825,-9.4984,-19.058
-51.944,-15.017,-14.32
-50.743,-13.396,-18.29
-42.936,-10.674,-28.497
-42.875,-12.091,-10.554
-32.411,-40.526,-30.111
-13.986,23.938,-37.514
-48.983,18.588,-15.284
-46.188,-25.829,-21.644
-46.415,-7.4632,-26.33
-47.406,-16.469,-27.173
-42.712,-6.5327,-22.998
-46.936,-10.149,-29.244
-44.8,-3.4504,-20.552
-47.844,1.6912,-25.514
-48.869,-5.0942,-23.692
-48.347,-8.8405,-30.866
-49.191,-15.053,-25.628
-43.249,-20.611,-20.412
-52.145,-34.347,-9.1271
-43.495,-21.331,-15.837
-45.776,-9.322,-26.688
-41.06,-12.36,-18.53
-44.755,-20.947,-21.42
-43.808,-20.577,-19.598
-43.535,-9.0044,-18.284
-45.014,-13.301,-20.373
-46.583,-0.94413,-18.025
-43.895,2.2332,-35.276
-45.662,0.079544,-29.824
-43.028,-0.87005,-23.784
-38.02,-3.3757,-35.717
-42.557,-6.8692,-25.014
-43.146,-6.4831,-34.726
-41.84,-2.4221,-23.628
-44.911,0.76813,-26.315
-40.476,0.1735,-31.875
-39.411,-7.3175,-36.339
-43.77,2.7454,-34.833
-40.194,-1.3876,-34.823
-39.401,-9.6958,-28.571
-41.902,-15.709,-31.6
-43.83,-8.9716,-21.836
-41.842,-0.21887,-25.012
-42.937,-4.6166,-22.434
-45.544,1.6206,-24.699
-44.301,-2.0267,-18.681
-43.444,-2.0181,-22.222
-41.481,4.5319,-32.248
-44.039,0.51602,-26.019
-46.678,-0.54635,-25.439
-48.705,4.3269,-27.989
-47.23,6.4402,-34.44
-45.063,4.0634,-28.957
-44.648,-2.976,-30.587
-45.807,-3.7815,-34.502
-51.904,-4.8686,-29.177
-40.809,0.72835,-27.094
-43.951,-0.069219,-24.7
-43.161,2.3599,-26.101
-40.617,5.7718,-30.528
-41.254,4.0653,-22.36
-44.767,-3.2479,-28.732
-44.438,1.6002,-29.386
-44.008,0.51885,-24.077
-44.25,1.9481,-26.46
-45.606,0.2706,-27.211
-41.67,-5.0757,-25.898
-46.79,-1.0023,-25.966
-46.71,4.7923,-25.495
-49.604,4.1485,-23.816
-38.812,-10.659,-25.201
-41.782,-13.411,-19.89
-44.924,-3.5511,-19.057
-40.052,-9.9358,-31.638
-42.378,-9.9661,-26.051
-41.796,-6.34,-26.269
-44.382,-2.872,-27.16
-42.093,-1.6771,-24.822
-43.194,-5.5077,-21.555
-38.55,-1.288,-28.737
-47.77,-5.909,-25.828
-41.307,-3.2673,-41.378
-49.052,-4.1954,-10.217
-22.599,-24.737,-49.035
-12.425,50.224,-31.87
-44.819,26.502,5.0168
-44.873,-18.548,-26.736
-45.27,-11.314,-22.433
-40.424,-4.8,-32.488
-42.775,-7.7043,-19.954
-44.622,0.43088,-23.917
-45.662,-2.9755,-27.644
-43.687,-2.5982,-29.424
-43.679,1.5199,-30.757
-45.975,-7.4416,-22.895
-45.739,-13.57,-32.294
-45.64,-1.7406,-22.398
-44.549,3.01,-22.657
-46.516,-4.4825,-21.225
-47.203,-2.0614,-25.722
-51.731,5.6211,-25.487
-52.036,4.0356,-28.174
-44.053,-3.8096,-25.836
-48.451,-0.83565,-27.603
-43.65,-14.84,-23.09
-49.023,-10.044,-28.75
-45.591,-6.3087,-24.856
-46.668,-1.9376,-30.266
-50.246,-2.6288,-26.805
-45.724,-3.9576,-22.639
-45.927,0.27715,-28.897
-44.91,3.066,-25.997
-47.794,-5.4386,-22.366
-45.629,-2.6205,-26.509
-45.251,1.1356,-27.517
-46.172,-4.8646,-27.385
-47.065,-10.725,-31.292
-42.472,-7.6724,-27.648
-45.967,-3.6728,-30.749
-46.855,-3.8382,-27.692
-44.22,0.9564,-21.521
-45.598,4.2195,-26.217
-45.344,-0.24524,-28.077
-44.494,-6.6023,-27.794
-41.503,-3.0257,-29.176
-40.906,0.030568,-26.876
-45.87,-3.6316,-26.494
-43.298,-1.4166,-26.496
-46.436,-9.2983,-27.997
-45.363,-1.8399,-27.09
-45.298,-5.588,-23.808
-44.567,-7.4407,-26.665
-44.59,-7.1671,-28.797
-51.171,-10.462,-25.222
-44.127,-5.3821,-28.938
-43.661,-2.2661,-19.59
-40.63,-11.213,-15.908
-42.583,-8.421,-27.787
-42.633,-3.4762,-25.742
-45.431,-2.5037,-28.162
-41.57,-0.67411,-24.6
-44.58,-4.8871,-21.385
-41.701,-5.1986,-30.601
-51.14,0.05887,-15.371
-36.583,-32.869,-27.652
-16.344,36.374,-31.223
-36.527,43.54,8.353
-55.132,-23.891,-27.564
-46.067,-12.754,-16.094
-48.174,-7.8338,-22.89
-42.935,-8.391,-25.448
-45.581,-4.0166,-22.408
-45.797,-3.7911,-28.18
-49.477,-9.8936,-17.43
-43.789,1.0291,-19.053
-46.817,-6.2874,-21.704
-43.376,13.4,-16.994
-2.586,50.836,31.065
-47.547,-0.15266,-1.4716
-46.901,-8.9155,-22.994
-46.974,-4.9658,-24.685
-45.794,-11.852,-25.879
-45.185,-6.4896,-16.208
-47.771,-8.6068,-21.32
-44.238,-14.551,-16.451
-48.926,-6.0449,-17.682
-50.042,-0.65672,-23.314
-46.334,-5.1131,-31.444
-42.277,-6.2615,-31.096
-48.23,-3.9251,-26.987
-43.908,-8.6866,-21.847
-48.638,2.2583,-16.565
-46.612,1.2717,-29.724
-51.501,-11.904,-15.705
-42.07,-4.2261,-23.022
-45.355,-1.8483,-22.59
-46.17,-1.2156,-25.034
-46.904,0.60947,-36.317
-48.061,1.6614,-22.114
-43.212,-1.09,-23.407
-46.303,-3.264,-19.641
-46.023,-4.173,-26.269
-44.009,-4.3915,-26.294
-43.033,-0.97141,-26.035
-40.974,-3.73,-26.111
-43.981,-1.2156,-24.794
-45.557,-3.7767,-24.463
-37.3,-9.2509,-32.831
-43.829,-11.474,-19.851
-40.987,-7.9406,-23.501
-43.518,-9.2785,-33.223
-42.151,-14.449,-29.086
-44.206,-10.885,-31.005
-49.335,2.9904,-25.953
-29.847,37.697,-2.848
-53.367,-6.2291,-3.2983
-46.817,0.83697,-24.835
-45.944,-5.64,-35.294
-42.528,-19.196,-10.687
-45.36,-15.209,-12.651
-42.75,-4.0021,-22.513
-42.271,-8.4685,-29.75
-43.979,-7.4154,-28.506
-40.838,-4.1313,-26.359
-42.488,-6.6003,-26.764
-45.71,-10.909,-26.275
-41.042,-13.705,-24.472
-45.346,-7.3928,-26.648
-46.988,-6.9446,-22.747
-48.766,-10.854,-26.748
-47.723,-4.4257,-24.893
-50.3,-3.3341,-24.475
-44.357,-4.7517,-21.496
-42.217,-8.015,-25.131
-41.597,-8.0584,-23.799
-43.254,-5.3484,-25.37
-42.836,-2.2726,-33.232
-41.276,-1.7083,-31.229
-43.977,-2.7543,-25.604
-44.836,-5.0116,-27.803
-42.517,-6.8974,-17.772
-42.255,1.9024,-25.725
-46.731,-8.6763,-28.626
-44.778,-6.1464,-32.305
-45.759,-0.063261,-33.399
-49.018,-6.6221,-18.318
-44.161,-13.236,-23.591
-42.072,-5.548,-26.375
-43.212,-4.6877,-26.847
-40.705,-5.6475,-23.283
-44.639,-1.2094,-27.395
-42.422,-0.68964,-25.982
-47.415,-1.6047,-21.709
-42.259,-0.61316,-23.763
-42.488,1.0841,-21.896
-43.616,-12.631,-23.456
-45.592,7.1495,-20.016
-52.201,-42.589,-14.686
-36.199,-90.771,-0.40138
-30.625,-31.757,22.826
19.299,26.973,64.551
-5.7795,-36.57,37.735
-32.68,-72.041,5.7736
-24.569,-76.304,3.8199
-39.422,-52.732,5.8889
-65.09,16.565,1.7897
-54.908,21.501,-15.204
-62.435,27.841,-1.3513
-56.249,15.896,-18.275
-64.922,24.207,10.451
-40.001,0.18346,-36.702
-33.08,4.3812,-60.157
-35.167,8.8756,-52.011
-21.663,4.4152,-63.051
-49.637,14.686,-35.626
-54.949,27.229,-18.376
-53.433,33.692,-15.798
-53.781,33.099,-16.051
-52.347,32.375,-17.554
-54.702,21.478,-26.75
-58.097,0.62883,-35.208
-49.918,-5.8983,-41.153
-48.842,-3.6088,-44.126
-53.143,7.1884,-33.863
-54.787,29.738,-15.461
-48.358,34.156,-25.566
-53.561,29.972,-19.353
-48.478,33.647,-26.728
-48.619,38.778,-15.941
-53.329,26.165,-24.524
-52.962,20.064,-31.379
-52.998,19.557,-31.285
-54.091,17.212,-30.347
-56.66,-0.1885,-33.534
-58.775,8.2858,-22.621
-52.622,12.904,-33.949
-51.349,9.4298,-38.125
-55.661,15.518,-29.448
-52.786,12.028,-36.338
-51.247,8.9367,-37.457
-48.473,2.7871,-43.181
-51.783,5.8119,-38.353
-54.806,8.2931,-32.98
-51.078,21.878,-33.288
-57.261,22.132,-19.149
-61.937,13.266,-24.498
-39.406,14.933,-47.743
-3.6912,9.6977,-65.869
0.19808,11.157,-61.448
-3.9844,11.536,-63.893
-37.165,10.599,-52.202
-43.644,-4.9015,-48.81
-34.806,-7.5179,-52.743
-34.954,1.0655,-52.705
-32.209,-5.1106,-53.939
-34.003,8.9619,-54.022
-45.626,3.2938,-47.546
-40.917,-12.195,-52.242
-44.758,-18.734,-47.523
-56.688,-19.754,-38.81
-54.365,-21.65,-43.238
-63.813,-14.951,-35.904
-53.406,-17.068,-41.957
-40.329,-24.513,-46.104
-52.029,-16.177,-36.1
-51.049,-14.786,-42.038
-50.16,-21.75,-43.342
-51.452,-19.5,-41.196
-48.348,-18.115,-42.567
-51.041,-16.47,-41.119
-49.436,-5.0582,-42.32
-48.025,17.892,-38.519
-51.349,19.554,-34.435
-46.58,28.644,-34.285
-43.249,27.09,-40.529
-47.864,24.425,-34.044
-45.917,31.379,-31.919
-48.151,30.879,-31.078
-35.145,30.965,-40.942
-18.283,25.602,-56.488
-26.549,18.545,-54.742
-34.568,9.6302,-53.886
-46.142,18.817,-38.965
-50.853,9.8937,-39.22
-52.457,9.0402,-36.899
-52.436,24.531,-27.488
-50.446,26.98,-29.162
-53.171,16.842,-32.405
-50.961,6.2456,-41.136
-55.026,2.385,-34.942
-60.48,2.4548,-27.456
-57.904,3.9037,-31.326
-53.51,5.0288,-36.054
-48.728,6.8675,-41.107
-48.72,-12.357,-43.778
-54.976,12.787,-31.586
-44.386,14.543,-41.732
-53.155,19.68,-32.141
-31.568,7.8449,-49.838
-30.679,8.3239,-52.346
-51.306,19.173,-37.389
-46.215,10.117,-39.361
-44.599,-5.7115,-47.503
-33.399,-18.78,-50.563
-34.271,-15.985,-51.281
-23.173,-20.885,-52.828
-28.088,-68.095,-2.0651
-24.568,-59.417,11.946
-24.726,-64.367,12.898
-22.453,-58.407,8.8463
-24.661,-67.129,20.82
-32.863,-39.206,-18.678
-49.343,-32.116,-39.31
-49.508,9.4223,-6.6221
-42.511,33.409,-9.0029
-67.203,21.823,-8.2713
-26.053,47.438,9.7844
-47.1,9.2395,15.181
-67.685,8.429,5.6338
-53.607,-21.114,31.584
-33.246,-64.227,11.963
-47.408,-36.001,-11.551
-60.377,-10.517,1.0693
-61.674,-16.864,8.6273
-61.942,-8.2643,3.9139
-59.25,-12.795,28.099
-44.553,-16.861,-38.31
-45.514,-48.786,-20.866
-38.235,-18.21,20.905
40.205,34.674,31.79
23.052,25.66,41.486
20.316,6.4712,14.612
-66.273,-14.993,-14.335
-49.994,-4.1274,-12.578
-60.577,-29.089,-25.705
-43.739,33.274,1.6187
-23.316,61.476,-17.01
-19.269,55.522,7.4865
-23.612,63.379,1.8864
-31.074,42.832,-28.782
-51.217,14.581,-47.778
-27.427,50.874,-7.1526
-34.63,56.918,-0.092984
-18.681,54.577,6.943
-2.6557,55.785,35.351
6.1104,55.042,23.947
-34.438,63.306,-4.0766
-1.7558,40.796,20.19
-11.104,-20.783,45.96
-42.719,-59.315,13.189
-26.523,-55.342,11.498
-34.499,-56.785,8.181
-14.531,-59.08,8.7393
-5.7485,-62.787,-16.402
-1.5687,-62.589,-8.0217
0.42214,-63.213,-9.1132
-0.88668,-63.569,-6.1231
-1.5075,-62.991,-9.3273
-2.8969,-56.939,-27.78
-2.5646,-58.878,-25.132
1.0423,-64.069,-1.5892
-9.8957,-61.387,-8.5665
-6.1505,-63.294,-4.1412
17.181,-62.473,7.5071
6.8369,-59.601,15.756
6.421,-61.528,14.484
10.192,-62.22,16.524
-16.781,-58.991,10.341
-30.633,-56.01,-7.1358
-27.984,-59.787,3.4624
-21.804,-56.737,4.2795
-54.566,-45.654,21.933
29.066,22.94,31.214
3.1482,15.866,-4.0435
-43.2,-27.287,-51.847
-17.762,-30.653,-42.795
-44.76,-30.921,-37.563
-39.292,-29.999,-31.97
-31.9,-31.654,-40.425
-17.473,-34.394,-54.895
-32.035,-38.719,-31.048
-53.282,-24.129,7.8431
-56.544,-19.093,-3.5445
-63.443,-2.0076,-16.614
-41.306,-34.166,-37.583
-55.845,-0.4836,-26.297
-13.785,60.32,17.173
-26.302,58.031,-0.49318
-1.1135,51.263,7.3215
37.759,26.395,27.793
-44.547,52.398,2.4162
14.782,42.829,25.88
-19.116,53.248,28.987
-31.143,55.407,-7.6051
-9.6554,50.584,24.541
-15.885,48.565,35.659
-16.28,31.675,24.961
-36.648,47.162,-5.079
-34.578,56.466,-3.9358
-18.823,45.847,-2.0923
-45.602,2.5619,14.33
-45.358,3.4589,18.73
-56.734,-12.328,-9.3658
-53.057,-3.4546,-1.3372
-60.658,-7.3366,-29.851
-49.608,10.263,21.087
-29.398,23.076,33.81
-65.687,16.15,-3.0654
-42.468,19.68,25.94
-47.498,15.315,-44.232
-33.647,33.529,-39.88
-54.908,33.686,-7.5075
-38.193,31.131,-19.34
-41.738,25.601,-23.822
-38.393,-35.635,50.342
-23.649,-19.311,49.124
-49.955,1.6936,40.762
-65.371,7.972,-13.533
-55.306,2.8675,10.551
-53.699,-5.9084,34.248
14.124,-16.24,57.873
-39.99,-19.905,45.827
-31.367,26.821,-3.083
-16.553,3.0558,2.3398
-52.481,8.6418,38.362
21.422,34.41,54.551
-4.9641,29.628,46.689
-18.603,18.75,59.989
4.3046,11.617,59.712
14.673,26.933,52.068
4.914,34.865,54.434
-5.931,19.472,58.632
-2.8776,11.866,61.077
31.821,15.149,51.001
4.4303,29.541,56.169
10.12,25.449,56.132
8.2016,32.685,52.844
17.326,37.03,49.432
20.125,27.931,51.461
5.5862,33.311,53.499
41.915,9.1543,43.227
44.405,0.48986,40.479
3.0689,31.586,51.721
-20.741,19.825,50.175
-40.255,18.424,51.446
-34.461,7.4144,51.307
-44.68,-6.4862,48.616
-40.874,-13.128,46.233
-33.754,-18.372,52.141
-40.631,-31.593,37.775
-45.804,-42.543,15.197
-45.323,-43.309,14.303
-43.351,-45.562,11.261
-41.018,-48.557,11.618
-38.309,-48.302,15.346
-40.703,-47.147,16.831
-46.319,-43.952,8.7889
-50.335,-38.967,7.248
-38.142,-47.508,19.711
-50.028,-39.49,-6.2055
-52.799,-35.25,6.4546
-52.71,-26.139,-22.369
-56.476,-16.838,-8.4106
-49.874,-23.314,-24.586
-54.166,-26.404,-20.596
-40.931,47.255,-4.7373
-21.426,58.488,-4.5232
-33.058,55.013,-22.369
-13.188,54.493,11.221
-24.151,62.817,-5.6145
-1.9013,44.153,2.395
8.3137,48.394,26.404
-43.687,49.758,-0.017155
-31.315,46.32,-4.5492
-29.547,53.887,-1.5258
-42.285,-18.34,41.201
-47.453,-46.969,7.0516
-45.145,-37.281,-12.146
-55.144,-50.329,-5.1698
-5.8531,-7.3902,39.957
48.157,31.61,33.396
45.367,27.691,39.954
-5.7081,-19.871,-14.532
37.586,-34.564,-43.665
49.359,-24.008,-31.151
32.307,-27.287,-49.939
23.365,-26.674,-51.251
19.99,-22.39,-57.183
24.762,-23.108,-53.301
26.876,-24.679,-53.108
25.992,-24.598,-52.159
29.975,-22.65,-51.807
26.484,-24.252,-52.363
31.092,-25.072,-49.478
32.115,-21.701,-50.663
33.26,-17.183,-51.201
34.313,-14.002,-52.724
27.431,-18.475,-54.035
17.16,-25.9,-55.468
20.504,-21.601,-55.746
23.961,-21.974,-55.818
16.439,-33.013,-51.028
22.415,-30.873,-50.087
15.606,-45.558,-41.629
-39.784,-25.762,-30.928
-50.681,-6.4978,2.559
-51.149,-24.666,37.807
-15.186,-56.503,5.458
-39.982,-57.594,3.6691
-40.254,-49.17,18.9
-28.293,-66.798,3.2482
-25.298,-62.978,11.898
-25.807,-61.073,11.821
-28.745,-60.431,10.381
-27.857,-63.637,0.90122
-21.418,-62.913,15.233
-41.204,-48.511,15.297
-41.467,-36.079,33.095
-45.409,-28.317,35.283
-49.225,-18.877,38.239
-45.63,-20.999,40.107
-45.733,-20.127,40.916
-39.956,-22.974,44.503
-39.569,-22.173,45.149
-39.509,-22.294,45.421
-40.557,-20.78,45.146
-41.908,-20.163,44.289
-42.434,-19.981,43.903
-41.714,-20.001,44.412
-42.416,-19.997,43.881
-41.278,-19.999,44.759
-43.19,-19.908,43.403
-35.017,-19.534,49.034
-7.6826,-22.398,59.096
-9.062,-22.466,57.987
-9.7095,-22.009,58.556
-9.8919,-22.153,58.198
-10.08,-21.657,58.712
-10.459,-21.227,58.535
-10.033,-22.407,58.252
-9.8882,-22.208,58.117
-10.152,-21.911,58.316
-9.5933,-24.184,57.67
-7.5631,-29.293,55.447
-8.1272,-28.842,55.482
-9.204,-26.222,56.872
-9.9614,-24.962,57.127
-10.425,-25.164,57.092
-10.169,-25.432,57.193
-10.425,-26.011,56.725
-7.0691,-24.774,57.665
-5.9803,-26.266,57.252
-6.5397,-31.49,54.404
-6.202,-33.349,53.392
-7.5347,-34.211,52.708
-8.4306,-32.63,53.607
-8.9306,-32.909,53.401
-7.447,-34.595,52.473
-9.6565,-34.05,52.581
-9.6353,-34.788,52.086
-9.3634,-34.715,52.321
-9.827,-34.537,52.163
-9.7157,-34.733,52.24
-10.146,-34.628,51.914
-9.7957,-34.457,52.551
-11.47,-34.115,51.436
-10.483,-33.958,53.414
-36.752,-32.541,36.605
-47.35,-33.149,29.983
-44.504,-33.006,32.263
-44.773,-33.479,32.121
-44.164,-33.326,32.928
-44.478,-33.26,32.742
-44.581,-33.134,32.425
-44.645,-33.201,32.605
-44.062,-33.102,33.108
-43.795,-33.492,32.985
-43.767,-33.146,33.066
-43.768,-33.399,33.17
-43.425,-33.674,33.199
-43.601,-33.21,33.37
-45.51,-30.904,33.494
-45.006,-32.068,33.023
-44.081,-32.686,33.106
-46.17,-29.75,33.718
-46.274,-29.492,33.349
-45.352,-30.218,34.707
-45.776,-29.337,33.548
-44.772,-31.311,35.495
-47.7,-24.241,33.921
-50.224,-25.651,32.953
-29.953,-55.092,14.417
-18.718,-64.669,8.5565
-31.141,-54.47,0.96778
-27.629,-69.721,3.0525
-38.633,-56.215,-11.998
-63.539,25.167,7.9468
-49.78,20.423,23.722
-61.305,30.366,2.8183
-61.11,-30.405,-13.882
-24.328,36.288,-43.129
-34.734,4.8811,-2.9555
-32.511,-64.827,0.82067
-17.454,-54.671,3.8675
-25.319,-61.793,23.359
-27.222,-48.761,22.001
-21.959,-58.788,21.528
-24.042,-53.685,20.693
-25.597,-55.358,21.507
-23.86,-54.733,21.184
-23.869,-55.444,21.641
-22.461,-56.087,20.944
-24.191,-54.563,22.166
-22.074,-60.247,17.454
-20.16,-62.193,-0.047179
-24.959,-58.428,0.26355
-22.072,-60.284,2.7966
-22.881,-59.655,1.9826
-21.961,-60.248,2.1035
-22.72,-59.61,1.6222
-21.973,-60.393,1.6701
-22.98,-59.416,1.0102
-21.17,-60.855,1.1114
-23.163,-58.729,0.56539
-20.979,-62.032,0.2232
-47.366,-41.295,-3.1329
-57.52,-19.027,21.981
-45.258,-34.581,30.908
-53.068,-28.012,23.427
-57.616,-24.838,5.3218
-60.454,-25.156,6.3186
-56.336,-26.723,11.777
-60.849,-25.174,9.7643
-46.126,-41.544,9.094
-23.674,-61.481,-2.4236
-17.374,-62.436,-4.476
-16.649,-61.841,-3.3379
-25.094,-58.776,-0.68312
-22.775,-59.847,-0.1151
-26.983,-58.203,-0.59274
-27.432,-57.78,-2.9674
-26.96,-57.984,-4.4221
-28.307,-56.939,-5.6816
-27.75,-57.414,-3.0085
-28.551,-57.581,-5.0674
-17.176,-59.13,-4.1337
-13.95,-63.617,-4.9261
-10.82,-62.882,-3.0968
-4.6978,-64.779,4.7054
-14.07,-60.817,8.6738
-15.418,-58.515,22.485
-14.578,-57.937,20.795
-13.051,-59.244,21.987
-12.986,-57.813,21.615
-14.271,-60.278,21.569
-30.516,-52.08,17.821
-32.224,-49,23.013
-10.631,-62.212,15.371
-15.907,-58.926,19.639
-5.4553,-60.097,6.2499
11.384,-63.995,-10.022
-5.3299,-61.71,-8.2459
-4.3462,-62.246,-15.232
1.2992,-62.143,-14.241
1.9406,-62.3,-14.412
3.2681,-61.818,-13.483
2.4997,-62.594,-14.602
3.9626,-61.024,-15.02
0.80286,-63.073,-15
4.7709,-62.348,-14.562
-20.27,-65.948,-16.062
-26.427,13.334,-43.176
-30.803,18.773,-26.841
-43.26,-55.445,-8.6357
-44.791,-33.784,-10.067
-57.447,-34.881,11.491
-58.509,-22.842,1.1709
-59.615,-27.166,3.6379
-60.53,-19.763,2.1677
-63.252,-14.934,0.76186
-62.802,-13.774,-0.18429
-63.297,-13.41,0.064766
-63.184,-13.282,-0.22464
-63.357,-12.889,-0.52988
-63.261,-12.971,-0.88268
-63.22,-13.313,-1.331
-62.735,-14.962,-0.29381
-62.822,-15.007,0.13351
-63.03,-14.156,-0.10209
-63.204,-12.845,-0.12137
-63.187,-13.173,-0.2599
-63.675,-11.54,0.32679
-63.143,-13.473,-0.41356
-62.649,-16.073,-0.48507
-63.103,-13.987,-0.47344
-63.095,-13.71,-0.98552
-63.199,-13.002,-0.94951
-63.193,-12.878,-1.3105
-63.089,-13.266,-1.4563
-63.394,-12.321,-1.4597
-62.522,-15.743,-0.73614
-61.075,-20.882,0.90419
-60.196,-23.461,1.0474
-59.474,-25.114,1.8331
-59.782,-24.95,1.7639
-59.929,-24.22,1.5158
-59.794,-24.133,0.95174
-60.057,-23.643,1.1181
-60.828,-21.786,1.356
-60.386,-22.82,1.1639
-60.491,-22.298,1.3219
-60.397,-22.839,1.1389
-60.553,-22.097,1.1042
-60.228,-22.838,0.82727
-59.982,-23.403,1.2332
-60.147,-23.36,1.2638
-59.718,-24.331,2.1032
-59.933,-23.905,1.4917
-60.465,-22.666,1.1223
-60.504,-22.499,1.3954
-60.46,-22.372,1.0926
-60.685,-22.727,1.0251
-60.021,-22.55,1.0271
-61,-22.311,1.0868
-59.61,-22.729,1.0108
-61.248,-23.364,0.49753
-42.324,-47.015,-11.749
-53.87,-36.255,2.4952
-42.905,-4.851,-47.568
-26.025,55.786,-9.8349
-37.364,51.891,-0.5106
-37.425,55.799,7.6579
-48.351,-1.9644,-21.02
-46.267,-45.753,20.736
-41.825,-30.754,30.022
-42.767,-44.576,37.464
-41.268,-3.9088,-25.631
-20.488,61.329,-16.036
-31.65,49.405,-13.184
-61.073,-4.6186,-24.1
-63.956,-14.299,-1.9573
-32.023,-51.187,10.85
-20.568,-58.99,19.741
-29.304,-55.357,14.061
-23.965,-56.652,15.821
-28.353,-56.31,16.771
-22.486,-55.162,14.378
-34.275,-58.144,19.496
-39.576,-9.6743,-15.564
-39.3,52.485,-29.499
-28.702,42.02,17.651
-5.8513,37.299,42.646
-62.939,8.8615,-5.3696
-53.477,-23.206,28.337
-56.022,-14.874,33.053
-31.494,-52.137,10.594
4.9748,-66.494,-4.6887
-2.4029,-62.467,-2.417
-0.57653,-64.381,-5.286
-1.3513,-63.174,-4.8255
-0.17162,-63.859,-5.8003
-0.082642,-63.215,-6.6731
3.8732,-62.775,-11.557
4.3548,-62.672,-10.542
3.9311,-62.921,-10.66
4.718,-62.682,-10.319
4.6065,-62.804,-10.589
4.255,-62.802,-10.8
4.707,-62.802,-10.689
4.6512,-62.848,-10.863
4.7243,-62.704,-11.005
4.7915,-62.552,-10.998
4.8565,-62.672,-11.008
4.5761,-62.502,-11.087
4.9008,-62.444,-11.058
4.8181,-62.571,-11.271
4.6464,-62.541,-11.236
4.7319,-62.615,-10.953
4.9113,-62.6,-11.2
4.937,-62.507,-11.117
5.1351,-62.382,-11.184
4.7663,-62.461,-11.484
5.6022,-61.885,-14.879
2.9424,-62.397,-12.063
0.50569,-62.329,-12.625
0.83342,-62.105,-14.186
0.91336,-62.806,-10.82
0.00043554,-62.623,-11.916
4.6587,-62.986,-7.8039
-10.254,-64.107,0.35932
-22.424,-61.23,7.8181
-3.4611,-57.282,26.514
-13.713,-59.876,15.356
-23.327,-60.375,8.0087
-21.194,-59.85,11.056
-21.649,-59.312,10.705
-22.003,-59.029,12.613
-28.754,-56.981,8.6136
-19.628,-60.761,12.501
-33.376,-54.237,15.364
-54.231,-36.613,0.31598
-59.746,-8.4943,13.821
-63.604,-11.866,14.298
-60.578,-17.329,14.527
-64.542,-17.677,11.857
-52.023,6.4625,36.6
-8.4703,44.13,45.619
-15.517,39.105,43.66
-59.057,-7.3608,20.969
-60.277,-4.3673,27.581
-34.386,-57.121,8.3867
-50.415,-47.748,0.72335
-57.78,-43.301,6.8999
-57.973,-34.342,2.7253
-49.488,-11.931,41.019
-27.282,31.915,49.08
-48.544,-1.2614,10.687
-56.188,-32.759,-31.066
-54.134,-16.107,-18.648
-46.233,-12.857,-41.144
-44.055,-16.483,-37.988
-51.476,-22.69,-32.198
-53.396,-21.453,-26.043
-54.134,-21.277,-28.359
-59.347,-6.5393,-25.037
-65.102,8.369,-8.4559
-61.026,5.0223,-10.49
-67.304,1.7159,7.8305
4.7389,-30.202,46.894
3.4377,-26.673,53.449
-11.16,-70.032,4.0261
-15.777,-57.089,14.456
-27.621,-60.232,4.4439
-20.342,-62.25,3.617
-19.84,-55.505,16.408
19.871,-58.605,-34.803
-4.0156,-61.723,-9.4188
-16.838,-61.07,6.7204
-15.935,-58.208,5.8301
-10.37,-62.4,16.695
-2.459,-62.715,5.1104
-19.353,-56.582,31.959
-44.41,5.5683,23.966
3.9721,61.379,13.316
-15.769,53.236,35.592
-21.31,51.466,30.384
-6.594,30.711,55.335
1.8304,33.454,53.679
32.916,29.049,43.803
54.499,13.938,30.191
50.08,19.564,32.148
50.944,18.058,32.445
51.366,18.392,31.07
54.254,16.409,26.808
55.378,15.728,25.492
51.727,17.946,31.064
53.02,17.953,28.918
56.679,19.241,19.17
57.882,22.52,13.457
57.873,22.452,12.932
56.933,23.515,15.43
56.917,23.682,16.185
56.924,23.768,14.74
56.789,23.748,15.532
57.356,23.722,13.117
56.341,24.034,16.74
58.266,23.656,10.345
52.73,26.803,22.663
38.532,37.975,18.972
-35.653,33.588,8.3514
3.598,42.305,39.732
6.5622,44.046,38.71
11.32,33.74,45.628
45.301,39.374,28.852
0.48919,44.836,36.333
-0.1903,55.975,32.367
36.898,20.487,36.7
43.108,-29.776,31.388
51.899,-39.401,0.096851
37.333,-29.395,1.4037
12.654,27.621,56.989
38.539,36.215,30.776
46.815,25.22,37.494
7.642,44.876,35.567
7.6053,34.951,38.437
16.445,-62.698,39.3
28.862,31.697,25.945
46.55,50.74,8.6874
44.733,37.036,-0.31297
40.882,3.8712,-50.26
36.963,9.3715,-51.278
39.462,9.9506,-49.634
38.193,9.409,-50.515
40.017,10.626,-48.064
37.972,8.5783,-51.931
45.718,9.6524,-42.971
49.197,-22.239,-3.7262
46.8,-37.406,-7.06
48.773,-32.185,2.8264
50.537,-32.213,-1.8754
49.429,-29.464,-0.39058
48.22,-32.437,-10.468
53.295,-28.755,-1.6647
49.19,-31.942,-10.102
48.985,-33.711,-3.1462
48.562,-34.818,-3.6536
52.54,-28.344,3.3749
49.17,-34.072,2.2679
52.051,-28.556,-1.2876
47.765,-38.666,-4.9371
45.246,-39.925,-7.0035
45.658,-40.592,-6.0816
48.085,-31.669,-0.68069
53.176,-29.955,-1.407
53.569,-26.816,-1.2488
49.617,-34.086,-5.8495
38.001,-51.078,-18.112
43.273,-40.083,-13.073
52.651,-30.346,1.811
47.416,-36.929,0.42399
50.419,-33.056,-1.4093
49.694,-36.16,-2.6432
48.729,-37.304,-2.8606
49.283,-36.893,-5.4698
48.688,-36.237,-11.214
50.481,-33.16,-9.0593
48.097,-36.796,-10.455
47.349,-37.717,-13.221
45.125,-40.181,-15.344
48.217,-37.116,-7.5363
50.275,-35.144,-6.4858
50.483,-35.124,-10.951
47.552,-37.357,-12.306
49.689,-34.522,-8.2937
50.513,-35.945,-5.7754
50.49,-34.562,-6.6387
52.696,-32.043,-3.9302
44.325,-44.744,-11.021
42.544,-44.992,-14.721
45.574,-41.684,-13.092
40.824,-46.909,-14.515
44.414,-42.824,-15.178
46.669,-40.747,-12.3
42.903,-44.901,-15.949
47.116,-40.252,-12.504
46.336,-39.027,-19.064
45.981,-39.674,-18.918
48.612,-38.434,-12.982
46.892,-41.882,-8.398
47.677,-41.73,-5.5547
50.725,-37.235,-6.292
49.307,-39.757,-3.9861
48.552,-40.628,-4.1258
51.7,-36.237,-2.6441
47.593,-42.23,-2.2035
50.014,-38.625,-2.2984
52.64,-34.903,-1.3982
47.902,-42.041,-3.1275
50.693,-37.508,-2.6869
50.048,-38.624,-2.4617
47.137,-42.809,-3.1674
51.796,-36.146,-1.8503
50.032,-38.662,-1.954
46.411,-43.653,-4.1042
50.723,-37.681,-3.5384
47.952,-40.919,-2.5983
44.786,-45.196,-5.128
49.717,-38.714,-4.7077
45.717,-43.896,-4.1498
46.082,-43.353,-4.6465
51.528,-36.62,-2.5968
47.104,-42.631,-1.3553
49.204,-39.852,-2.2265
50.192,-38.135,-2.0385
45.685,-44.488,-2.9553
50.456,-37.97,-2.037
48.431,-40.643,-2.4353
44.739,-45.383,-4.1337
50.496,-37.545,-1.5475
45.395,-44.249,-4.5363
46.685,-38.469,-5.7835
34.131,-51.205,-13.764
43.149,-41.778,-7.4655
41.878,-45.053,-8.0974
45.366,-40.584,-3.8002
45.644,-41.365,-2.9432
46.952,-38.915,-3.9579
44.553,-41.326,-9.502
45.753,-41.381,-5.4758
41.112,-45.614,-10.279
44.63,-39.986,-7.6418
47.021,-38.382,-6.7776
48.152,-36.075,-6.6347
48.399,-36.315,-7.4947
47.893,-36.432,-6.9332
45.832,-39.34,-5.6215
47.441,-39.48,-5.2568
50.254,-35.217,0.21824
48.885,-37.884,3.0643
48.439,-37.725,-3.0674
52.389,-32.766,0.24059
48.895,-39.36,-5.7857
44.494,-41.948,-10.107
48.507,-37.873,-5.6665
49.064,-37.858,-2.4112
49.54,-36.128,-6.5933
46.911,-39.164,-4.3277
49.235,-41.091,-10.467
14.627,9.5803,39.543
-46.682,15.786,49.63
29.151,-23.079,-6.7892
52.328,-40.702,-4.234
42.156,-41.69,-11.661
48.027,-40.165,-3.0888
46.897,-39.474,-2.888
51.424,-36.176,0.66429
47.282,-40.216,0.40453
48.276,-38.909,-2.7631
47.871,-40.301,-6.3649
44.513,-44.588,-4.0785
37.042,-51.929,-5.2809
40.371,-48.214,-6.6237
40.41,-46.943,-11.616
39.884,-38.84,-31.775
52.459,-27.808,-21.907
51.556,-32.919,-16.619
47.313,-39.222,-17.109
49.221,-36.998,-15.249
50.59,-36.801,-10.802
48.206,-40.907,-6.8762
50.446,-37.5,-8.5551
51.196,-36.208,-7.2644
46.958,-42.29,-8.8954
47.753,-41.028,-8.5755
50.72,-37.105,-5.7899
47.667,-41.363,-6.2971
46.267,-43.05,-7.6222
49.946,-38.243,-6.1413
45.409,-43.766,-7.4536
43.999,-45.332,-8.0314
49.31,-39.481,-5.0982
48.099,-40.803,-5.785
45.882,-43.725,-8.3137
49.727,-38.686,-5.9738
47.917,-41.132,-4.9358
44.335,-45.547,-7.3482
49.719,-38.619,-4.6919
48.321,-40.621,-4.4182
43.837,-45.987,-4.5398
48.661,-40.211,-5.0778
48.886,-39.852,-3.5307
45.267,-44.604,-4.7913
48.718,-39.919,-4.5861
46.897,-41.927,-5.139
41.861,-47.628,-8.8279
48.148,-40.385,-6.8588
49.431,-39.491,-5.8366
51.037,-37.505,-5.7117
51.661,-36.622,-2.458
50.986,-37.615,-3.9888
50.921,-37.578,-3.5529
50.67,-37.821,-1.9996
50.721,-37.861,-3.5443
49.169,-39.602,-4.4709
47.978,-41.238,-7.4191
47.857,-41.253,-7.0123
49.009,-39.366,-6.6493
47.894,-40.794,-9.2638
49.537,-38.665,-5.4033
43.813,-45.183,-8.6417
45.291,-43.184,-8.4782
43.448,-45.564,-9.0686
45.526,-42.995,-9.4138
43.41,-45.718,-9.468
45.799,-41.853,-10.762
45.096,-41.689,-17.259
48.448,-40.026,-3.0564
45.356,-44.528,-4.7834
48.362,-40.251,-2.5807
45.125,-44.899,-4.8328
48.095,-40.8,-2.7998
43.792,-46.289,-4.5523
47.274,-41.725,-3.5269
44.705,-45.23,-3.0783
46.98,-42.023,-3.5278
46.565,-42.596,-2.7167
44.078,-45.875,-5.1304
45.791,-43.162,-3.5204
41.56,-48.122,-6.2478
45.787,-43.221,-4.5599
41.621,-48.059,-6.9416
48.424,-39.942,-5.5919
44.395,-45.833,-2.3106
47.115,-41.686,-0.35539
44.983,-45.115,-0.64299
45.367,-43.518,-0.85627
40.151,-47.763,-0.87178
39.977,-47.108,-1.0101
40.42,-45.149,1.692
39.842,-48.369,-5.5029
38.968,-48.571,-7.4306
40.433,-47.591,-2.1371
42.842,-45.294,-1.7652
44.199,-43.766,0.56425
42.932,-44.442,0.95044
40.811,-46.897,2.0405
39.973,-46.766,0.81751
39.94,-47.233,-1.9911
42.014,-44.641,-2.5192
40.319,-46.515,0.5415
40.788,-45.616,1.732
43.647,-43.808,9.9562
46.479,-39.068,-4.4177
50.551,-35.256,-15.331
48.144,-41.186,-6.405
48.245,-40.334,-9.2379
48.896,-40.052,-4.8724
47.236,-41.902,-6.912
43.545,-45.531,-9.5562
42.305,-46.178,-9.7205
42.841,-46.011,-10.618
46.539,-42.329,-8.9014
46.728,-42.447,-5.9093
43.018,-46.145,-7.7261
40.11,-48.373,-10.077
42.44,-46.142,-10.986
45.422,-43.401,-9.0325
42.415,-46.057,-9.9485
39.268,-48.679,-12.106
40.896,-47.209,-11.743
43.404,-45.313,-8.1874
40.846,-47.798,-9.4805
37.626,-50.079,-10.854
40.871,-47.429,-10.492
44.486,-44.616,-6.9532
40.847,-47.878,-8.2564
36.542,-50.951,-11.303
38.712,-49.014,-11.568
40.171,-47.942,-9.7415
36.151,-50.834,-11.721
32.922,-52.819,-12.647
33.583,-51.73,-14.778
35.239,-51.562,-10.791
35.931,-50.013,-15.332
42.589,-42.844,-20.702
42.524,-43.7,-18.155
43.243,-43.167,-16.954
39.807,-46.665,-16.353
37.27,-48.433,-18.466
40.235,-45.096,-19.272
39.873,-45.357,-19.402
34.942,-49.633,-19.124
35.369,-49.062,-19.93
38.115,-47.078,-19.281
39.827,-46.706,-15.476
35.779,-49.63,-17.503
36.324,-48.725,-18.242
40.175,-47.009,-14.008
38.258,-48.849,-12.048
33.527,-52.165,-14.463
36.952,-49.555,-14.12
46.683,-41.861,-8.067
45.585,-43.479,-8.8941
45.827,-43.016,-9.0178
45.032,-44.326,-9.5195
45.659,-43.149,-8.3947
48.154,-41.047,-4.4694
47.398,-41.655,-6.4547
46.129,-43.608,-6.4931
47.254,-40.925,-7.5004
45.641,-46.041,-5.9108
49.173,-30.424,-12.463
8.7854,48.108,30.722
26.547,49.972,27.713
22.517,35.754,44.79
14.402,32.344,51.081
21.425,31.953,51.856
-11.284,42.38,43.853
-20.076,9.0613,42.05
34.269,-21.673,56.607
18.46,-11.571,55.719
-2.3948,20.115,57.543
47.284,-1.6967,17.548
52.365,-47.016,18.343
32.995,1.9565,31.339
29.741,31.737,52.442
23.816,28.748,36.324
-41.006,52.109,-11.428
-32.506,50.469,14.047
9.4469,56.237,29.07
26.006,53.826,20.813
8.2346,53.954,32.494
9.2573,55.034,30.294
11.665,53.466,32.686
12.594,42.782,44.939
13.018,34.326,51.678
19.765,37.337,46.892
18.087,38.33,47.716
20.741,38.202,45.132
14.525,39.757,49.689
19.021,53.196,23.964
23.815,56.691,19.361
22.339,53.606,27.897
26.903,54.767,20.321
24.492,55.574,18.693
28.863,53.754,19.293
20.887,56.322,21.236
9.6517,57.912,25.165
-12.279,54.943,29.937
-24.835,56.537,19.91
-16.74,54.77,30.806
2.5917,56.115,29.632
-11.553,56.333,25.869
-14.797,54.984,29.499
-2.8954,51.301,31.839
7.363,47.796,42.809
38.001,42.709,26.57
13.363,40.785,41.928
-19.28,41.345,48.28
-20.572,45.088,39.626
-16.239,45.111,40.764
18.744,47.587,38.722
5.9617,50.086,37.811
17.592,48.581,36.874
20.035,46.586,36.777
12.866,47.745,39.086
18.361,46.117,39.178
17.164,48.142,37.708
8.6679,56.944,27.558
36.636,49.408,23.732
-12.397,57.786,9.1106
-62.032,-4.3747,-4.5868
-28.998,-60.707,16.892
-32.391,-52.651,18.113
-40.065,-35.018,34.176
-54.797,-32.433,0.52746
-57.924,-28.418,15.03
-23.484,-15.292,53.558
-8.8608,-13.911,61.666
-12.47,-10.508,60.93
-9.316,-11.182,61.73
-5.2077,-11.273,61.811
-1.4812,-11.434,62.092
-28.093,-13.343,56.375
-6.5522,-11.995,59.688
3.8319,-11.203,62.407
0.094274,-11.052,61.589
0.69117,-10.593,62.306
-1.5149,-11.045,61.878
1.3044,-11.331,62.23
-7.9632,-10.469,61.403
-18.285,-9.8876,60.025
-13.666,-9.2478,61.157
-6.6887,-10.685,61.778
-13.858,-11.179,60.975
-9.8005,-11.176,60.838
-9.2371,-10.822,61.212
-13.497,-8.8108,60.725
-22.085,1.4926,59.66
-12.564,-8.0718,61.278
-2.247,-11.289,62.313
-6.8993,-9.8779,61.553
-4.8565,-10.311,62.938
-15.637,-8.1446,58.165
-40.79,-22.654,43.601
-51.742,-25.926,27.609
-44.328,-23.063,38.822
-56.035,-27.811,-3.6873
-51.044,-21.549,32.712
-27.966,-25.549,43.68
-20.755,-63.775,7.6278
-19.513,-52.867,26.906
-22.978,-53.362,26.067
-16.924,-60.451,10.903
-24.685,-58.674,8.5996
-21.743,-59.22,8.8056
-23.264,-58.391,11.076
-23.62,-58.38,10.827
-22.256,-58.782,12.152
-24.062,-58.441,10.652
-23.012,-58.917,9.804
-24.687,-58.599,9.3131
-23.861,-58.755,8.7443
-25.964,-57.543,11.848
-19.959,-59.942,8.962
-21.802,-56.142,21.286
-13.477,-31.466,53.245
-4.9531,-8.4448,61.267
-20.859,0.92048,60.748
-17.602,1.5062,60.882
-20.492,1.7057,60.416
-19.575,1.8582,60.173
-19.971,2.1614,60.492
-18.778,2.304,60.857
-19.134,2.0615,60.741
-18.911,2.0276,60.828
-18.273,1.842,60.903
-19.103,1.4212,60.813
-18.265,1.9893,60.885
-17.893,1.8239,60.958
-19.08,1.9647,60.784
-20.399,2.039,60.16
-20.792,2.9925,60.133
-21.095,2.1895,59.883
-20.247,3.6807,60.309
-22.172,0.0398,59.272
-31.986,0.015395,55.794
-29.293,-1.205,56.128
-43.843,6.1581,48.682
-40.514,-28.999,34.943
-25.257,-57.042,25.125
-19.907,-58.665,10.973
-21.066,-60.999,6.835
-21.214,-58.915,11.169
-20.856,-60.048,10.001
-20.659,-59.312,12.001
-20.728,-59.978,8.9144
-14.213,-62.01,7.8311
-13.954,-58.116,22.156
-14.793,-57.03,24.222
-11.137,-59.642,20.134
-10.039,-57.687,24.711
-8.224,-57.232,26.322
-8.2875,-56.779,27.527
-6.9415,-54.932,31.088
-7.7159,-55.7,29.665
-7.7787,-55.027,31.065
-7.1935,-55.23,30.744
-7.1934,-54.708,31.433
-7.7388,-54.404,32.573
-4.2615,-56.543,29.642
-0.14601,-56.758,28.723
-2.109,-57.338,27.261
-1.2941,-57.586,26.769
-0.16656,-57.738,26.889
-0.95595,-57.648,26.586
-0.58717,-57.298,27.522
-1.6314,-59.394,22.913
-2.1436,-59.606,22.046
-2.485,-58.73,24.578
-2.216,-59.066,23.931
-1.6122,-58.584,25.092
-1.7723,-58.686,24.642
-2.7207,-59.011,24.138
-0.2959,-56.325,29.658
-2.3207,-56.976,27.438
-8.7176,-61.104,16.256
-14.128,-58.845,19.583
-15.907,-57.157,23.199
-13.405,-60.508,16.272
-11.081,-62.372,8.4707
-7.6702,-62.172,12.194
-6.0605,-60.194,19.566
-7.0645,-63.849,12.323
-11.79,-64.592,-5.4308
-15.09,-58.083,13.609
-52.098,-35.981,1.5239
-53.183,-33.544,-11.043
-45.139,-47.29,2.7374
-56.166,-27.447,-7.9707
-59.212,-23.752,-19.789
-54.427,-26.525,-12.796
-68.159,-10.179,-24.907
-36.565,17.092,33.716
-31.247,46.624,22.087
-18.89,1.878,42.648
-41.23,-48.761,2.9066
-54.698,-33.321,-18.975
-38.683,-51.653,-3.2598
-41.987,-51.137,-7.3237
-38.594,-47.425,-4.1062
-16.918,-58.204,6.5884
-3.9099,-65.922,28.352
-5.2881,-73.522,27.914
-21.232,-62.637,28.534
-10.492,-59.769,28.837
-20.998,-56.391,38.491
-16.183,-53.188,34.066
0.08641,-60.431,29.803
-10.193,-60.659,35.284
-17.865,-61.269,28.897
-32.407,-40.282,41.114
-21.721,-50.372,37.858
-22.717,-61.146,32.848
-22.343,-52.147,36.619
-16.229,-46.275,44.27
-33.43,-40.676,40.392
-25.751,-35.409,43.421
-27.328,-52.773,31.429
4.5171,-65.119,-0.58895
-16.956,-60.293,9.7072
-54.999,-36.197,8.0526
-60.736,-19.891,18.212
-53.467,-19.495,11.775
-45.37,-29.871,29.882
-55.068,-41.117,16.833
-26.867,-28.565,45.99
22.925,-54.15,27.489
35.391,-39.463,32.874
-26.031,-36.761,45.647
-44.592,-46.621,22.538
-34.746,-50.679,28.974
-44.227,-9.7626,38.889
-11.895,46.819,35.356
-58.723,-8.1555,20.752
-56.015,-11.507,23.72
-56.361,-7.5839,37.803
-41.71,-17.224,-4.2016
-33.532,-31.716,-46.592
-41.33,-26.905,-29.527
-36.633,-28.317,-41.685
-43.945,-24.406,-29.732
-49.491,-20.011,-25.511
-42.668,-30.64,-30.66
-39.034,-29.868,-36.059
-37.576,-28.296,-38.919
-45.072,-30.284,-22.998
-42.669,-28.761,-35.576
-42.333,-30.451,-3.6162
-58.536,-10.797,1.688
-55.875,-2.7639,6.6923
-49.507,37.192,-1.3448
-20.087,58.883,18.335
-40.825,51.319,-7.6904
-27.283,48.207,-5.6344
-14.934,42.093,8.8157
-21.693,50.565,-6.9482
-60.166,10.199,20.759
-34.918,-54.04,15.779
-32.234,-48.269,27.859
-51.851,-21.393,29.513
-38.958,-15.275,-28.334
-49.862,-21.601,36.989
-9.0313,-47.622,27.251
-24.051,-68.114,-1.207
-34.722,-63.087,13.644
-15.487,-68.325,12.373
-26.325,-61.141,19.54
-23.797,-59.962,8.0029
-22.32,-58.395,6.3865
-12.673,-54.736,-35.006
-13.814,-39.089,-46.659
-6.9382,-39.402,-49.989
-4.7974,-37.128,-51.792
-9.9418,-35.376,-53.32
-20.166,-27.901,-47.804
-15.279,-38.099,-52.497
-42.413,-43.381,-11.717
-38.455,-49.531,8.7909
-37.351,-51.632,14.351
-47.597,-20.966,24.527
-60.56,-1.7914,35.377
-47.709,3.3688,-17.572
-46.641,2.2237,-46.326
-23.876,51.509,-26.142
-32.304,-5.1753,-50.278
-46.658,5.7025,-32.867
-57.052,-6.1272,-31.197
-61.998,-4.3128,-8.8546
-50.61,-10.097,-27.746
-44.338,-22.598,-47.053
-55.738,-33.605,7.1178
-52.624,13.955,-10.188
-22.896,60.699,-26.198
3.6276,45.143,29.317
-3.6581,-17.63,46.197
-64.616,-9.6032,4.0132
-59.819,-16.541,-20.459
-59.451,-2.4571,-22.432
-63.275,-3.7308,0.98592
-55.383,-25.286,24.006
-54.277,-19.771,-9.132
-63.553,-5.1064,-7.8502
-43.22,-45.662,6.1888
-27.921,-57.099,1.065
-21.895,-59.215,7.6443
-16.509,-59.537,17.655
-19.526,-58.197,16.478
-16.277,-60.15,17.365
-16.494,-59.478,16.951
-15.736,-59.335,16.795
-16.147,-59.92,14.831
-15.645,-59.699,17.831
-15.698,-59.925,18.16
-13.574,-59.918,19.354
-15.523,-58.918,20.107
-16.836,-58.439,19.304
-17.62,-58.836,18.8
-11.969,-60.376,16.558
-13.504,-60.519,16.433
-25.768,-57.893,7.775
-28.698,-57.892,6.317
-25.065,-57.888,14.4
-26.984,-57.596,9.0766
-17.928,-62.311,13.715
-37.702,-47.06,9.4604
-64.675,-10.155,-5.9407
-61.195,-19.554,-11.571
-54.181,-31.455,2.0809
-44.123,-45.857,12.632
-63.671,-2.7872,21.306
-60.085,-13.436,-6.9021
-58.933,-23.358,-18.649
-57.222,-21.771,-15.814
-58.279,-22.922,-16.797
-57.663,-21.837,-16.293
-58.053,-22.585,-16.125
-57.935,-21.358,-16.316
-58.417,-22.111,-15.925
-57.933,-20.216,-17.183
-59.409,-24.915,-13.233
-60.736,-11.859,-11.247
-64.622,-2.519,-10.532
-63.972,-10.412,-2.6341
-64.669,-7.479,-5.5502
-63.887,-2.6507,-9.8506
-62.478,-2.5033,-14.93
-63.301,-6.9511,-10.878
-64.475,-7.0816,-7.2291
-64.635,-3.2031,-12.169
-63.873,-6.7275,-12.344
-64.434,-5.453,-7.5054
-64.575,-9.407,-9.7877
-63.68,-3.9813,-7.3366
-64.915,-0.14119,11.722
-58.975,0.45634,-16.855
-52.362,27.133,-24.774
-63.356,7.2463,-20.5
-62.806,-5.5673,-17.925
-57.31,-7.4943,-20.948
-54.266,8.6349,-30.25
-62.002,-23.522,-7.2318
-37.802,-50.687,1.4102
-26.113,-66.361,15.794
-24.381,-61.884,15.551
-23.282,-66.891,16.328
-25.059,-66.59,14.343
-26.002,-64.1,18.216
-27.979,-63.562,15.798
-25.573,-68.652,13.836
-24.033,-70.54,13.776
-21.619,-63.921,16.792
-21.864,-63.714,16.393
-22.387,-64.296,16.54
-23.015,-65.609,15.842
-22.44,-67.756,16.922
-20.911,-64.457,18.292
-21.489,-63.142,16.551
-22.076,-64.797,13.533
-23.048,-63.55,16.76
-24.271,-68.105,12.901
-23.732,-64.847,18.066
-25.553,-68.264,14.662
-24.677,-70.297,11.619
-29.666,-63.4,15.839
-47.166,-62.883,-13.275
-27.998,-66.061,5.8865
-22.155,-70.135,17.692
-22.02,-67.204,15.358
-21.323,-69.949,18.577
-24.026,-72.789,16.319
-20.512,-73.87,19.352
-16.818,-66.825,18.009
-19.201,-63.075,15.771
-18.869,-63.95,18.433
-17.913,-61.865,16.848
-20.078,-61.859,18.226
-20.165,-63.528,17.953
-18.127,-62.623,16.541
-16.402,-62.868,14.414
-16.931,-62.193,12.492
-19.784,-61.914,12.612
-19.073,-61.584,12.756
-17.675,-59.171,13.498
-19.598,-60.344,13.741
-19.398,-61.029,15.903
-19.791,-59.877,18.843
-19.702,-60.936,19.76
-20.401,-62.053,19.274
-20.255,-62.379,17.019
-20.091,-63.673,16.475
-20.466,-65.571,15.624
-19.874,-64.114,14.284
-20.351,-63.609,13.947
-20.569,-62.798,14.318
-19.611,-63.705,14.673
-19.677,-62.93,13.422
-19.758,-61.93,14.214
-18.944,-61.243,16.984
-18.293,-61.301,17.807
-18.989,-61.567,14.993
-18.777,-61.349,14.551
-19.475,-61.596,12.163
-18.79,-60.867,15.593
-24.173,-61.023,5.6278
-17.931,-59.952,17.764
-30.419,-55.946,-5.241
-58.14,-7.059,-20.456
-64.137,2.4203,-15.656
-60.383,-0.85684,6.9834
-58.589,-2.9777,1.7965
-57.828,-5.3763,-3.6268
-48.496,-47.238,-5.1608
-29.397,-34.185,-41.589
-42.138,-12.54,-20.844
-57.945,-35.331,23.394
-33.214,-49.294,16.902
-59.046,-27.427,16.735
-29.099,17.35,50.258
-17.697,29.815,37.037
-32.367,23.559,-65.821
-41.944,29.56,-15.105
-45.331,19.732,44.133
-58.405,-6.8822,26.662
-57.001,-15.567,29.291
-44.541,-32.625,26.042
-20.602,-62.642,25.823
-23.813,-61.368,18.007
-20.167,-66.078,19.069
-22.919,-59.125,18.375
-17.297,-63.658,21.498
-38.792,-42.206,26.263
-50.318,-21.685,34.63
-60.909,-9.5313,-4.4423
-27.003,57.435,6.1727
-44.001,35.674,4.1171
-61.7,28.596,4.7291
-43.349,-34.189,-34.048
-37.826,-2.9367,-32.799
-33.379,4.0033,-28.763
-36.691,-66.704,9.6027
-33.952,-38.753,26.315
-65.443,-8.1397,24.226
-25.798,39.061,34.917
-41.244,13.685,31.025
-47.298,-23.237,42.437
-40.218,-26.802,40.403
-53.424,-25.865,20.01
-22.668,-73.162,3.3705
-25.577,-71.919,14.325
-25.475,-79.034,9.0104
-26.889,-70.882,9.023
-32.306,-59.989,2.1333
-29.055,-55.537,1.6833
-35.566,-49.682,-18.13
-43.487,-40.155,-25.038
-40.635,-45.462,-19.938
-43.539,-44.976,-14.285
-49.597,-36.458,-15.046
-40.253,-45.159,-21.928
-27.951,-52.142,-22.521
-23.871,-53.128,-25.317
-30.05,-53.745,-18.384
-33.757,-50.539,-17.18
-43.358,-42.791,-13.428
-41.346,-48.276,22.724
-57.035,-4.0987,-22.824
-35.831,44.392,-2.0539
-61.323,20.636,4.5723
-52.121,41.348,-5.6598
-58.036,21.717,6.1527
-66.449,-9.1163,-0.91244
-60.046,-19.127,2.7318
-59.329,-28.532,7.1069
-59.458,-23.424,3.3362
-63.18,3.4599,-10.398
-60.52,15.686,-15.829
-63.399,-12.786,0.35038
-59.451,-26.99,4.1825
-57.768,-19.084,8.9687
-60.564,-11.334,17.835
-62.143,-21.921,7.6871
-50.497,-29.04,24.555
-44.655,-22.179,38.405
-56.675,-23.822,22.321
-55.579,-32.645,1.2446
-55.739,-33.273,7.3952
-56.508,-28.014,7.9648
-57.354,-32.951,2.0194
-61.637,-9.0316,6.0742
-64.505,9.5486,9.7054
-61.396,3.8423,18.095
-62.447,-3.8659,13.76
-64.387,-13.088,1.0274
-61.989,3.6787,10.915
-65.022,6.1409,10.04
-64.11,9.2694,6.4951
-64.483,8.6776,-0.45685
-64.062,7.0445,-1.9454
-64.372,-0.61861,1.9672
-64.355,-5.3673,-6.7138
-63.717,-11.073,-0.73836
-62.827,-7.892,7.7238
-64.251,-11.256,5.3099
-57.499,2.1102,21.028
-36.83,-61.47,26.469
-19.135,-79.208,20.443
-15.691,-88.722,12.348
-13.82,-76.768,26.331
-12.055,-69.227,30.784
-25.471,-67.498,18.272
-27.709,-59.945,24.618
-21.804,-62.489,30.227
-22.426,-69.728,30.077
-25.43,-70.049,29.203
-25.885,-66.934,30.315
-32.524,-59.425,-7.1491
-11.841,-69.107,0.49827
-23.177,-78.555,15.677
-21.739,-81.168,11.24
-25.941,-83.589,11.615
-23.243,-78.288,14.988
-29.63,-70.294,20.511
-24.741,-71.457,9.1937
-12.755,-65.772,20.541
-16.388,-59.239,15.442
-18.25,-69.383,14.686
-56.762,1.8033,-18.714
-62.008,7.044,-0.094279
-63.785,-3.6314,-0.97725
-63.689,-4.972,4.0303
-62.445,-14.272,-12.321
-62.481,-9.0337,-12.232
-62.746,-7.5701,-12.855
-64.176,-7.519,1.0801
-60.724,-7.1398,-15.136
-61.203,-6.1464,-21.872
-60.853,-0.024403,-18.561
-56.682,5.7722,-29.169
-40.793,8.8265,-49.992
-42.755,-12.365,-42.086
-58.235,-10.26,-16.98
-23.008,-11.96,-62.532
-58.025,-0.45539,-5.3603
-57.632,29.755,-12.69
-74.387,-6.2782,-7.0001
-39.298,11.659,24.245
-52.98,31.604,12.838
-68.144,-0.77783,-3.7736
-71.846,14.844,0.64075
-22.453,27.82,22.78
-63.163,19.367,12.202
-54.665,-17.553,5.5131
-40.703,-57.837,-1.7978
-34.975,-53.811,13.719
-28.302,-78.845,1.8952
-28.597,-83.352,-1.9573
-31.28,-74.964,-0.31032
-38.639,-59.898,14.151
-21.602,-66.352,5.7593
-28.596,-67.459,6.9702
-23.612,-71.072,7.2503
-28.476,-66.153,16.432
-26.965,-27.431,37.354
-20.987,-38.033,32.73
-43.486,-35.831,12.045
-61.645,-22.719,-6.4069
-34.351,-88.504,-9.0959
-25.483,21.537,18.432
9.8992,60.148,38.951
-8.2002,23.959,40.696
-42.783,-60.478,5.3742
-24.301,-77.03,-0.79466
-26.677,-68.535,8.5506
-22.683,-72.697,8.5949
-25.056,-75.105,6.1708
-26.355,-73.69,6.3938
-25.311,-66.422,11.863
-28.542,-71.789,9.0166
-24.877,-74.917,11.647
-25.302,-66.252,11.51
-23.411,-74.607,10.937
-37.88,-60.199,-3.9481
-49.441,-57.585,-13.582
-29.835,-70.727,10.175
-38.405,-69.105,3.1866
-27.886,-59.467,-5.7087
-38.649,-54.474,-5.2286
-43.818,-44.487,9.6195
-30.704,-54.268,-21.403
-37.449,-58.506,-4.3997
-36.459,-61.113,4.6355
-36.854,-59.991,7.7003
-34.52,-55.222,13.629
-40.137,-56.979,-5.138
-35.038,-70.556,-4.1593
-22.746,-69.633,13.414
-26.116,-68.865,8.3821
-26.689,-72.808,7.2297
-23.518,-68.442,11.618
-39.673,-57.892,10.435
-67.892,-15.636,8.047
-44.866,-36.41,0.22378
-29.228,-64.614,2.829
-41.36,-42.526,3.8826
-40.091,-57.025,9.6438
-29.104,-54.543,2.3787
-25.14,-73.818,11.597
-24.924,-7.645,44.442
-0.069772,29.026,64.031
-31.694,-12.668,45.399
-13.303,-41.553,58.166
-6.3678,-2.6215,4.2388
-27.967,-26.336,-41.052
-26.167,-78.26,24.242
-24.059,-65.663,10.635
-34.289,-67.38,9.4046
-34.724,-52.565,-4.9182
-25.929,-63.665,9.6155
-23.919,-54.901,20.148
-39.75,-51.084,15.133
-24.194,-49.939,28.889
-22.657,-38.598,24.881
-26.481,-41.29,-40.184
-38.993,-42.518,5.3852
-59.526,-8.1915,-19.579
-58.223,-33.2,-18.446
-68.163,-80.552,-35.86
-52.337,-18.085,-23.386
-56.113,-72.516,-5.1362
-50.325,-78.398,1.9028
-61.791,-12.078,9.8286
-59.77,-26.683,-4.8473
-50.981,-49.931,-4.9433
-61.948,5.6279,9.1524
-43.932,-44.249,10.755
-45.624,-46.549,3.9497
-41.51,-41.671,23.148
-42.383,-46.419,-9.2237
-38.816,-48.416,-0.71086
-36.461,-50.876,-4.479
-35.51,-47.926,-23.621
-33.088,-51.31,-22.946
-39.113,-48.142,-2.67
-32.899,-56.531,2.2633
-40.642,-45.848,3.2279
-42.339,-46.773,3.4471
-35.451,-50.938,-6.7841
-27.194,-51.703,-26.36
-31.633,-52.658,0.48386
-45.855,-47.785,-2.5577
-50.413,-23.605,30.191
-17.857,-7.3602,54.236
8.5836,-33.522,58.002
-14.278,-46.423,33.998
-41.124,-54.631,-3.4638
-21.108,-59.003,10.836
-20.317,-59.795,12.754
-26.706,-61.273,10.51
-22.791,-74.467,-0.82074
-33.494,-51.159,13.673
-22.972,-57.331,26.81
-23.725,-60.243,16.381
-22.288,-58.97,16.609
-22.474,-56.838,3.7727
-18.281,-61.559,14.135
22.307,-58.253,21.008
6.662,-40.329,40.96
-0.95127,-31.784,53.044
-2.1518,-31.464,48.571
-27.82,-34.072,38.313
-32.63,-35.128,35.498
-23.173,-30.426,34.21
-21.11,-47.882,43.2
-43.026,-24.078,-32.915
-46.644,-18.163,-18.122
-41.991,-40.542,40.995
-55.338,-20.915,-0.38752
-61.27,0.11573,-15.544
-50.426,0.057738,-45.861
-58.036,14.242,6.7725
-54.023,18.26,17.013
-63.63,18.16,4.5648
-61.518,13.605,9.4911
-59.688,24.909,-4.2442
-55.542,19.895,24.806
-53.384,13.1,33.318
-52.995,15.251,27.19
-59.045,-18.875,24.594
-53.743,22.601,22.917
-53.951,26.084,25.062
-63.149,8.6637,15.29
-59.333,12.956,6.8696
-59.679,11.584,24.878
-49.355,7.921,36.345
-45.759,15.155,29.827
-50.537,19.292,-39.161
-52.122,14.607,-23.495
-66.546,11.535,9.4372
-62.963,5.3849,-0.017563
-64.018,13.567,-3.8198
-63.696,8.4104,-4.4395
-64.677,5.3406,11.957
-61.582,-7.5551,-3.2138
-66.152,2.1137,-1.3809
-59.307,22.38,0.83621
-34.741,15.333,-49.735
-51.724,9.8557,-31.763
-53.394,13.318,13.912
-56.028,14.199,2.6439
-44.591,24.02,-47.173
-43.143,12.488,-34.872
-49.823,6.0878,-38.159
-39.572,-22.935,13.797
-61.5,-9.7253,28.889
-54.525,11.217,15.989
-32.46,-10.416,48.726
-62.725,0.20975,18.453
-47.59,-33.889,-12.238
-51.67,-31.492,-35.833
-39.295,-6.2214,-18.907
-24.018,-69.582,8.8975
-47.559,28.863,14.119
-52.009,34.965,11.184
-61.094,25.783,-2.6709
-59.563,16.662,-6.6216
-60.575,-11.404,-26.333
-37.547,-19.913,-44.094
-35.161,-24.885,-50.267
-51.765,-25.27,-15.084
-43.235,-33.734,27.76
-43.954,-47.526,10.856
-37.149,-48.493,-11.212
-35.352,-49.402,-23.666
-40.183,-44.023,-16.518
-38.554,-43.439,-26.013
-37.715,-44.321,-25.303
-36.065,-45.511,-25.972
-24.247,-54.542,-21.198
-19.614,-58.162,-19.464
-26.977,-51.057,-23.815
-13.852,-54.133,-35.129
-34.194,-40.746,-25.41
-45.336,-43.518,5.2091
-44.178,-44.748,10.172
-58.891,-27.713,-11.205
-47.729,-34.742,10.499
-37.17,-42.35,38.141
-46.557,-27.876,11.389
-49.119,-34.927,-26.732
-28.798,-38.926,-38.652
-48.752,-37.472,-14.046
-31.874,-45.978,34.316
-45.077,2.1785,-12.839
-32.602,-22.799,-55.23
-26.996,-38.284,-42.209
-34.762,-37.029,-39.131
-24.348,-38.922,-43.831
-21.829,-37.495,-46.711
-40.506,-26.854,-39.16
-64.378,8.5763,4.3431
-56.173,7.8622,-13.812
-59.664,11.6,-24.416
-64.525,6.0829,-6.8609
-57.507,16.9,-20.941
-45.025,15.498,-42.562
-61.899,11.861,-11.726
-63.385,13.792,-1.3447
-63.267,13.194,-4.4582
-63.365,14.038,-3.3711
-63.108,13.662,-2.6096
-63.321,13.842,-3.5315
-60.937,13.27,-16.039
-59.845,13.664,-19.567
-61.27,13.813,-16
-61.377,15.881,-12.032
-62.463,17.071,-4.575
-62.245,16.97,-3.6686
-62.813,14.322,8.03
-62.182,14.199,12.147
-61.618,15.778,12.419
-62.078,15.536,11.541
-61.954,15.927,10.745
-61.353,15.416,14.965
-60.944,15.637,16.256
-61.647,16.445,12.061
-61.279,15.84,14.518
-61.448,15.764,14.302
-60.7,15.784,17.14
-61.016,15.677,16.17
-61.069,15.797,15.181
-61.03,17.05,14.367
-61.381,16.658,12.797
-61.622,14.918,13.793
-60.763,15.816,16.1
-61.115,16.852,14.482
-61.883,17.062,10.352
-60.901,17.048,13.456
-61.427,16.306,13.429
-61.814,15.779,12.771
-61.625,16.063,13.422
-61.463,15.936,13.43
-61.519,16.052,13.307
-61.653,15.938,13.504
-61.836,16.026,12.636
-61.485,15.956,13.952
-61.726,15.895,11.29
-62.318,14.509,11.299
-61.868,17.526,6.6263
-61.866,19.994,-3.1892
-61.876,18.825,-2.8569
-61.988,19.08,-3.0388
-62.014,18.854,-3.3336
-61.978,19.092,-4.1363
-61.991,18.795,-3.8755
-61.821,18.849,-4.0358
-61.899,19.07,-3.5055
-61.98,18.829,-3.65
-61.901,18.779,-3.8356
-61.559,19.302,-5.0385
-61.859,19.139,-2.9475
-61.987,18.586,-2.1169
-62.193,18.269,0.49923
-63.09,14.47,3.5827
-63.615,12.554,0.27656
-63.153,13.032,-4.9604
-63.055,12.978,-5.1211
-63.081,12.972,-5.0437
-63.131,12.886,-4.9836
-63.075,13.024,-4.9636
-63.093,12.981,-4.9698
-63.068,13.011,-5.0149
-63.027,12.986,-4.9912
-63.093,13.013,-4.9736
-63.04,12.982,-5.0083
-63.069,12.913,-4.9939
-63.143,12.879,-5.009
-63.029,13.03,-4.982
-63.179,12.645,-4.9866
-63.129,12.438,-4.9731
-63.108,12.957,-4.9189
-63.099,12.936,-5.011
-63.059,12.387,-4.9994
-63.07,12.695,-4.9785
-63.025,12.992,-4.8519
-63.107,12.8,-4.8328
-63.173,12.476,-4.9954
-63.138,12.787,-4.7253
-63.487,12.807,-3.4754
-63.149,13.617,-4.2594
-62.972,14.014,-6.452
-62.998,13.991,-6.0939
-63.001,14.006,-6.0105
-62.999,13.997,-5.983
-63,14.003,-5.97
-63,13.999,-5.8912
-63.001,14.001,-5.9166
-62.97,14,-5.7548
-62.997,13.999,-5.7201
-63.003,14.003,-5.4812
-62.994,13.993,-5.6939
-63.009,14.009,-5.4689
-62.986,13.983,-5.2477
-63.021,14.025,-5.2829
-62.966,13.956,-5.5359
-63.024,14.104,-5.3234
-62.715,14.312,-4.9246
-62.658,14.42,-5.2917
-62.878,15.088,-6.2228
-62.739,15.016,-5.5602
-63.286,15.562,-4.2754
-62.194,16.704,-3.7711
-62.843,16.861,2.6312
-62.842,15.988,-1.7765
-62.798,16.017,-1.001
-62.463,16.921,-2.5262
-61.02,16.987,-11.451
-60.155,16.797,-17.413
-61.035,18.58,-7.4137
-60.876,18.044,-11.877
-61.698,19.078,-1.0535
-62.48,17.218,2.1042
-62.654,16.552,1.921
-62.296,18.099,0.76141
-62.469,17.727,2.0744
-62.481,17.411,1.7321
-62.537,17.603,2.001
-62.369,17.8,1.8658
-62.355,17.936,1.7933
-62.212,17.959,1.8471
-62.218,17.933,2.0031
-62.135,18.006,1.9635
-62.133,18.016,2.0193
-62.159,18.048,2.0793
-62.047,17.985,2.0045
-62.254,18.07,1.9286
-62.437,17.921,2.1422
-62.251,18.126,2.1221
-62.45,17.5,3.838
-62.292,17.559,4.2123
-62.014,18.993,0.24276
-61.879,19.124,-0.15885
-62.048,18.912,-0.88222
-62.089,18.579,-0.76138
-62.165,17.957,2.3938
-62.363,17.662,1.3118
-62.461,17.785,2.3204
-62.574,17.006,1.2218
-62.598,17.055,0.89659
-62.496,17.143,1.3952
-62.471,17.093,1.6186
-62.473,17.085,0.96175
-62.597,16.236,2.0266
-62.678,17.205,4.3527
-62.025,16.705,7.2864
-62.703,17.543,3.8943
-61.248,16.34,12.296
-52.69,19.135,30.048
-59.835,6.0971,24.575
-40.797,-4.5101,49.062
-36.392,-3.9836,52.976
-35.858,2.9846,53.439
-33.856,11.814,52.171
-34.497,8.236,53.823
-36.41,10.349,51.661
-34.837,10.811,52.941
-28.739,11.338,56.174
-31.258,11.019,54.92
-29.424,11.314,55.569
-30.055,11.15,55.419
-34.377,10.965,52.938
-36.508,10.636,51.859
-35.464,10.536,52.442
-33.327,11.844,53.569
-31.668,11.909,54.323
-31.066,12.182,54.703
-30.344,12.181,55.114
-33.344,11.823,53.424
-37.178,11.92,50.983
-37.089,10.35,51.377
-36.079,8.9457,52.357
-33.511,9.6575,53.793
-36.733,9.953,51.847
-34.659,8.2262,53.347
-34.188,7.3229,53.769
-35.746,9.9199,52.497
-31.83,13.017,53.984
-29.849,13.143,55.052
-32.424,12.291,53.944
-34.234,11.436,52.972
-33.943,14.216,52.557
-31.725,13.763,53.916
-30.146,11.274,55.29
-28.349,13.836,55.737
-27.272,14.688,55.981
-28.777,12.283,55.73
-28.513,12.077,55.986
-27.242,12.181,56.572
-27.202,12.717,56.531
-32.85,14.188,53.171
-33.156,14.394,52.859
-33.771,13.267,52.961
-34.17,13.385,52.775
-33.77,13.034,53.085
-34.155,12.856,52.732
-33.566,13.603,53.037
-33.876,14.373,52.662
-33.317,13.312,53.399
-34.104,16.686,51.88
-25.751,16.886,54.514
4.6921,-2.2532,65.267
-0.87808,-29.714,50.757
-42.59,-34.336,39.761
-45.462,-8.0967,43.456
-49.053,-14.526,40.878
-56.568,-22.092,8.6972
-54.371,-35.838,10.769
-45.222,-32.45,30.511
-49.85,-34.673,11.713
-28.408,26.798,-51.71
-31.272,41.254,-32.29
-51.31,42.07,-7.663
-45.784,37.302,-13.444
-49.917,46.01,-10.647
-55.806,7.1387,-5.4257
-60.822,-20.867,33.79
-9.9138,24.475,49.377
-38.696,-17.927,47.147
-57.922,-31.218,12.988
-40.779,-36.59,31.376
-49.611,-9.1787,39.446
-58.428,3.4772,27.532
-54.241,-0.79233,35.968
-55.043,2.2561,33.654
-52.517,-0.25341,37.828
-40.86,-0.41306,50.597
-53.528,2.1033,34.671
-48.069,5.0464,42.774
-54.125,4.0351,32.613
-63.439,5.7899,17.403
-61.212,6.1753,19.179
-62.573,6.8729,17.695
-61.658,6.9346,18.319
-62.949,7.0348,15.873
-62.136,6.9648,17.013
-62.877,7.1019,15.293
-62.456,7.009,16.086
-62.78,7.0824,15.703
-62.42,7.4158,16.112
-62.472,7.9471,15.912
-62.96,7.5332,15.272
-62.784,7.2099,15.218
-62.177,7.955,16.74
-58.542,8.5608,26.446
-58.762,8.65,26.016
-58.512,8.9538,26.391
-58.769,8.3021,26.527
-53.131,7.5921,35.652
-53.195,8.3756,36.072
-57.43,8.2495,29.461
-56.697,8.0357,30.429
-57.193,8.8439,29.644
-56.86,9.0005,30.217
-57.117,8.2282,29.677
-56.936,8.4576,30.173
-57.075,9.1938,29.587
-56.899,8.662,30.457
-57.161,9.2125,29.086
-56.742,5.3959,31.781
-48.439,-23.971,30.037
-58.635,-21.438,15.392
-58.326,-24.347,11.268
-56.907,-24.519,15.882
-57.841,-23.774,14.173
-58.937,-23.599,13.716
-58.332,-23.383,15.134
-58.619,-24.217,15.948
-59.842,-23.147,12.981
-57.913,-21.857,16.291
-58.196,-23.305,13.537
-56.195,-28.689,11.767
-57.881,-25.583,12.193
-58.106,-25.542,13.447
-58.347,-24.679,10.558
-59.578,-24.73,5.2946
-58.798,-25.201,5.0002
-59.542,-24.174,6.4466
-60.784,-24.424,4.0102
-59.043,-25.458,8.3279
-59.914,-24.085,9.4185
-58.762,-23.423,10.566
-59.96,-23.962,10.582
-60.325,-21.88,11.13
-58.316,-22.802,14.326
-58.888,-22.126,15.366
-58.325,-21.549,17.18
-60.557,-22.124,10.121
-60.015,-22.026,9.1181
-60.16,-22.154,8.6312
-60.312,-21.589,11.302
-59.298,-21.97,10.178
-60.39,-21.123,10.089
-60.361,-21.664,11.615
-59.066,-21.738,11.769
-60.324,-20.695,10.87
-59.381,-21.363,10.291
-58.4,-22.403,9.8693
-60.642,-22.348,5.5721
-60.63,-22.854,7.1025
-59.815,-22.222,10.646
-60.243,-23.075,8.6825
-60.078,-22.809,9.9508
-60.015,-21.552,8.4675
-59.611,-22.788,10.768
-58.943,-22.12,13.477
-58.822,-23.447,10.78
-60.346,-21.226,10.651
-58.817,-21.745,13.022
-60.621,-20.607,12.977
-54.564,-24.905,20.356
-38.622,-25.291,45.603
-35.858,-20.108,48.942
-29.268,-22.666,52.248
-27.871,-20.607,53.324
-29.666,-19.123,53.265
-31.33,-21.154,51.529
-30.094,-22.073,52.041
-30.63,-21.504,51.989
-32.161,-20.95,51.453
-30.78,-20.554,52
-26.038,-20.041,54.67
-29.05,-18.612,53.77
-28.631,-18.161,54.071
-32.845,-18.954,51.458
-35.94,-19.164,49.512
-34.902,-18.772,50.221
-35.175,-18.664,49.972
-35.073,-18.995,50.001
-35.435,-19.068,49.941
-35.116,-18.851,50.048
-35.306,-18.94,49.967
-35.388,-18.671,50.083
-35.619,-18.004,50.177
-35.839,-17.838,50.064
-34.853,-18.818,50.078
-36.162,-17.382,49.847
-33.649,-15.762,52.092
-32.628,-16.242,52.746
-32.705,-17.239,51.807
-31.597,-16.319,53.162
-31.616,-16.745,52.373
-30.044,-17.753,55.088
-46.884,-18.363,35.883
-64.014,-16.856,11.513
-48.258,-13.673,36.194
-31.544,-16.519,54.686
-33.16,-17.658,51.251
-32.079,-17.035,52.734
-30.015,-19.902,52.359
-30.619,-17.41,53.837
-27.231,-16.994,54.785
-28.679,-17.596,54.608
-28.455,-15.447,54.499
-25.363,-14.634,56.415
-31.875,-18.016,52.713
-30.453,-17.674,53.489
-37.654,-17.253,47.985
-35.003,-16.978,52.583
-47.033,-17.618,36.103
-58.985,-22.337,16.497
-54.942,-23.04,24.598
-57.325,-23.233,18.846
-59.297,-23.53,9.8241
-59.663,-23.459,7.314
-58.928,-24.011,8.2946
-60.369,-23.72,1.5557
-57.534,-27.392,7.1478
-57.003,-26.964,9.5151
-56.339,-26.069,14.144
-57.568,3.1406,-18.243
-57.148,-10.453,0.17299
-21.737,-21.892,-49.114
1.7945,3.666,-67.029
-1.9579,-2.1134,-61.925
0.060964,1.3321,-64.916
-1.0584,-0.84249,-63.038
-0.24035,0.54907,-64.185
-0.85591,-0.32087,-63.387
-0.63779,0.19805,-64.035
-0.74719,-0.094282,-63.581
-0.64085,0.039158,-63.826
-0.69529,0.0022295,-63.753
-0.62064,0,-63.766
-0.71264,0,-63.82
-0.88497,0,-63.725
-0.73781,0,-63.8
-0.67613,0,-63.653
-0.62506,0,-63.753
-0.5542,0,-63.636
-0.82581,0,-63.578
-0.79375,0,-63.839
-0.74685,0,-63.629
-0.74068,0,-63.555
-0.72394,0,-63.706
-0.70832,0,-63.647
-0.82279,0,-63.624
-0.85625,0,-63.716
-0.68149,0,-63.744
-0.58271,1.1994e-05,-63.722
-0.57863,-3.3052e-05,-63.685
-0.81255,6.8838e-05,-63.636
-0.7901,-0.00012499,-63.629
-0.70342,0.00020916,-63.835
-0.73856,-0.0003333,-63.517
-0.7501,0.00051972,-63.722
-0.786,-0.00082034,-63.699
-0.85619,0.0013967,-63.653
-0.8232,-0.0031303,-63.773
-0.88266,-0.030815,-63.681
-0.72325,0.002572,-63.68
-0.72178,-0.0012501,-63.63
-0.75705,0.00075071,-63.648
-0.84253,-0.00047833,-63.742
-0.67769,0.00030618,-63.712
-0.6056,-0.00019078,-63.798
-0.80512,0.00011259,-63.544
-0.74613,-6.0767e-05,-63.629
-0.74755,2.8129e-05,-63.701
-0.54501,0,-63.529
-0.62953,0,-63.723
-0.72095,0,-63.666
-0.59531,0,-63.666
-0.67857,0,-63.756
-0.66517,0,-63.683
-0.57671,0,-63.794
-0.68242,0,-63.618
-0.67345,0,-63.814
-0.69075,0,-63.734
-0.74393,0,-63.632
-0.59744,0,-63.757
-0.63071,0,-63.62
-0.79681,0,-63.697
-0.68024,0,-63.726
-0.74283,0,-63.534
-0.81146,0,-63.657
-0.64324,0,-63.761
-0.68513,0,-63.796
-0.7171,0,-63.778
-0.74344,0,-63.754
-0.72313,0,-63.657
-0.69617,3.0556e-05,-63.481
-0.76869,-8.0024e-05,-63.702
-0.75808,0.00016306,-63.794
-0.71815,-0.00029238,-63.731
-0.68105,0.00048555,-63.699
-0.74885,-0.00077047,-63.634
-0.82834,0.0012007,-63.642
-0.72253,-0.0019045,-63.868
-0.77622,0.0033009,-63.694
-0.66909,-0.0079732,-63.663
-0.6525,-0.028836,-63.652
-0.59127,0.0050117,-63.77
-0.73374,-0.0025467,-63.554
-0.82973,0.0015481,-63.783
-0.68914,-0.00098915,-63.76
-0.60054,0.00063199,-63.77
-0.73959,-0.00039174,-63.839
-0.74097,0.00022913,-63.632
-0.94096,-0.00012186,-63.628
-0.72662,5.4893e-05,-63.816
-0.74756,0,-63.66
-0.7735,0,-63.681
-0.61965,0,-63.584
-0.70739,0,-63.656
-0.6705,0,-63.698
-0.56087,0,-63.634
-0.58633,0,-63.684
-0.77161,0,-63.534
-0.72751,0,-63.7
-0.77777,0,-63.723
-0.77549,0,-63.494
-0.53786,0,-63.752
-0.59986,0,-63.789
-0.67022,0,-63.809
-0.81136,0,-63.788
-0.65118,1.9433e-05,-63.675
-0.58556,-4.1711e-05,-63.688
-0.87324,7.7015e-05,-63.764
-0.74629,-0.00013022,-63.658
-0.72166,0.00020872,-63.557
-0.84845,-0.00032594,-63.662
-0.74592,0.00051197,-63.606
-0.71123,-0.00085543,-63.654
-0.59599,0.0017821,-63.619
-0.69052,-0.031068,-63.675
-0.67215,-0.002031,-63.662
-0.77425,0.00092103,-63.681
-0.67962,-0.00054315,-63.692
-0.59107,0.00034448,-63.707
-0.8426,-0.00022087,-63.73
-0.8196,0.00013845,-63.804
-0.7095,-8.2567e-05,-63.608
-0.62853,4.5327e-05,-63.806
-0.69036,-2.1638e-05,-63.751
-0.75409,7.7434e-06,-63.802
-0.79075,0,-63.768
-0.70997,0,-63.734
-0.62519,0,-63.776
-0.68993,0,-63.806
-0.77555,0,-63.805
-0.74475,0,-63.696
-0.75705,0,-63.836
-0.80265,0,-63.686
-0.63619,0,-63.573
-0.79681,0,-63.67
-0.68258,0,-63.645
-0.69045,0,-63.674
-0.52662,0,-63.727
-0.70219,0,-63.681
-0.80888,0,-63.651
-0.74084,0,-63.786
-0.63312,0,-63.7
-0.71909,0,-63.672
-0.60631,0,-63.699
-0.77866,0,-63.737
-0.68685,0,-63.724
-0.75732,0,-63.706
-0.80954,0,-63.772
-0.7655,0,-63.683
-0.82413,0,-63.701
-0.6797,0,-63.707
-0.62843,0,-63.75
-0.61706,0,-63.549
-0.66253,0,-63.671
-0.68256,0,-63.781
-0.59033,0,-63.707
-0.77515,0,-63.712
-0.73904,0,-63.504
-0.73414,0,-63.607
-0.76423,0,-63.694
-0.81775,0,-63.541
-0.78714,0,-63.62
-0.709,0,-63.51
-0.67293,0,-63.85
-0.73631,0,-63.775
-0.75294,0,-63.668
-0.81499,0,-63.877
-0.73901,0,-63.786
-0.86452,0,-63.785
-0.73581,0,-63.77
-0.75706,0,-63.806
-0.75898,0,-63.696
-0.64993,0,-63.708
-0.76298,0,-63.654
-0.65092,0,-63.734
-0.70436,0,-63.732
-0.77302,0,-63.741
-0.66424,0,-63.729
-0.75734,0,-63.655
-0.64983,0,-63.646
-0.6736,0,-63.715
-0.61773,0,-63.711
-0.67731,0,-63.463
-0.73843,0,-63.742
-0.78218,0,-63.671
-0.66392,5.9429e-05,-63.575
-0.69574,-0.00013289,-63.728
-0.80983,0.00025083,-63.822
-0.77915,-0.00042983,-63.74
-0.76118,0.0006944,-63.741
-0.70174,-0.0010874,-63.806
-0.70904,0.0017009,-63.703
-0.70918,-0.0027902,-63.535
-0.56762,0.005437,-63.785
-0.76865,-0.028115,-63.703
-0.63373,-0.0092673,-63.705
-0.67544,0.0037543,-63.654
-0.63951,-0.0021555,-63.789
-0.76164,0.001357,-63.614
-0.70178,-0.00087087,-63.626
-0.71703,0.00054937,-63.803
-0.75892,-0.00033142,-63.734
-0.62575,0.00018538,-63.642
-0.64399,-9.1457e-05,-63.589
-0.55076,3.5333e-05,-63.765
-0.79887,0,-63.783
-0.78581,0,-63.77
-0.61764,0,-63.619
-0.7504,0,-63.583
-0.75762,0,-63.799
-0.74794,0,-63.766
-0.68117,0,-63.866
-0.85409,0,-63.711
-0.80321,0,-63.863
-0.64284,0,-63.73
-0.6912,0,-63.59
-0.70525,0,-63.764
-0.7107,0,-63.676
-0.63985,0,-63.686
-0.77417,0,-63.493
-0.69334,0,-63.573
-0.77358,0,-63.534
-0.71395,0,-63.775
-0.66274,0,-63.7
-0.74088,0,-63.711
-0.6785,0,-63.837
-0.71755,0,-63.562
-0.90417,0,-63.525
-0.76706,0,-63.69
-0.70506,0,-63.68
-0.66076,0,-63.56
-0.75654,0,-63.669
-0.75646,0,-63.653
-0.77921,0,-63.769
-0.70649,0,-63.678
-0.68705,0,-63.781
-0.72574,0,-63.687
-0.6991,0,-63.603
-0.83271,0,-63.614
-0.69832,0,-63.672
-0.80958,0,-63.575
-0.81314,0,-63.699
-0.80283,1.5676e-05,-63.688
-0.74135,-2.1196e-05,-63.703
-0.67569,2.6205e-05,-63.732
-0.74481,-3.0514e-05,-63.677
-0.72062,3.5427e-05,-63.574
-0.648,-4.6826e-05,-63.557
-0.57292,8.6445e-05,-63.619
-0.70614,-0.00024913,-63.625
-0.61595,0.0012322,-63.713
-0.83082,-0.070225,-63.594
-0.86777,0.0078425,-63.719
-0.67998,-0.0017246,-63.728
-0.65286,0.000822,-63.585
-0.59294,-0.00048776,-63.803
-0.65012,0.00031334,-63.645
-0.51309,-0.00020541,-63.589
-0.63063,0.0001328,-63.615
-0.70842,-8.2402e-05,-63.68
-0.69276,4.7605e-05,-63.606
-0.74557,-2.4392e-05,-63.515
-0.6481,0,-63.652
-0.60094,0,-63.597
-0.81128,0,-63.733
-0.70008,0,-63.735
-0.57237,0,-63.775
-0.91547,0,-63.613
-0.729,0,-63.647
-0.55879,0,-63.698
-0.64738,0,-63.675
-0.70145,6.7545e-05,-63.684
-0.72542,-0.00015975,-63.571
-0.74286,0.00031029,-63.696
-0.63834,-0.00054099,-63.667
-0.82746,0.00088311,-63.754
-0.77928,-0.0013892,-63.625
-0.64236,0.0021666,-63.61
-0.73701,-0.0034954,-63.652
-0.62997,0.0064258,-63.722
-0.48385,-0.021029,-63.692
-0.71525,-0.018529,-63.567
-0.63473,0.0061375,-63.668
-0.7887,-0.0033847,-63.652
-0.66616,0.0021064,-63.655
-0.6858,-0.0013512,-63.806
-0.71719,0.00085764,-63.647
-0.77338,-0.0005237,-63.699
-0.69554,0.00029879,-63.715
-0.71932,-0.00015247,-63.778
-0.76141,7.1058e-05,-63.629
-0.69688,-1.2942e-05,-63.626
-0.77236,2.6272e-05,-63.641
-0.67268,-4.6988e-05,-63.608
-0.70132,7.7883e-05,-63.647
-0.83204,-0.0001234,-63.706
-0.7317,0.0001921,-63.652
-0.67714,-0.0003044,-63.613
-0.73862,0.00052632,-63.708
-0.86957,-0.0012411,-63.594
-0.66463,-0.030815,-63.746
-0.63732,0.00068277,-63.716
-0.78262,-0.00037974,-63.553
-0.81569,0.00023478,-63.592
-0.76652,-0.0001507,-63.683
-0.74475,9.6283e-05,-63.658
-0.78112,-5.9503e-05,-63.723
-0.65178,3.4595e-05,-63.795
-0.78034,-1.8201e-05,-63.779
-0.72134,8.0193e-06,-63.56
-0.736,4.2503e-06,-63.669
-0.77408,0,-63.716
-0.68484,0,-63.662
-0.71696,0,-63.528
-0.72156,0,-63.657
-0.72807,0,-63.65
-0.69125,0,-63.543
-0.74373,0,-63.586
-0.77547,0,-63.685
-0.69996,0,-63.79
-0.85065,0,-63.774
-0.86362,0,-63.75
-0.85456,0,-63.649
-0.78175,0,-63.663
-0.68016,0,-63.697
-0.79579,0,-63.777
-0.73953,0,-63.681
-0.65687,0,-63.747
-0.85559,0,-63.677
-0.63761,0,-63.667
-0.76578,0,-63.74
-0.68421,0,-63.674
-0.78122,0,-63.912
-0.74681,0,-63.572
-0.65502,0,-63.715
-0.73378,0,-63.684
-0.75482,0,-63.696
-0.58761,0,-63.844
-0.63239,0,-63.691
-0.62194,0,-63.527
-0.77749,0,-63.713
-0.81322,0,-63.679
-0.6292,0,-63.728
-0.79792,0,-63.79
-0.59696,0,-63.509
-0.84511,0,-63.677
-0.76129,0,-63.772
-0.74129,0,-63.609
-0.60606,0,-63.706
-0.55544,0,-63.6
-0.73391,2.1058e-05,-63.641
-0.63569,-5.652e-05,-63.775
-0.62,0.00011641,-63.774
-0.66077,-0.00021002,-63.781
-0.70473,0.0003501,-63.678
-0.706,-0.00055668,-63.789
-0.50883,0.00086772,-63.697
-0.59483,-0.0013728,-63.588
-0.57378,0.0023575,-63.67
-0.5646,-0.0054733,-63.693
-0.5662,-0.030014,-63.586
-0.55284,0.0039384,-63.652
-0.67879,-0.0019594,-63.52
-0.73931,0.0011841,-63.713
-0.65125,-0.00075559,-63.653
-0.67503,0.00048324,-63.706
-0.63187,-0.00030034,-63.721
-0.62382,0.00017647,-63.555
-0.73446,-9.4556e-05,-63.803
-0.70018,4.3191e-05,-63.614
-0.59849,0,-63.557
-0.75201,0,-63.606
-0.5301,0,-63.685
-0.51006,0,-63.632
-0.56199,0,-63.738
-0.70338,0,-63.498
-0.8072,0,-63.717
-0.68266,0,-63.671
-0.70829,0,-63.691
-0.74059,0,-63.776
-0.68338,0,-63.595
-0.58763,0,-63.449
-0.76812,0,-63.707
-0.67297,0,-63.65
-0.75922,0,-63.676
-0.64316,0,-63.644
-0.78687,0,-63.6
-0.62731,0,-63.571
-0.74183,0,-63.757
-0.66667,0,-63.73
-0.67799,0,-63.688
-0.74952,0,-63.701
-0.71023,0,-63.652
-0.74567,0,-63.663
-0.64161,0,-63.67
-0.6138,0,-63.594
-0.65831,0,-63.661
-0.6922,0,-63.62
-0.70711,0,-63.52
-0.68545,0,-63.555
-0.73462,0,-63.536
-0.67527,0,-63.708
-0.65946,4.4633e-05,-63.724
-0.59271,-8.5635e-05,-63.564
-0.57717,0.00014626,-63.617
-0.67888,-0.0002314,-63.686
-0.67191,0.00035048,-63.688
-0.73907,-0.00052282,-63.702
-0.56178,0.00079485,-63.533
-0.73905,-0.0013005,-63.559
-0.70596,0.0025618,-63.697
-0.52236,-0.0086822,-63.507
-0.70263,-0.023582,-63.523
-0.55169,-0.034477,-63.472
-0.593,0.0033217,-63.488
-0.74146,-0.0013165,-63.626
-0.62462,0.00072989,-63.661
-0.74871,-0.00046802,-63.632
-0.68057,0.00031869,-63.669
-0.46628,-0.00021938,-63.817
-0.56391,0.00014756,-63.666
-0.77251,-9.4071e-05,-63.643
-0.76575,7.3585e-05,-63.813
-0.60444,0,-63.389
-0.66918,0,-63.715
-0.68145,0,-63.617
-0.62062,0,-63.66
-0.69586,0,-63.694
-0.66953,0,-63.655
-0.58504,0,-63.596
-0.85004,0,-63.584
-0.67782,0,-63.74
-0.76356,0,-63.5
-0.7339,0,-63.795
-0.72141,0,-63.82
-0.63167,0,-63.528
-0.75994,0,-63.773
-0.77253,0,-63.774
-0.77518,0,-63.618
-0.80061,0,-63.716
-0.67184,0,-63.554
-0.68361,0,-63.775
-0.53206,0,-63.58
-0.61032,0,-63.662
-0.64882,0,-63.543
-0.61679,0,-63.761
-0.73533,0,-63.664
-0.64219,0,-63.752
-0.58765,0,-63.663
-0.62367,0,-63.674
-0.62943,0,-63.759
-0.68607,0,-63.483
-0.65706,0,-63.789
-0.79415,0,-63.836
-0.68063,0,-63.822
-0.62292,0,-63.603
-0.86446,0,-63.692
-0.61371,0,-63.648
-0.41763,0,-63.496
-0.59785,0,-63.571
-0.71621,0,-63.824
-0.74555,0,-63.775
-0.68201,0,-63.697
-0.58544,0,-63.588
-0.78718,0,-63.777
-0.71175,0,-63.816
-0.75597,0,-63.591
-0.58542,0,-63.576
-0.69524,0,-63.622
-0.59317,0,-63.529
-0.6604,0,-63.772
-0.77083,5.3161e-05,-63.66
-0.47718,-0.0001318,-63.681
-0.6174,0.0002619,-63.645
-0.67796,-0.00046283,-63.703
-0.72384,0.00076178,-63.734
-0.65607,-0.0012031,-63.667
-0.61364,0.0018748,-63.588
-0.69929,-0.0029611,-63.64
-0.70748,0.0053107,-63.587
-0.68216,-0.014559,-63.644
-0.793,-0.024473,-63.696
-0.65403,0.0064328,-63.559
-0.66979,-0.0034228,-63.6
-0.75631,0.0021115,-63.685
-0.65074,-0.001401,-63.61
-0.4966,0.0012024,-63.61
-0.63512,-0.0033839,-63.528
-0.61881,-0.052256,-63.632
-0.64623,-0.0093078,-63.532
-0.51607,0.0026119,-63.509
-0.71197,-0.0012956,-63.595
-0.74212,0.00078745,-63.576
-0.73559,-0.00050873,-63.664
-0.72569,0.00033195,-63.685
-0.74138,-0.00021201,-63.649
-0.64907,0.00012901,-63.539
-0.61489,-7.2367e-05,-63.66
-0.69462,5.3161e-05,-63.796
-0.59972,0,-63.666
-0.6494,0,-63.695
-0.83324,0,-63.666
-0.7435,0,-63.719
-0.71855,0,-63.813
-0.81091,0,-63.652
-0.65964,0,-63.673
-0.62411,4.3191e-05,-63.608
-0.78138,-9.4556e-05,-63.648
-0.63578,0.00024402,-63.499
-0.76604,-0.00046009,-63.574
-0.72033,0.00079353,-63.691
-0.62328,-0.0012966,-63.76
-0.76062,0.0020672,-63.559
-0.79042,-0.0033485,-63.747
-0.84935,0.006105,-63.798
-0.68853,-0.033509,-63.756
-0.65572,0.0010158,-63.83
-0.73462,-0.018824,-63.7
-0.77015,-0.019603,-63.816
-0.7502,0.0064815,-63.692
-0.7267,-0.0030838,-63.667
-0.53101,0.0011053,-63.554
-0.67555,0.0005452,-63.672
-0.70039,-0.0024107,-63.637
-0.58778,0.0055573,-63.606
-0.72964,-0.018209,-63.726
-0.69101,-0.021182,-63.616
-0.62321,0.0064891,-63.602
-0.6871,-0.0034954,-63.637
-0.6878,0.0021666,-63.71
-0.73719,-0.0013892,-63.715
-0.73577,0.00088311,-63.714
-0.71634,-0.00054099,-63.479
-0.79831,0.00031029,-63.608
-0.76839,-0.00015975,-63.785
-0.80448,6.7545e-05,-63.754
-0.78701,0,-63.574
-0.75375,0,-63.73
-0.71423,0,-63.566
-0.702,0,-63.674
-0.7487,0,-63.732
-0.72961,0,-63.7
-0.66154,0,-63.833
-0.57389,0,-63.741
-0.50185,0,-63.57
-0.7034,0,-63.732
-0.57677,0,-63.526
-0.70673,0,-63.727
-0.78657,0,-63.699
-0.74459,0,-63.578
-0.53498,0,-63.612
-0.84851,0,-63.7
-0.697,0,-63.648
-0.63736,0,-63.723
-0.76649,0,-63.686
-0.58419,0,-63.654
-0.54877,0,-63.721
-0.5235,0,-63.587
-0.75415,0,-63.548
-0.70567,0,-63.692
-0.7403,0,-63.633
-0.63279,0,-63.672
-0.59966,0,-63.534
-0.82689,0,-63.639
-0.65457,0,-63.664
-0.63163,0,-63.649
-0.65695,0,-63.7
-0.63791,0,-63.641
-0.65434,0,-63.668
-0.68024,0,-63.666
-0.53297,0,-63.677
-0.75205,0,-63.694
-0.77732,0,-63.654
-0.70548,0,-63.608
-0.57608,0,-63.804
-0.59824,0,-63.595
-0.85496,0,-63.681
-0.70936,0,-63.772
-0.68867,0,-63.768
-0.60503,0,-63.739
-0.64393,0,-63.8
-0.67958,0,-63.585
-0.69412,0,-63.838
-0.75852,0,-63.797
-0.5906,0,-63.68
-0.6622,0,-63.63
-0.67397,0,-63.575
-0.6786,0,-63.698
-0.55409,0,-63.8
-0.56511,0,-63.73
-0.70684,0,-63.725
-0.62736,0,-63.649
-0.71215,0,-63.606
-0.73265,0,-63.634
-0.79922,0,-63.663
-0.76008,0,-63.65
-0.65819,1.9433e-05,-63.665
-0.65924,-4.1711e-05,-63.7
-0.60266,7.7015e-05,-63.667
-0.79242,-0.00013022,-63.526
-0.65034,0.00020872,-63.714
-0.56785,-0.00032594,-63.772
-0.74302,0.00051197,-63.665
-0.55363,-0.00085543,-63.55
-0.66543,0.0017821,-63.761
-0.71771,-0.031068,-63.745
-0.73542,-0.002031,-63.619
-0.71522,0.00092103,-63.691
-0.71269,-0.00054315,-63.638
-0.69093,0.00034448,-63.79
-0.60154,-0.00022087,-63.644
-0.76586,0.00013845,-63.702
-0.71024,-8.2567e-05,-63.591
-0.69522,4.5327e-05,-63.663
-0.66937,-2.1638e-05,-63.603
-0.67523,7.7434e-06,-63.742
-0.71183,0,-63.679
-0.79507,0,-63.63
-0.76192,0,-63.742
-0.72152,0,-63.507
-0.67436,0,-63.58
-0.57701,0,-63.661
-0.69042,4.0046e-05,-63.533
-0.66057,-0.00010249,-63.568
-0.70975,0.0002067,-63.756
-0.73824,-0.00036843,-63.733
-0.58912,0.00060961,-63.78
-0.63047,-0.00096543,-63.677
-0.7811,0.0015043,-63.77
-0.67335,-0.0023929,-63.642
-0.61286,0.0041891,-63.588
-0.67573,-0.010582,-63.73
-0.65018,-0.02731,-63.616
-0.78758,0.0057885,-63.768
-0.77264,-0.0029988,-63.775
-0.69165,0.0018329,-63.679
-0.64868,-0.0011724,-63.569
-0.77165,0.00074828,-63.747
-0.70942,-0.00046253,-63.667
-0.72042,0.00026927,-63.668
-0.76127,-0.00014211,-63.801
-0.7795,6.3084e-05,-63.611
-0.84547,0,-63.683
-0.81965,0,-63.563
-0.56204,0,-63.594
-0.74933,0,-63.652
-0.69111,0,-63.797
-0.6636,0,-63.677
-0.78689,0,-63.829
-0.75567,0,-63.558
-0.77019,0,-63.592
-0.6068,0,-63.908
-0.64143,0,-63.706
-0.64864,0,-63.677
-0.74206,0,-63.63
-0.77411,0,-63.69
-0.75882,0,-63.686
-0.63256,0,-63.689
-0.64062,0,-63.663
-0.71185,0,-63.823
-0.60323,0,-63.68
-0.59412,0,-63.635
-0.63962,0,-63.676
-0.75309,0,-63.706
-0.61534,0,-63.671
-0.66311,0,-63.626
-0.73441,0,-63.609
-0.69666,0,-63.755
-0.5843,0,-63.588
-0.69754,0,-63.648
-0.81302,0,-63.676
-0.59743,0,-63.662
-0.6591,0,-63.858
-0.56984,0,-63.672
-0.77965,0,-63.589
-0.67271,0,-63.734
-0.52685,0,-63.688
-0.65001,0,-63.606
-0.71848,0,-63.6
-0.8191,0,-63.688
-0.75486,0,-63.658
-0.67172,0,-63.588
-0.81345,0,-63.676
-0.61784,0,-63.723
-0.71437,0,-63.586
-0.78267,0,-63.63
-0.76429,0,-63.643
-0.71607,0,-63.66
-0.6904,0,-63.743
-0.70156,0,-63.759
-0.69057,0,-63.473
