-1.34
-2.59
-2.52
-0.21
5.32
14.35
26.02
38.41
49.26
56.83
60.42
60.51
58.24
54.91
51.58
48.92
47.51
47.91
50.64
55.89
63.29
71.86
80.29
87.33
92.17
94.6
94.82
93.05
89.32
83.24
74.28
62.07
46.58
28.14
7.35
-15
-37.76
-59.25
-77.3
-89.68
-94.87
-92.77
-84.99
-74.31
-63.66
-55.09
-49.23
-45.51
-42.89
-40.61
-38.41
-36.34
-34.35
-32.05
-28.92
-24.68
-19.55
-14.16
-9.12
-4.63
-0.29
4.66
10.89
18.65
27.65
37.27
46.71
55.27
62.28
67.17
69.45
68.76
64.91
57.99
48.5
37.47
26.49
17.39
11.79
10.57
13.35
18.57
24.07
27.84
28.66
26.2
20.56
11.72
-0.65
-16.88
-36.64
-58.52
-80.13
-98.91
-113.05
-122.13
-126.9
-128.69
-128.44
-126.2
-121.42
-113.47
-102.43
-89.24
-75.38
-62.25
-50.6
-40.41
-31.09
-22.04
-13.11
-4.66
2.54
7.88
11.21
12.97
13.99
15.1
16.87
19.4
22.49
25.7
28.57
30.71
31.91
32.33
32.5
33.29
35.63
40.1
46.55
54.06
61.18
66.44
68.88
68.33
65.57
62.2
60.44
62.51
69.76
81.82
96.02
107.91
112.46
105.89
86.88
57
19.93
-19.97
-58.82
-93.73
-122.56
-143.49
-154.88
-155.67
-146.12
-128.26
-105.75
-83.05
-64.16
-51.6
-46.04
-46.61
-51.77
-59.93
-69.75
-80.03
-89.34
-95.94
-98.03
-94.34
-84.55
-69.53
-50.84
-30.17
-8.87
12.17
32.15
50.04
64.42
73.72
76.77
73.47
64.99
53.4
40.96
29.15
18.26
7.58
-3.87
-16.41
-29.17
-40.29
-47.77
-50.28
-47.78
-41.32
-32.35
-22.01
-10.86
0.78
12.34
22.6
30.02
33.32
32.2
27.54
21.18
15.11
10.72
8.41
7.67
7.62
7.4
6.57
5.09
3.11
0.86
-1.55
-4
-6.41
-8.65
-10.57
-12.02
-12.87
-13.05
-12.43
-10.94
-8.57
-5.43
-1.97
1.15
3.17
3.58
2.41
0.33
-1.54
-2.06
-0.62
2.57
6.54
9.92
11.54
10.78
7.73
3.02
-2.34
-7.24
-10.49
-10.98
-8.01
-1.51
7.68
18
27.57
34.82
38.96
40.09
38.95
36.43
33.22
29.58
25.58
21.25
16.73
12.26
8.09
4.36
1.15
-1.41
-3.11
-3.67
-2.86
-0.7
2.44
5.8
8.33
9.05
7.27
2.98
-3.1
-9.62
-14.97
-17.81
-17.47
-14.12
-8.69
-2.38
3.66
8.7
12.45
14.93
16.32
16.82
16.52
15.38
13.32
10.29
6.42
1.95
-2.83
-7.74
-12.83
-18.29
-24.25
-30.53
-36.56
-41.48
-44.54
-45.38
-44.29
-42.03
-39.49
-37.3
-35.55
-33.81
-31.45
-27.96
-23.22
-17.51
-11.44
-5.6
-0.55
3.21
5.14
4.75
1.76
-3.52
-10.07
-16.38
-20.85
-22.51
-21.23
-17.74
-13.06
-8.1
-3.29
1.27
5.6
9.58
12.81
14.85
15.38
14.49
12.63
10.53
8.98
8.56
9.55
11.74
14.56
17.38
19.78
21.75
23.72
26.22
29.46
33.24
36.81
39.35
40.3
39.56
37.5
34.67
31.6
28.47
25.3
21.93
18.37
14.79
11.48
8.86
7.22
6.63
6.79
7.09
6.76
5.16
2.06
-2.25
-7.03
-11.36
-14.55
-16.33
-16.87
-16.56
-15.74
-14.53
-12.89
-10.74
-8.16
-5.46
-3
-1.05
0.34
1.28
1.97
2.59
3.2
3.81
4.38
4.91
5.41
5.98
6.69
7.64
8.94
10.59
12.55
14.57
16.34
17.49
17.8
17.21
15.85
13.98
11.83
9.57
7.3
5.03
2.77
0.57
-1.46
-3.18
-4.51
-5.44
-5.98
-6.14
-5.98
-5.53
-4.92
-4.32
-3.99
-4.1
-4.67
-5.55
-6.41
-6.95
-6.93
-6.32
-5.24
-3.92
-2.55
-1.3
-0.2
0.75
1.58
2.3
2.92
3.43
3.83
4.11
4.32
4.52
4.79
5.17
5.64
6.11
6.43
6.5
6.3
5.83
5.2
4.51
3.83
3.24
2.82
2.64
2.81
3.35
4.26
5.47
6.85
8.19
9.27
9.84
9.6
8.33
5.81
1.99
-2.99
-8.72
-14.57
-19.84
-23.99
-26.89
-28.88
-30.71
-33.29
-37.18
-42.34
-48.05
-53.04
-55.76
-54.81
-49.14
-38.4
-23.12
-4.67
14.86
33.13
48.02
58.18
63.21
63.66
60.62
55.23
48.46
40.9
33.02
25.28
18.17
12.13
7.42
3.97
1.47
-0.43
-1.93
-2.98
-3.27
-2.57
-0.93
1.3
3.52
5.08
5.62
5.15
3.95
2.43
0.94
-0.39
-1.55
-2.57
-3.41
-3.86
-3.65
-2.6
-0.64
1.97
4.81
7.46
9.62
11.24
12.51
13.71
15.07
16.63
18.16
19.24
19.4
18.23
15.63
11.89
7.57
3.38
-0.03
-2.36
-3.72
-4.49
-5.18
-6.2
-7.88
-10.5
-14.15
-18.52
-22.8
-25.9
-26.85
-25.6
-23.26
-21.89
-23.54
-29.14
-37.9
-47.46
-54.92
-57.96
-55.75
-48.9
-38.92
-27.41
-15.47
-3.64
7.77
18.41
27.63
34.56
38.55
39.59
38.38
36.18
34.35
33.67
34.14
35.16
35.84
35.65
34.67
33.38
32.23
31.34
30.48
29.34
27.96
26.85
26.87
28.86
33.24
39.83
47.7
55.5
61.74
65.13
65
61.59
56.02
50.02
45.28
42.64
41.79
41.33
39.59
35.44
28.91
21.1
13.49
7.31
3.04
0.53
-0.74
-1.25
-1.47
-1.94
-3.47
-6.99
-13.02
-21.25
-30.37
-38.41
-43.39
-44.02
-40
-32.02
-21.44
-9.75
1.77
12.3
21.49
29.18
35.15
38.97
40.09
38.25
34.11
29.48
26.85
28.34
34.2
42.09
47.43
45.03
31.25
5.7
-28.41
-65.31
-98.46
-122.41
-133.88
-132.09
-118.42
-95.96
-68.97
-42.37
-21.01
-8.74
-7.54
-16.93
-33.98
-54.07
-71.89
-82.97
-84.74
-77.17
-62.53
-44.45
-26.63
-11.88
-1.65
3.78
4.85
2.32
-2.78
-8.96
-14.27
-16.72
-15.02
-9.15
-0.53
8.56
15.91
20.15
21.12
19.57
16.67
13.47
10.68
8.83
8.43
10.18
14.83
22.95
34.58
48.97
64.52
78.99
90.12
96.29
97.11
93.5
87.54
81.69
78.08
77.73
80.32
84.22
87.04
86.46
80.73
69.16
52.07
30.69
6.85
-17.34
-39.81
-58.87
-73.41
-83.09
-88.18
-89.42
-87.64
-83.52
-77.65
-70.65
-63.45
-57.24
-53.2
-51.97
-53.18
-55.42
-56.59
-54.71
-48.69
-38.62
-25.77
-12
0.86
11.54
19.38
24.15
25.9
24.74
20.98
15.13
7.95
0.46
-6.28
-11.31
-13.9
-13.8
-11.4
-7.82
-4.78
-4.16
-7.31
-14.6
-25.19
-37.45
-49.54
-60.13
-68.59
-74.87
-78.99
-80.58
-78.85
-72.91
-62.34
-47.69
-30.68
-13.87
-0.06
8.54
11
7.91
1.06
-7.25
-15.08
-21.25
-25.28
-27.02
-26.18
-22.3
-14.96
-4.35
8.52
21.95
34.21
44.22
51.84
57.69
62.54
66.74
69.85
70.85
68.66
62.74
53.45
42.05
30.38
20.23
12.87
8.76
7.57
8.31
9.65
10.27
9
5.06
-1.84
-11.46
-23.07
-35.59
-47.96
-59.26
-68.92
-76.57
-81.78
-83.88
-81.98
-75.23
-63.35
-47.02
-27.84
-8.04
10.11
24.92
35.71
42.8
47.47
51.45
56.4
63.35
72.11
81.21
88.34
91.15
88.36
80.44
69.48
58.52
50.29
46.17
45.78
47.33
48.44
47.24
43.11
36.68
29.36
22.34
16.02
9.91
3.09
-4.98
-13.91
-22.37
-28.67
-31.54
-30.85
-27.57
-23.38
-19.94
-18.41
-19.1
-21.69
-25.38
-29.18
-32.23
-33.93
-34.06
-32.71
-30.05
-26.08
-20.72
-14
-6.43
0.88
6.39
8.81
7.7
3.82
-1.15
-5.28
-7.24
-6.74
-4.6
-2.32
-1.44
-2.88
-6.55
-11.17
-14.72
-15.24
-11.91
-5.67
0.96
4.94
3.98
-2.33
-12.45
-23.74
-33.71
-40.89
-45.03
-46.62
-46.34
-44.84
-42.74
-40.76
-39.62
-39.72
-40.73
-41.55
-40.64
-36.67
-29.07
-18.34
-5.79
6.86
18.1
26.9
32.7
35.35
34.89
31.7
26.68
21.33
17.59
17.34
21.53
29.56
39.31
47.81
52.4
51.91
46.92
39.47
32.02
26.34
22.75
20.15
16.64
10.59
1.5
-9.76
-21.29
-30.99
-37.33
-39.81
-38.86
-35.33
-30.06
-23.61
-16.5
-9.39
-3.08
1.83
5.38
8.52
12.85
19.79
29.65
41.19
51.81
58.56
59.22
53.25
41.84
27.42
12.58
-0.73
-11.7
-20.51
-27.79
-34.21
-40.08
-45.26
-49.42
-52.25
-53.7
-53.87
-53.06
-51.45
-49.17
-46.31
-43.04
-39.66
-36.49
-33.6
-30.66
-26.87
-21.25
-13.2
-2.73
9.32
21.43
31.88
39.3
43.05
43.41
41.42
38.42
35.67
33.91
33.23
33.14
33
32.28
30.88
28.91
26.49
23.49
19.52
14.19
7.42
-0.32
-8.05
-14.55
-18.87
-20.57
-19.75
-16.9
-12.62
-7.38
-1.56
4.41
10.08
14.88
18.17
19.46
18.43
15.01
9.41
2.03
-6.5
-15.41
-23.88
-31.24
-37.02
-41.08
-43.5
-44.45
-44.2
-43.06
-41.38
-39.58
-38.04
-37.04
-36.68
-36.93
-37.72
-38.9
-40.28
-41.44
-41.82
-40.82
-37.87
-32.75
-25.62
-17.03
-7.89
0.76
7.89
12.7
14.82
14.61
13.12
11.81
11.97
14.29
18.47
23.41
27.61
29.85
29.64
27.4
24.3
21.72
20.83
22.18
25.68
30.7
36.34
41.63
45.68
47.92
48.19
46.87
44.73
42.75
41.88
42.71
45.4
49.62
54.78
60.07
64.59
67.36
67.49
64.32
57.51
47.21
34.07
19.18
3.87
-10.48
-22.73
-32.12
-38.45
-41.98
-43.35
-43.36
-42.79
-42.25
-42.15
-42.63
-43.56
-44.5
-44.91
-44.21
-42.01
-38.28
-33.29
-27.61
-21.9
-16.76
-12.61
-9.59
-7.6
-6.37
-5.56
-4.91
-4.27
-3.66
-3.15
-2.88
-2.98
-3.53
-4.53
-5.79
-6.97
-7.68
-7.57
-6.54
-4.75
-2.63
-0.66
0.77
1.54
1.75
1.66
1.49
1.34
1.24
1.11
0.93
0.69
0.41
0.07
-0.36
-0.96
-1.75
-2.64
-3.4
-3.73
-3.39
-2.33
-0.75
1.02
2.58
3.58
3.85
3.41
2.45
1.21
-0.03
-1.11
-2.02
-2.92
-4.16
-6.11
-9.07
-13
-17.52
-21.88
-25.13
-26.44
-25.34
-21.95
-17.02
-11.75
-7.41
-4.87
-4.39
-5.44
-6.92
-7.45
-5.79
-1.1
6.71
17.07
28.77
40.19
49.7
56.05
58.69
57.93
54.88
51.13
48.36
47.97
50.63
56.15
63.36
70.29
74.59
74.25
68.16
56.56
40.98
23.76
7.3
-6.66
-17.46
-25.52
-31.84
-37.37
-42.45
-46.6
-48.76
-47.77
-42.99
-34.75
-24.53
-14.56
-7.33
-4.92
-8.46
-17.91
-32.01
-48.65
-65.37
-80.11
-91.73
-100.15
-106.07
-110.25
-112.87
-113.29
-110.3
-102.82
-90.49
-73.96
-54.63
-34.11
-13.72
5.73
23.82
40.28
54.63
66.08
73.52
75.8
72.15
62.73
48.95
33.45
19.47
9.92
6.45
8.97
15.89
24.92
33.96
41.61
47.07
49.91
49.71
46.09
39.03
29.23
18.18
7.95
0.52
-2.96
-2.46
0.99
5.82
10.57
14.32
16.77
18.14
18.73
18.77
18.25
17.01
14.86
11.74
7.75
3.26
-1.21
-5.08
-7.84
-9.23
-9.25
-8.25
-6.68
-5.03
-3.67
-2.7
-2.01
-1.36
-0.54
0.46
1.39
1.93
1.75
0.85
-0.45
-1.63
-2.21
-2.02
-1.23
-0.26
0.57
1.12
1.49
1.87
2.31
2.74
3
3.08
3.16
3.55
4.5
6.1
8.22
10.64
13.17
15.8
18.74
22.28
26.66
31.94
37.95
44.19
50
54.61
57.3
57.58
55.21
50.21
42.8
33.46
22.9
12.07
2.02
-6.32
-12.46
-16.43
-18.8
-20.29
-21.5
-22.58
-23.23
-22.91
-21.16
-17.72
-12.66
-6.23
1.16
8.93
16.4
22.7
27.04
28.85
28.07
25.08
20.61
15.33
9.7
3.93
-1.87
-7.44
-12.34
-16.01
-17.95
-17.89
-15.85
-12.13
-7.18
-1.55
4.23
9.62
14.16
17.55
19.66
20.53
20.12
18.4
15.23
10.47
4.18
-3.37
-11.67
-20.06
-27.85
-34.46
-39.46
-42.61
-43.75
-42.85
-40.01
-35.53
-29.91
-23.74
-17.66
-12.16
-7.6
-4.18
-1.94
-0.82
-0.66
-1.22
-2.21
-3.32
-4.26
-4.83
-4.93
-4.56
-3.81
-2.87
-1.91
-1.09
-0.46
-0.04
0.16
0.07
-0.33
-1.03
-1.87
-2.64
-3.18
-3.45
-3.54
-3.65
-3.95
-4.51
-5.3
-6.22
-7.2
-8.13
-8.95
-9.58
-10.03
-10.4
-10.88
-11.75
-13.21
-15.32
-17.9
-20.61
-23.01
-24.73
-25.57
-25.57
-25.04
-24.44
-24.18
-24.49
-25.38
-26.58
-27.69
-28.31
-28.22
-27.55
-26.8
-26.71
-27.87
-30.27
-32.97
-34.24
-32.05
-24.96
-12.77
3.26
20.75
36.98
49.5
56.69
57.92
53.56
45.03
34.65
25.24
19.44
18.94
23.88
32.84
43.35
52.73
58.94
60.95
58.81
53.29
45.54
36.67
27.57
18.77
10.32
2.02
-6.37
-14.86
-23.06
-30.23
-35.57
-38.54
-39.12
-37.82
-35.47
-32.91
-30.66
-28.72
-26.7
-24.02
-20.3
-15.56
-10.37
-5.83
-3.26
-3.93
-8.53
-16.85
-27.63
-38.65
-47.15
-50.49
-46.94
-36.31
-20.2
-1.56
16.13
30
38.47
41.41
39.77
34.97
28.44
21.64
16.19
13.8
15.81
22.56
32.81
43.98
53.02
57.68
57.32
53.22
47.87
43.77
42.54
44.36
48.13
52.08
54.41
53.91
50.15
43.47
34.73
25.07
15.58
7.26
0.98
-2.42
-2.24
1.98
10.01
20.65
31.78
40.65
44.62
41.82
31.75
15.57
-3.96
-23.04
-37.6
-44.33
-41.65
-30.22
-12.81
6.4
23.03
33.7
36.79
32.69
23.39
11.84
1.11
-6.17
-8.3
-4.78
3.57
14.8
26.24
35.2
39.62
38.62
32.55
22.71
10.74
-1.96
-14.53
-26.61
-38.14
-49.13
-59.58
-69.46
-78.76
-87.35
-94.68
-99.82
-101.46
-98.4
-90.03
-76.74
-59.98
-41.88
-24.64
-9.88
1.75
10.61
17.7
24.02
30.16
36.02
40.98
44.26
45.42
44.6
42.52
40.24
38.69
38.23
38.47
38.41
36.86
33.05
26.93
19.18
10.91
3.07
-3.73
-9.52
-14.97
-21.3
-29.94
-42.11
-58.04
-76.37
-94.02
-106.65
-109.98
-101.25
-80.38
-50.36
-16.54
14.71
37.68
48.84
47.76
37.02
21.29
5.67
-6.06
-12.39
-14.18
-13.62
-12.87
-13
-14.03
-15.34
-16.42
-17.31
-18.34
-19.75
-21.36
-22.66
-23.13
-22.64
-21.5
-20.22
-19.12
-18.01
-16.17
-12.48
-5.91
4.09
17.13
31.98
46.79
59.75
69.67
76.26
80.08
81.95
82.47
81.7
79.31
75.03
68.94
61.7
54.22
47.35
41.52
36.68
32.43
28.16
23.14
16.62
8.04
-2.67
-14.65
-26.05
-34.34
-37.22
-33.73
-24.84
-13.24
-2.25
5.46
8.78
8.13
4.71
-0.49
-7.29
-15.92
-26.28
-37.21
-46.59
-52.34
-53.48
-50.8
-46.42
-42.74
-41.21
-41.83
-43.48
-44.85
-45.29
-45.04
-44.74
-44.7
-44.51
-43.06
-39.2
-32.37
-22.93
-12.12
-1.67
6.88
12.68
15.64
16.33
15.51
13.84
11.72
9.26
6.45
3.35
0.11
-3
-5.7
-7.87
-9.5
-10.67
-11.44
-11.83
-11.89
-11.7
-11.43
-11.19
-10.97
-10.52
-9.37
-6.97
-2.97
2.55
8.97
15.3
20.5
23.78
24.83
23.86
21.46
18.3
14.98
11.91
9.33
7.33
5.89
4.77
3.65
2.29
0.76
-0.4
-0.39
1.31
4.45
7.74
9.17
6.88
-0.09
-11.2
-24.56
-37.61
-48.03
-54.2
-55.53
-52.17
-44.84
-34.71
-23.17
-11.8
-2.06
5
9.06
10.53
10.3
9.35
8.34
7.48
6.67
5.75
4.65
3.47
2.37
1.46
0.87
0.71
1.2
2.48
4.57
7.25
10.04
12.3
13.48
13.32
11.85
9.35
6.23
2.87
-0.41
-3.4
-5.92
-7.88
-9.26
-10.11
-10.59
-10.85
-10.95
-10.88
-10.46
-9.58
-8.2
-6.37
-4.36
-2.48
-1.08
-0.3
-0.04
-0.02
0.08
0.41
0.74
0.52
-0.95
-4.16
-9.13
-15.23
-21.44
-26.57
-29.62
-30.07
-27.85
-23.31
-17.08
-9.91
-2.54
4.55
11.33
18.23
26.15
36.04
48.44
62.91
77.84
90.74
98.95
100.53
94.88
82.82
66.23
47.52
28.97
12.37
-1.11
-11
-17.55
-21.7
-24.92
-28.84
-34.72
-43.06
-53.41
-64.58
-75.05
-83.44
-88.82
-90.77
-89.38
-85.04
-78.21
-69.34
-58.77
-46.81
-33.9
-20.61
-7.63
4.18
14.13
21.73
26.89
29.75
30.64
29.73
26.99
22.32
15.7
7.5
-1.33
-9.37
-14.92
-16.36
-12.52
-2.99
11.74
30.27
50.57
70.41
87.93
102.13
113.01
121.2
127.48
132.08
134.34
132.96
126.61
114.78
98.33
79.53
61.36
46.45
36.19
30.21
26.68
23.16
17.62
9.3
-1.19
-12.21
-21.89
-28.85
-32.64
-33.72
-33.2
-32.34
-32.1
-32.82
-34.13
-35.18
-35.02
-33.08
-29.38
-24.55
-19.56
-15.41
-12.65
-11.36
-11.12
-11.16
-10.62
-8.71
-4.93
0.66
7.37
14.11
19.73
23.43
24.9
24.15
21.25
16.27
9.42
1.18
-7.34
-14.6
-19.08
-19.74
-16.55
-10.52
-3.46
2.65
6.29
6.86
4.96
2.04
-0.12
-0.23
1.88
5.08
7.45
7.14
3.15
-4.31
-14.02
-24.35
-33.85
-41.72
-47.9
-52.81
-56.97
-60.7
-63.89
-66.21
-67.2
-66.57
-64.21
-60.11
-54.25
-46.51
-36.77
-25.24
-12.66
-0.4
9.81
16.52
19.03
17.64
13.51
8.17
2.99
-1.12
-3.9
-5.52
-6.4
-6.96
-7.56
-8.38
-9.55
-11.07
-12.79
-14.47
-15.87
-16.76
-17.05
-16.8
-16.13
-15.25
-14.31
-13.4
-12.58
-11.92
-11.51
-11.4
-11.57
-11.86
-12.01
-11.78
-10.97
-9.47
-7.28
-4.45
-1.06
2.74
6.75
10.73
14.38
17.49
19.92
21.7
22.99
24.06
25.26
26.9
29.18
32.09
35.42
38.69
41.25
42.34
41.31
37.78
31.8
23.91
14.98
6.09
-1.7
-7.61
-11.23
-12.6
-12.13
-10.48
-8.34
-6.3
-4.77
-3.92
-3.69
-3.91
-4.24
-4.4
-4.16
-3.43
-2.36
-1.22
-0.35
0.04
-0.1
-0.66
-1.45
-2.32
-3.17
-4.01
-4.84
-5.65
-6.41
-7.03
-7.46
-7.61
-7.49
-7.08
-6.43
-5.51
-4.32
-2.97
-1.68
-0.78
-0.58
-1.18
-2.42
-3.87
-5.04
-5.59
-5.51
-5.11
-4.79
-4.86
-5.44
-6.39
-7.45
-8.39
-9.07
-9.45
-9.53
-9.32
-8.82
-8.07
-7.15
-6.29
-5.73
-5.67
-6.11
-6.91
-7.8
-8.59
-9.3
-10.19
-11.54
-13.5
-15.78
-17.82
-18.92
-18.56
-16.58
-13.18
-8.76
-3.89
0.82
4.68
6.98
7.07
4.75
0.33
-5.33
-11.12
-16.14
-20
-22.95
-25.63
-28.65
-32.2
-35.9
-38.87
-40.06
-38.69
-34.39
-27.31
-17.94
-6.87
5.29
17.91
30.22
41.32
50.21
56
58.06
56.01
49.77
39.61
26.31
11.47
-2.51
-12.82
-17.09
-14.33
-5.5
6.71
18.81
27.77
32.03
31.77
28.46
24.05
20.14
17.47
16.05
15.43
15.1
14.71
14.02
12.76
10.58
7.04
1.75
-5.37
-13.98
-23.36
-32.51
-40.5
-46.68
-50.78
-52.95
-53.56
-53.03
-51.55
-49
-44.86
-38.49
-29.34
-17.21
-2.33
14.64
32.75
50.74
67.14
80.35
88.89
91.74
88.66
80.26
67.85
53.08
37.47
22.23
8.14
-4.36
-15.08
-24.01
-31.29
-37.11
-41.55
-44.6
-46.05
-45.69
-43.46
-39.58
-34.54
-29.01
-23.67
-19.03
-15.46
-13.07
-11.78
-11.34
-11.34
-11.34
-11
-10.27
-9.44
-9.1
-9.84
-11.84
-14.8
-17.82
-19.81
-19.76
-17.08
-11.69
-3.95
5.48
15.85
26.34
36.19
44.68
51.15
55.1
56.21
54.49
50.19
43.83
36.1
27.7
19.24
11.09
3.46
-3.48
-9.48
-14.25
-17.51
-19.26
-19.8
-19.71
-19.59
-19.8
-20.33
-20.87
-21.08
-20.85
-20.35
-19.93
-19.81
-19.9
-19.78
-18.94
-17.02
-13.89
-9.76
-5
-0.02
4.84
9.25
12.99
15.87
17.83
18.99
19.59
19.94
20.26
20.64
21.06
21.39
21.48
21.18
20.42
19.16
17.48
15.5
13.39
11.34
9.53
8.08
6.99
6.15
5.32
4.23
2.68
0.66
-1.63
-3.83
-5.51
-6.4
-6.44
-5.89
-5.13
-4.57
-4.5
-4.95
-5.71
-6.44
-6.81
-6.63
-6.02
-5.29
-4.83
-4.94
-5.66
-6.75
-7.78
-8.32
-8.23
-7.64
-6.95
-6.53
-6.57
-7
-7.61
-8.11
-8.31
-7.83
-5.85
-0.98
8.47
23.82
45.29
71.49
99.69
126.41
148.45
163.49
170.39
169.09
160.41
145.94
128.07
109.81
94.28
83.89
79.43
79.61
81.36
80.87
74.92
62
42.79
19.72
-3.96
-25.31
-42.61
-55.57
-65.1
-72.64
-79.42
-85.87
-91.64
-95.89
-97.87
-97.4
-94.89
-91.03
-86.27
-80.66
-73.93
-66.11
-57.96
-51.04
-47.25
-47.82
-52.74
-60.48
-68.51
-74.14
-75.4
-71.52
-63.07
-51.63
-39.28
-27.97
-19.1
-13.23
-10.16
-9.16
-9.29
-9.72
-9.88
-9.44
-8.24
-6.26
-3.6
-0.61
2.22
4.27
5.03
4.23
1.88
-1.67
-5.88
-10.03
-13.41
-15.45
-15.84
-14.58
-11.97
-8.51
-4.72
-0.99
2.48
5.6
8.36
10.73
12.67
14.13
15.14
15.77
16.1
16.22
16.21
16.08
15.85
15.5
14.96
14.16
13
11.46
9.6
7.51
5.25
2.83
0.15
-2.89
-6.3
-9.97
-13.63
-16.99
-19.8
-22.01
-23.7
-25.08
-26.33
-27.48
-28.42
-28.86
-28.57
-27.46
-25.74
-23.83
-22.26
-21.43
-21.35
-21.69
-21.78
-20.84
-18.18
-13.47
-6.85
0.98
9.02
16.15
21.42
24.27
24.54
22.44
18.52
13.5
8.16
3.26
-0.66
-3.41
-5.06
-5.88
-6.06
-5.64
-4.52
-2.62
-0.1
2.56
4.66
5.54
4.77
2.28
-1.63
-6.4
-11.39
-16.03
-19.94
-22.99
-25.14
-26.45
-26.89
-26.32
-24.6
-21.61
-17.33
-11.84
-5.29
2.19
10.44
19.21
28.16
36.83
44.73
51.45
56.8
60.74
63.4
65.08
66.12
66.93
67.72
68.42
68.6
67.68
65.16
60.85
54.99
48.07
40.61
32.95
25.17
17.25
9.17
1.12
-6.54
-13.35
-18.95
-23.08
-25.69
-26.95
-27.23
-27.13
-27.35
-28.54
-31.12
-35.15
-40.27
-45.82
-51.04
-55.34
-58.48
-60.53
-61.82
-62.72
-63.56
-64.45
-65.03
-64.37
-60.93
-53.07
-39.69
-21.13
0.53
21.86
39.23
50.23
54.62
54.22
51.89
50.13
50.07
51.42
53.1
54.2
54.52
54.47
54.53
54.72
54.61
53.69
51.83
49.64
48.06
47.89
49.12
50.93
51.99
51.09
47.53
41.29
32.79
22.56
11.14
-1
-13.16
-24.4
-33.69
-40.21
-43.69
-44.54
-43.66
-42.04
-40.41
-39.04
-37.84
-36.65
-35.43
-34.38
-33.74
-33.59
-33.71
-33.62
-32.8
-30.98
-28.22
-24.9
-21.54
-18.61
-16.47
-15.25
-14.91
-15.16
-15.52
-15.39
-14.31
-12.3
-10
-8.61
-9.52
-13.69
-21.05
-30.28
-39.11
-45.11
-46.5
-42.74
-34.59
-23.7
-12.02
-1.19
7.64
13.86
17.34
18.25
17.11
14.76
12.22
10.34
9.48
9.31
9.05
7.86
5.39
2.06
-1.11
-2.91
-2.52
0.15
4.39
9.02
12.78
14.63
13.92
10.37
4.08
-4.53
-14.75
-25.68
-36.32
-45.74
-53.11
-57.64
-58.75
-56.02
-49.42
-39.35
-26.73
-12.88
0.73
12.71
22.03
28.1
30.9
30.84
28.67
25.34
21.81
18.99
17.63
18.2
20.81
25.21
30.74
36.5
41.54
45.01
46.43
45.69
43.02
38.87
33.75
28.13
22.38
16.85
11.87
7.77
4.76
2.85
1.79
1.16
0.49
-0.47
-1.69
-2.92
-3.92
-4.62
-5.2
-5.87
-6.65
-7.26
-7.06
-5.46
-2.26
2.11
6.56
9.7
10.26
7.58
1.81
-6.18
-15.09
-23.67
-31.04
-36.88
-41.29
-44.51
-46.64
-47.45
-46.49
-43.31
-37.64
-29.53
-19.31
-7.53
5.08
17.6
28.98
38.06
43.85
45.75
43.81
38.74
31.7
24.02
16.84
10.94
6.6
3.74
2
0.91
0.04
-0.92
-2.05
-3.23
-4.17
-4.68
-4.64
-4.15
-3.39
-2.61
-1.97
-1.53
-1.27
-1.14
-1.12
-1.26
-1.58
-2.14
-2.89
-3.68
-4.36
-4.81
-5.04
-5.14
-5.31
-5.69
-6.33
-7.16
-7.95
-8.5
-8.66
-8.48
-8.15
-7.97
-8.22
-9.07
-10.45
-12.12
-13.79
-15.14
-15.98
-16.26
-16.03
-15.45
-14.75
-14.09
-13.57
-13.02
-11.98
-9.8
-5.88
0.05
7.73
16.33
24.76
32
37.33
40.39
41.14
39.61
35.89
30.23
23.06
15.14
7.3
0.32
-5.27
-9.35
-12.1
-13.86
-14.99
-15.81
-16.39
-16.67
-16.44
-15.36
-13.14
-9.5
-4.32
2.38
10.29
18.83
27.14
34.12
38.73
40.15
38.08
32.8
25.08
15.96
6.53
-2.23
-9.62
-15.13
-18.55
-20.03
-19.94
-18.87
-17.42
-16.04
-14.88
-13.9
-12.91
-11.81
-10.64
-9.59
-8.84
-8.56
-8.72
-9.23
-9.98
-10.85
-11.85
-12.98
-14.33
-15.93
-17.79
-19.72
-21.33
-22.11
-21.46
-18.97
-14.52
-8.4
-1.21
6.28
13.27
19.08
23.21
25.32
25.43
23.8
21.05
17.86
14.88
12.57
11.1
10.44
10.53
11.27
12.47
13.86
14.95
15.19
14.16
11.8
8.56
5.3
2.92
2.01
2.69
4.49
6.69
8.59
9.71
9.96
9.45
8.35
6.81
4.91
2.77
0.57
-1.41
-2.89
-3.73
-3.96
-3.76
-3.37
-2.93
-2.48
-2.02
-1.48
-0.78
0.1
1.2
2.45
3.75
4.92
5.74
5.96
5.47
4.26
2.46
0.3
-2.02
-4.3
-6.34
-7.98
-9.1
-9.69
-9.86
-9.84
-9.84
-10.04
-10.46
-11.01
-11.5
-11.79
-11.79
-11.56
-11.32
-11.23
-11.38
-11.7
-11.88
-11.52
-10.33
-8.35
-6.07
-4.23
-3.49
-4.12
-5.86
-8.02
-9.86
-10.84
-10.75
-9.64
-7.59
-4.65
-0.9
3.48
8.18
12.89
17.61
22.7
28.69
35.8
43.51
50.43
54.67
54.52
49.12
38.75
24.63
8.49
-7.97
-23.39
-36.72
-47.22
-54.42
-58.15
-58.6
-56.27
-51.86
-46.04
-39.41
-32.46
-25.63
-19.25
-13.59
-8.82
-5.05
-2.52
-1.56
-2.59
-5.89
-11.3
-18.1
-25.03
-30.65
-33.75
-33.79
-31.03
-26.45
-21.31
-16.71
-13.16
-10.51
-8.02
-4.81
-0.3
5.64
12.71
20.41
28.32
36.15
43.65
50.45
56.03
59.73
61.09
60.01
56.76
52
46.46
40.91
36.12
32.77
31.35
32
34.38
37.7
41.06
43.74
45.57
46.94
48.46
50.58
53.19
55.51
56.23
54.01
47.86
37.65
24.34
9.94
-2.79
-11.08
-12.98
-8.21
1.59
13.16
22.72
27.46
26.64
21.88
16.41
13.48
14.86
20.05
26.57
31.01
30.68
24.6
13.85
0.89
-11.54
-21.41
-27.83
-31
-31.76
-31.15
-30.2
-29.8
-30.65
-33.07
-36.81
-40.86
-43.66
-43.71
-40.31
-34.04
-26.54
-19.84
-15.46
-13.82
-14.19
-15.25
-15.67
-14.57
-11.66
-6.95
-0.45
7.95
18.21
29.82
41.55
51.56
57.92
59.23
55.21
46.88
36.32
25.95
17.87
13.1
11.38
11.31
10.88
8.13
1.75
-8.45
-21.41
-34.99
-46.53
-53.51
-54.34
-48.91
-38.78
-26.8
-16.29
-9.97
-9.1
-13.13
-20.02
-27
-31.68
-32.85
-30.74
-26.9
-23.34
-21.77
-22.9
-26.31
-30.65
-34.15
-35.24
-32.86
-26.71
-17.08
-4.77
9.07
23.04
35.65
45.52
51.72
53.9
52.48
48.44
42.98
37.21
31.83
26.96
22.32
17.41
11.89
5.71
-0.81
-7.01
-12.08
-15.29
-16.25
-15.04
-12.3
-9.02
-6.43
-5.58
-7.02
-10.5
-14.9
-18.44
-19.25
-16.01
-8.5
2.14
13.74
23.78
30.14
31.71
28.59
21.81
12.84
3.12
-6.24
-14.51
-21.23
-26.14
-29.07
-30.04
-29.27
-27.23
-24.56
-21.91
-19.79
-18.36
-17.54
-16.98
-16.33
-15.39
-14.22
-13.1
-12.42
-12.46
-13.24
-14.52
-15.87
-16.89
-17.32
-17.14
-16.51
-15.63
-14.6
-13.38
-11.8
-9.71
-7.02
-3.89
-0.58
2.5
5.01
6.75
7.72
8.13
8.16
7.96
7.43
6.39
4.63
2.17
-0.73
-3.57
-5.83
-7.24
-7.8
-7.8
-7.63
-7.49
-7.31
-6.69
-5.16
-2.3
1.9
7.03
12.27
16.67
19.44
20.32
19.69
18.55
18.34
20.55
26.34
36.11
49.08
63.13
75.04
81.35
79.53
69.09
52.05
32.43
14.78
2.65
-2.59
-2
1.7
5.29
6.04
2.3
-6.44
-19.76
-36.43
-54.4
-71.1
-83.78
-90.24
-89.55
-82.28
-70.43
-56.63
-43.32
-31.97
-22.9
-15.55
-9.06
-2.91
2.91
7.91
11.42
13.03
12.69
10.73
7.72
4.2
0.64
-2.53
-4.95
-6.37
-6.82
-6.69
-6.71
-7.59
-9.67
-12.58
-15.3
-16.53
-15.18
-10.83
-3.88
4.45
12.54
18.72
21.69
20.87
16.61
10.27
3.93
-0.28
-0.87
2.5
9
16.96
24.6
30.56
34.25
35.78
35.61
34.24
32
28.99
25.18
20.45
14.55
7.12
-2.24
-13.69
-26.87
-40.69
-53.33
-62.6
-66.43
-63.51
-53.67
-38.03
-18.83
1.01
18.57
31.5
38.66
40.27
37.7
32.96
27.99
24.08
21.66
20.51
20.05
19.79
19.43
18.82
17.91
16.61
14.93
13.1
11.5
10.57
10.53
11.26
12.19
12.6
11.78
9.3
5.14
-0.37
-6.63
-12.89
-18.34
-22.32
-24.42
-24.56
-23.04
-20.38
-17.24
-14.19
-11.68
-9.92
-9.01
-8.92
-9.57
-10.77
-12.31
-13.96
-15.54
-17.01
-18.33
-19.47
-20.32
-20.69
-20.43
-19.44
-17.78
-15.64
-13.22
-10.71
-8.18
-5.71
-3.35
-1.21
0.56
1.87
2.65
3.03
3.18
3.3
3.55
3.98
4.54
5.11
5.56
5.78
5.7
5.32
4.67
3.84
2.95
2.04
1.13
0.16
-0.97
-2.3
-3.76
-5.16
-6.21
-6.63
-6.35
-5.55
-4.6
-3.99
-4.07
-4.96
-6.49
-8.29
-10.05
-11.64
-13.18
-14.95
-17.21
-19.98
-23.05
-25.98
-28.31
-29.77
-30.38
-30.45
-30.38
-30.54
-31.07
-31.91
-32.88
-33.69
-33.96
-33.19
-30.72
-25.97
-18.73
-9.37
1.15
11.73
21.7
31.14
40.83
51.59
63.59
75.76
86.1
92.35
93.05
88.17
79.09
68.07
57.33
48.37
41.63
36.68
32.7
28.88
24.84
20.52
16.08
11.56
6.8
1.42
-4.9
-12.09
-19.66
-26.62
-31.89
-34.45
-33.56
-28.79
-20.02
-7.52
7.79
24.12
39.07
50.02
55.11
53.79
47.15
37.38
26.88
17.24
8.76
0.78
-7.61
-16.67
-25.68
-33.25
-38.01
-39.39
-37.85
-34.63
-30.92
-27.34
-23.71
-19.37
-13.85
-7.28
-0.58
5.04
8.5
9.44
8.16
5.46
2.2
-1.1
-4.28
-7.42
-10.5
-13.21
-15.02
-15.45
-14.34
-12.1
-9.61
-7.87
-7.7
-9.38
-12.62
-16.68
-20.68
-23.86
-25.83
-26.6
-26.52
-26.13
-26.06
-26.89
-28.95
-32.3
-36.55
-40.84
-44
-44.79
-42.32
-36.45
-27.81
-17.69
-7.51
1.55
8.82
14.22
17.89
20.03
20.64
19.67
17.23
13.68
9.69
6.03
3.29
1.67
0.94
0.62
0.29
-0.18
-0.65
-0.81
-0.39
0.61
1.96
3.32
4.44
5.23
5.75
6.14
6.42
6.54
6.36
5.76
4.8
3.65
2.54
1.69
1.19
1.01
0.99
0.93
0.65
0.07
-0.76
-1.77
-2.86
-4.05
-5.41
-7
-8.83
-10.77
-12.57
-13.92
-14.62
-14.51
-13.59
-11.95
-9.75
-7.26
-4.82
-2.78
-1.38
-0.68
-0.55
-0.75
-1.02
-1.22
-1.36
-1.54
-1.85
-2.34
-3
-3.8
-4.74
-5.8
-6.81
-7.46
-7.3
-5.86
-2.93
1.43
6.8
12.65
18.43
23.79
28.49
32.38
35.35
37.32
38.32
38.46
37.93
36.78
34.88
31.9
27.51
21.6
14.43
6.68
-0.87
-7.54
-13.08
-17.74
-22.19
-27.17
-33.16
-40.17
-47.55
-54.21
-58.83
-60.28
-57.87
-51.54
-41.94
-30.2
-17.81
-6.29
3.05
9.37
12.39
12.4
10.13
6.52
2.49
-1.22
-4.16
-6.17
-7.34
-7.74
-7.5
-6.6
-4.99
-2.67
0.28
3.67
7.29
10.98
14.74
18.55
22.43
26.27
29.85
32.91
35.23
36.67
37.16
36.72
35.35
33.1
30.08
26.54
22.8
19.21
15.99
13.17
10.6
8.03
5.28
2.33
-0.68
-3.55
-6.05
-8.11
-9.76
-11.04
-11.98
-12.52
-12.51
-11.85
-10.52
-8.62
-6.35
-4.02
-1.91
-0.22
0.96
1.7
2.2
2.64
3.18
3.9
4.81
5.9
7.11
8.3
9.28
9.84
9.85
9.32
8.46
7.58
7.01
6.85
6.94
6.96
6.54
5.47
3.76
1.56
-0.95
-3.63
-6.39
-9.14
-11.72
-14.06
-16.26
-18.69
-21.88
-26.22
-31.59
-37.24
-42.08
-45.1
-45.97
-45.15
-43.63
-42.3
-41.36
-40.21
-37.79
-33.23
-26.36
-17.71
-8.07
2.04
12.72
24.42
37.38
51.09
64.12
74.56
80.84
82.27
79.3
73.22
65.51
57.31
49.19
41.26
33.5
25.97
18.98
12.94
8.2
4.95
3.07
2.28
2.21
2.5
2.86
3.11
3.17
3.01
2.67
2.27
1.87
1.51
1.2
0.94
0.7
0.51
0.44
0.53
0.78
1.19
1.64
2.04
2.27
2.29
2.13
1.91
1.79
1.93
2.36
2.9
3.18
2.81
1.56
-0.44
-2.64
-4.28
-4.69
-3.6
-1.37
1.19
3.09
3.67
2.82
1.02
-0.98
-2.49
-3.19
-3.23
-3.07
-3.31
-4.47
-6.85
-10.44
-14.78
-18.77
-20.87
-19.64
-14.54
-6.66
1.24
5.56
3.36
-6.36
-22.08
-40.44
-57.53
-70.29
-77.13
-77.85
-72.96
-63.28
-49.66
-33.28
-15.73
1.07
15.24
25.4
31.05
32.41
30.37
26.11
21.04
16.5
13.49
12.34
12.53
12.94
12.31
9.77
5.12
-1.14
-8.05
-14.55
-19.64
-22.39
-21.9
-17.37
-8.44
4.51
20.23
36.78
52.11
64.58
73.38
78.47
80.25
79.1
75.03
67.64
56.6
42.15
25.57
9.12
-4.56
-13.39
-16.61
-15.02
-10.64
-5.81
-2.48
-1.71
-3.72
-8.03
-13.86
-20.2
-25.91
-29.95
-31.52
-30.28
-26.48
-20.9
-14.49
-8.07
-2.13
3.31
8.46
13.68
19.25
25.21
31.25
36.85
41.41
44.44
45.86
45.89
44.99
43.52
41.5
38.53
33.97
27.43
19.17
10.4
3.04
-0.92
-0.3
4.74
12.55
20.47
25.71
26.27
21.59
12.57
1.08
-10.9
-21.9
-31.12
-38.34
-43.56
-46.72
-47.79
-46.94
-44.72
-42.01
-39.65
-38.13
-37.53
-37.65
-38.31
-39.62
-41.81
-44.87
-48.19
-50.48
-50.15
-46.01
-37.86
-26.71
-14.46
-3.24
5.35
10.59
12.66
12.22
10.1
7.02
3.59
0.43
-1.79
-2.38
-0.89
2.67
7.83
13.83
19.88
25.37
29.98
33.57
36.1
37.45
37.59
36.56
34.68
32.5
30.64
29.54
29.25
29.45
29.61
29.18
27.84
25.52
22.27
18.04
12.65
5.75
-2.85
-12.95
-23.89
-34.49
-43.39
-49.33
-51.45
-49.5
-43.93
-35.76
-26.38
-17.28
-9.75
-4.58
-1.85
-1.02
-1.05
-0.76
0.95
4.85
11.23
19.77
29.49
38.91
46.29
50.24
50.28
47.18
42.83
39.6
39.44
43.03
49.38
56.24
60.92
61.42
57.17
49.18
39.47
30.19
22.83
17.94
15.34
14.59
15.38
17.54
20.69
23.97
26.07
25.59
21.71
14.63
5.58
-3.69
-11.56
-17.13
-20.43
-22.16
-23.27
-24.56
-26.51
-29.4
-33.42
-38.77
-45.44
-53.04
-60.64
-66.92
-70.56
-70.71
-67.32
-61.21
-53.74
-46.36
-40.14
-35.51
-32.38
-30.17
-28.2
-25.94
-23.14
-19.96
-16.88
-14.56
-13.65
-14.57
-17.31
-21.37
-25.87
-29.75
-31.99
-31.93
-29.5
-25.26
-20.28
-15.8
-12.75
-11.35
-10.87
-9.98
-7.37
-2.53
3.82
9.78
12.9
11.1
3.48
-9.25
-25
-40.88
-53.99
-62.25
-64.93
-62.79
-57.83
-52.58
-49.26
-49.14
-52.14
-57.08
-62.18
-65.69
-66.17
-62.69
-54.83
-42.69
-27.03
-9.21
8.94
25.33
38.12
46.06
48.75
46.64
40.9
33.15
25.14
18.57
14.79
14.64
18.25
25.05
33.86
43.26
51.9
58.82
63.57
66.13
66.64
65.28
62.17
57.47
51.58
45.06
38.5
32.21
25.99
19.37
11.9
3.55
-5.16
-13.41
-20.38
-25.66
-29.25
-31.41
-32.31
-31.82
-29.62
-25.42
-19.35
-12.02
-4.37
2.62
8.26
12.28
14.82
16.24
16.89
16.96
16.37
14.87
12.15
8.11
2.98
-2.74
-8.24
-12.69
-15.44
-16.15
-14.84
-11.82
-7.54
-2.55
2.52
7.1
10.76
13.23
14.55
15.04
15.15
15.32
15.75
16.34
16.83
16.93
16.45
15.41
13.88
11.95
9.69
7.25
4.85
2.92
1.94
2.27
4.07
7.13
11.02
15.27
19.35
22.8
25.23
26.35
26.09
24.58
22.11
18.96
15.4
11.59
7.79
4.42
1.97
0.86
1.17
2.56
4.37
6
7.13
7.76
8.07
8.14
7.86
7.04
5.54
3.34
0.49
-3.18
-8.04
-14.4
-22.21
-30.64
-38.24
-43.41
-45.12
-43.4
-39.37
-34.74
-30.96
-28.53
-26.72
-23.86
-18.02
-7.81
7.07
25.62
45.72
64.64
79.56
88.14
88.97
82.03
68.82
52.27
36.02
23.42
16.52
15.33
17.98
21.44
22.74
20.1
13.36
3.91
-6.01
-14.19
-19.07
-20.04
-17.38
-11.94
-4.85
2.74
9.81
15.46
18.91
19.69
17.8
13.86
8.98
4.42
1.11
-0.65
-1.38
-2.15
-4.13
-8.04
-13.84
-20.62
-26.97
-31.54
-33.55
-33.2
-31.38
-29.22
-27.51
-26.44
-25.79
-25.28
-24.93
-25.01
-25.66
-26.53
-26.78
-25.41
-22
-17
-11.63
-7.22
-4.58
-3.6
-3.44
-3.04
-1.65
0.81
3.88
6.71
8.52
8.8
7.56
5.38
3.22
2.15
2.9
5.55
9.45
13.46
16.31
16.88
14.53
9.33
2.37
-4.38
-8.45
-8.03
-3.15
3.62
7.83
4.88
-7.68
-28.71
-53.61
-76.2
-91.13
-95.78
-90.52
-77.81
-60.59
-41.2
-21.17
-1.61
16.3
31.25
42.14
48.47
50.57
49.3
45.7
40.69
34.99
29.16
23.66
18.85
14.98
12.19
10.53
10.05
10.77
12.56
14.91
16.95
17.6
15.96
11.82
5.78
-0.83
-6.6
-10.57
-12.59
-13.34
-13.82
-14.82
-16.48
-18.31
-19.51
-19.51
-18.26
-16.31
-14.48
-13.5
-13.74
-15.13
-17.23
-19.43
-21.06
-21.58
-20.62
-18.16
-14.63
-10.89
-8.05
-7.14
-8.74
-12.74
-18.37
-24.43
-29.75
-33.55
-35.65
-36.44
-36.6
-36.82
-37.47
-38.45
-39.24
-39.1
-37.33
-33.57
-27.85
-20.69
-12.93
-5.48
0.88
5.77
9.32
12.26
15.69
20.66
27.62
36.11
44.77
51.79
55.59
55.33
51.12
43.65
33.79
22.28
9.88
-2.32
-12.62
-18.93
-19.5
-13.81
-3.16
9.54
20.8
27.89
29.82
27.44
22.75
17.76
13.51
9.91
6.12
1.33
-4.6
-11.12
-17.3
-22.47
-26.49
-29.71
-32.41
-34.4
-34.76
-32.32
-26.19
-16.43
-4.28
8.14
18.46
24.89
26.73
24.52
19.63
13.73
8.34
4.52
2.7
2.82
4.41
6.74
9.04
10.54
10.65
9.06
5.84
1.42
-3.49
-8.1
-11.82
-14.31
-15.54
-15.74
-15.13
-13.81
-11.72
-8.72
-4.84
-0.4
4.05
7.99
11.07
13.28
14.71
15.41
15.33
14.25
12.05
8.83
5
1.17
-2.12
-4.45
-5.69
-5.95
-5.42
-4.43
-3.31
-2.37
-1.91
-2.09
-2.93
-4.28
-5.78
-6.99
-7.41
-6.65
-4.6
-1.49
2.08
5.34
7.57
8.45
8.05
6.85
5.49
4.48
3.89
3.35
2.2
-0.18
-4.04
-9.16
-14.81
-19.95
-23.52
-24.71
-23.17
-19.06
-12.96
-5.72
1.77
8.74
14.72
19.68
23.92
27.96
32.2
36.57
40.46
42.75
42.27
38.32
31.05
21.52
11.35
2.16
-4.9
-9.26
-10.88
-9.97
-6.96
-2.46
2.67
7.37
10.57
11.41
9.57
5.24
-0.99
-8.37
-16.32
-24.48
-32.62
-40.5
-47.55
-52.8
-55.06
-53.2
-46.61
-35.49
-20.86
-4.37
12.01
26.24
36.49
41.41
40.48
34.31
24.69
14.19
5.45
0.34
-0.49
2.38
7.57
13.59
19.27
23.87
26.98
28.45
28.28
26.78
24.53
22.17
20.15
18.48
16.72
14.11
10
4.15
-3.17
-11.26
-19.26
-26.41
-32.19
-36.33
-38.68
-39.2
-37.9
-34.84
-30.25
-24.5
-18.11
-11.7
-5.89
-1.27
1.67
2.64
1.65
-0.83
-3.9
-6.45
-7.62
-7.2
-5.83
-4.65
-4.67
-6.2
-8.64
-10.87
-11.85
-11.05
-8.43
-4.1
1.99
10.05
19.91
30.58
40.27
46.85
48.81
45.95
39.48
31.46
23.93
18.08
14.24
12.02
10.86
10.29
10.06
9.95
9.79
9.36
8.62
7.68
6.89
6.56
6.87
7.71
8.71
9.42
9.47
8.77
7.45
5.77
3.97
2.12
0.18
-1.97
-4.32
-6.7
-8.78
-10.23
-10.85
-10.65
-9.82
-8.65
-7.36
-6.03
-4.64
-3.15
-1.64
-0.29
0.6
0.76
0.07
-1.39
-3.29
-5.17
-6.59
-7.27
-7.18
-6.54
-5.67
-4.92
-4.48
-4.41
-4.59
-4.9
-5.3
-5.92
-6.94
-8.5
-10.6
-12.98
-15.25
-17.01
-18.06
-18.42
-18.36
-18.26
-18.44
-19.12
-20.4
-22.2
-24.26
-26.17
-27.45
-27.66
-26.75
-25.09
-23.5
-22.95
-24.17
-27.34
-32.01
-37.18
-41.56
-43.88
-43.19
-39.04
-31.63
-21.78
-10.77
-0.01
9.36
16.75
22.21
26.17
29.13
31.35
32.78
33.21
32.37
30.22
26.8
22.32
17.08
11.4
5.7
0.4
-4.09
-7.54
-9.87
-11.29
-12.1
-12.58
-12.86
-12.95
-12.77
-12.29
-11.54
-10.71
-10.07
-9.91
-10.39
-11.53
-13.06
-14.65
-16.02
-17.22
-18.8
-21.58
-26.33
-33.26
-41.73
-50.25
-56.86
-59.72
-57.49
-49.68
-36.56
-19.05
1.5
23.39
44.8
63.99
79.47
90.28
96.02
96.79
93.11
85.73
75.55
63.56
50.84
38.6
28.16
20.88
17.87
19.67
25.85
34.9
44.53
52.22
56.02
54.97
49.24
39.82
28.11
15.48
3.13
-7.97
-17.01
-23.44
-27.02
-27.96
-26.8
-24.21
-20.77
-16.68
-11.68
-5.15
3.54
14.64
27.6
41.01
52.9
61.44
65.59
65.45
62.18
57.36
52.43
48.13
44.46
41.02
37.44
33.63
29.85
26.47
23.79
21.91
20.66
19.53
17.79
14.55
9.04
0.88
-9.75
-22.13
-35.21
-47.98
-59.69
-69.84
-78.07
-83.95
-86.91
-86.41
-82.21
-74.6
-64.47
-53.12
-41.95
-32.18
-24.64
-19.67
-17.13
-16.61
-17.43
-18.78
-19.8
-19.65
-17.65
-13.48
-7.25
0.39
8.44
15.75
21.36
24.86
26.57
27.47
28.99
32.58
39.2
48.92
60.76
72.73
82.4
87.63
87.19
81.23
71.27
59.62
48.75
40.43
35.32
32.75
31.15
28.65
23.88
16.53
7.41
-1.84
-9.44
-14.11
-15.41
-13.69
-9.7
-4.34
1.63
7.44
12.34
15.55
16.54
15.22
12.14
8.35
4.94
2.61
1.36
0.54
-0.83
-3.62
-8.25
-14.58
-22.09
-30
-37.47
-43.66
-47.83
-49.5
-48.7
-46.11
-42.89
-40.24
-39
-39.18
-40.1
-40.86
-40.77
-39.75
-38.17
-36.56
-35.08
-33.48
-31.26
-28.05
-23.9
-19.32
-15.02
-11.62
-9.45
-8.48
-8.5
-9.14
-10.01
-10.66
-10.75
-10.12
-8.94
-7.62
-6.62
-6.29
-6.7
-7.84
-9.73
-12.41
-15.87
-19.77
-23.28
-25.29
-24.8
-21.33
-15.23
-7.59
0.16
6.67
11.08
12.97
12.42
9.78
5.66
0.75
-4.31
-8.98
-12.95
-16.06
-18.28
-19.63
-20.08
-19.55
-18.02
-15.51
-12.18
-8.36
-4.45
-0.79
2.49
5.64
9.27
14.16
20.89
29.32
38.36
46.1
50.32
49.17
41.82
28.64
11.18
-8.2
-26.86
-42.34
-52.76
-57.36
-56.68
-52.6
-47.85
-45.14
-46.26
-51.39
-59.01
-66.44
-70.83
-69.92
-62.73
-49.59
-31.87
-11.57
9.14
28.19
43.88
54.99
61.03
62.19
59.25
53.41
45.93
37.92
30.09
22.79
16
9.66
3.81
-1.27
-5.12
-7.29
-7.61
-6.42
-4.42
-2.48
-1.29
-0.95
-0.99
-0.53
1.24
4.76
9.86
15.88
21.92
27.07
30.5
31.53
29.61
24.31
15.6
3.93
-9.63
-23.52
-36.07
-45.85
-51.98
-54.16
-52.61
-47.77
-40.12
-30.18
-18.54
-6.09
6
16.44
24.08
28.38
29.49
28.2
25.58
22.51
19.45
16.45
13.34
9.96
6.41
3.04
0.23
-1.78
-2.99
-3.65
-4.19
-5.04
-6.54
-8.76
-11.46
-14.22
-16.64
-18.54
-19.98
-21.14
-22.09
-22.54
-21.97
-19.87
-16.19
-11.39
-6.32
-1.86
1.52
3.88
5.62
7.18
8.81
10.42
11.82
12.84
13.4
13.55
13.31
12.65
11.46
9.71
7.52
5.2
3.17
1.8
1.31
1.67
2.64
3.79
4.72
5.04
4.56
3.22
1.12
-1.48
-4.24
-6.77
-8.75
-10.02
-10.58
-10.54
-10.15
-9.65
-9.33
-9.39
-9.93
-10.84
-11.84
-12.63
-13.1
-13.51
-14.35
-16.04
-18.5
-21.03
-22.45
-21.65
-18.02
-11.78
-3.81
4.72
12.81
19.74
25.11
28.62
30.05
29.4
27.02
23.74
20.74
19.1
19.47
21.98
26.13
31.13
36.09
40.22
43.04
44.45
44.66
44.05
43.02
41.65
39.77
37.08
33.43
28.93
23.94
18.69
13.13
6.91
-0.26
-8.17
-15.96
-22.36
-26.28
-27.4
-26.31
-24.15
-22.02
-20.62
-19.99
-19.87
-20.08
-20.67
-21.92
-23.95
-26.45
-28.44
-28.66
-26.02
-20.2
-11.99
-3.09
4.38
8.63
8.83
5.33
-0.68
-7.71
-14.55
-20.62
-25.89
-30.69
-35.32
-39.72
-43.41
-45.54
-45.18
-41.53
-34.25
-23.54
-10.26
4.06
17.56
28.27
34.72
36.29
33.33
26.86
18.19
8.49
-1.35
-10.53
-18.32
-23.91
-26.61
-26.27
-23.45
-19.38
-15.56
-13.33
-13.36
-15.48
-18.77
-21.79
-23.12
-21.84
-17.79
-11.59
-4.3
3.06
9.96
16.55
23.45
31.3
40.31
49.93
58.92
65.78
69.23
68.71
64.52
57.63
49.31
40.65
32.34
24.64
17.7
11.65
6.74
3.16
0.91
-0.35
-1.14
-1.94
-2.99
-4.22
-5.37
-6.15
-6.46
-6.51
-6.62
-7.12
-8.16
-9.64
-11.35
-13
-14.43
-15.55
-16.4
-16.94
-17.1
-16.75
-15.83
-14.46
-12.92
-11.55
-10.6
-10.21
-10.28
-10.51
-10.33
-8.97
-5.54
0.72
10.07
22.1
35.61
48.9
60.11
67.77
71.11
70.27
66.25
60.63
55.05
50.49
46.86
43.01
37.24
28.24
15.89
1.46
-12.71
-24.01
-30.49
-31.56
-28.09
-22.3
-17.03
-14.98
-17.81
-25.64
-36.91
-48.91
-58.63
-63.64
-62.71
-55.68
-43.34
-27.08
-8.74
9.4
24.77
34.95
38.2
33.99
23.33
8.61
-6.86
-19.71
-27.37
-28.74
-24.46
-16.49
-7.45
0.36
5.62
8.24
9.06
9.24
9.66
10.62
11.88
12.95
13.39
13.02
11.97
10.64
9.62
9.61
11.21
14.73
19.75
25.04
28.59
28.27
22.65
11.88
-1.89
-15
-23.3
-23.76
-15.61
-0.87
16.27
30.81
38.65
37.89
29.33
16.11
2.44
-7.75
-12.08
-10.27
-4.05
3.6
9.49
11.26
8.16
1.2
-7.21
-14.1
-16.9
-14.36
-6.93
3.42
13.75
21.26
24.11
22.13
16.86
10.99
7.44
8.19
13.59
22.11
31.1
37.85
40.7
39.5
35.41
30.24
25.77
23.24
23.17
25.49
29.49
33.98
37.52
38.72
36.77
31.69
24.27
15.67
6.87
-1.77
-10.36
-19.13
-28.19
-37.26
-45.89
-53.43
-59.25
-62.59
-62.64
-58.7
-50.4
-38.28
-23.87
-9.63
1.68
7.78
7.67
1.82
-8
-19.47
-30.46
-39.58
-46.32
-50.84
-53.59
-55.06
-55.67
-55.9
-56.19
-56.73
-57.14
-56.37
-53
-45.86
-34.78
-20.95
-6.71
5.23
12.87
15.63
14.44
11.06
7.21
3.8
0.84
-2.09
-5.13
-7.78
-8.82
-6.92
-1.27
7.87
19.16
30.57
40.03
46.05
47.98
46.03
41.09
34.31
26.82
19.52
13.06
7.82
3.97
1.48
0.13
-0.41
-0.48
-0.31
-0.01
0.47
1.23
2.39
3.96
5.84
7.75
9.25
9.81
8.94
6.31
1.86
-4.09
-10.86
-17.52
-23.04
-26.55
-27.56
-26.09
-22.65
-17.97
-12.79
-7.64
-2.76
1.82
6.12
10.05
13.42
15.98
17.6
18.26
18.08
17.26
16.01
14.55
13.02
11.58
10.27
9.12
8.15
7.38
6.88
6.74
7.08
7.96
9.36
11.11
12.88
14.29
14.98
14.68
13.27
10.78
7.31
3.09
-1.61
-6.44
-10.98
-14.92
-18.01
-20.32
-22.03
-23.48
-24.83
-25.98
-26.6
-26.16
-24.25
-20.67
-15.63
-9.62
-3.31
2.67
7.82
11.8
14.51
15.99
16.46
16.24
15.7
15.18
14.95
15.13
15.62
16.1
16.08
15.09
12.94
9.81
6.29
3.06
0.55
-1.29
-2.98
-5.19
-8.24
-11.88
-15.32
-17.67
-18.34
-17.35
-15.21
-12.59
-10.1
-8
-6.33
-4.97
-3.71
-2.36
-0.73
1.32
3.67
5.92
7.5
7.86
6.73
4.25
0.82
-3.12
-7.32
-11.71
-16.31
-21.02
-25.58
-29.6
-32.74
-34.77
-35.6
-35.11
-33.16
-29.62
-24.58
-18.45
-11.92
-5.75
-0.57
3.26
5.69
6.88
7.07
6.56
5.8
5.38
5.99
8.11
11.76
16.36
20.94
24.35
25.61
24.19
20.05
13.6
5.61
-2.97
-11.14
-18.13
-23.61
-27.73
-30.91
-33.45
-35.1
-34.89
-31.24
-22.4
-7.11
14.69
41.36
69.63
95.2
113.99
123.29
122.7
114.02
100.42
85.26
71.14
59.5
50.88
45.4
42.87
42.63
43.31
42.91
39.41
31.75
20.47
7.69
-3.72
-11.31
-14.1
-12.92
-10.09
-8.37
-9.96
-15.66
-24.72
-35.1
-44.22
-49.76
-50.28
-45.52
-36.32
-24.28
-11.27
0.9
10.7
17.01
19.09
16.75
10.37
1.11
-9.26
-18.64
-25.02
-27.1
-24.8
-19.45
-13.47
-9.71
-10.5
-16.92
-28.57
-43.75
-60.05
-74.87
-85.73
-90.41
-87.3
-75.75
-56.65
-32.67
-7.86
13.43
27.79
33.86
32.52
26.26
18.12
10.64
5.31
2.5
1.79
2.45
3.7
4.85
5.42
5.07
3.52
0.45
-4.43
-11.21
-19.53
-28.42
-36.41
-41.96
-43.87
-41.72
-35.78
-26.82
-15.64
-2.88
10.99
25.44
39.61
52.2
61.56
66.07
64.76
57.73
46.37
33.09
20.75
11.76
7.56
8.37
13.35
21.06
29.75
37.69
43.3
45.41
43.58
38.31
30.91
22.97
15.69
9.47
4.05
-0.96
-5.66
-9.63
-12.37
-13.76
-14.4
-15.46
-18.11
-22.89
-29.6
-37.36
-45.05
-51.55
-55.86
-57.03
-54.42
-47.86
-38.06
-26.55
-15.32
-6.16
-0.08
2.87
3.32
1.94
-0.99
-5.56
-11.86
-19.54
-27.55
-34.37
-38.69
-39.81
-37.98
-34.07
-29.02
-23.39
-17.24
-10.36
-2.76
5.07
12.26
17.92
21.46
22.86
22.51
21.09
19.27
17.65
16.63
16.42
16.91
17.65
17.96
17.08
14.55
10.44
5.42
0.64
-2.6
-3.23
-0.62
5.22
13.62
23.45
33.18
41.34
46.67
48.48
46.7
41.82
34.72
26.38
17.72
9.5
2.31
-3.36
-7.18
-8.98
-8.95
-7.53
-5.36
-3.09
-1.17
0.21
1.09
1.58
1.72
1.37
0.38
-1.35
-3.68
-6.26
-8.66
-10.5
-11.64
-12.12
-12.18
-12.04
-11.87
-11.72
-11.57
-11.36
-11.07
-10.75
-10.43
-10.14
-9.89
-9.64
-9.44
-9.42
-9.81
-10.83
-12.55
-14.71
-16.94
-18.88
-20.49
-22.1
-24.31
-27.59
-32.08
-37.44
-42.97
-47.92
-51.73
-53.96
-54.29
-52.36
-47.89
-40.91
-32.03
-22.43
-13.55
-6.43
-1.1
3.54
9.44
18.45
31.41
47.6
64.96
80.85
92.94
99.86
101.22
97.4
89.11
77.24
62.92
47.79
33.87
23.11
16.86
15.3
17.33
20.86
23.57
23.52
19.67
12.02
1.33
-11.2
-24.3
-36.73
-47.36
-55
-58.62
-57.58
-51.97
-42.84
-31.99
-21.43
-12.72
-6.43
-2.19
0.98
3.98
7.24
10.63
13.67
15.94
17.28
17.86
17.82
17.11
15.34
12.12
7.22
0.97
-5.88
-12.37
-17.81
-22.04
-25.44
-28.68
-32.2
-36.01
-39.62
-42.36
-43.75
-43.87
-43.27
-42.69
-42.68
-43.25
-43.98
-44.23
-43.6
-41.99
-39.64
-36.78
-33.46
-29.53
-24.86
-19.65
-14.47
-10.06
-7.03
-5.55
-5.25
-5.48
-5.56
-5
-3.55
-0.9
3.51
10.55
21.06
35.3
52.42
70.24
85.75
96.06
99.49
96.29
88.41
78.62
69.31
61.55
55.01
48.61
41.42
33.19
24.31
15.36
6.55
-2.35
-11.63
-21.11
-29.61
-35.09
-35.35
-28.96
-15.95
1.83
21.22
38.54
50.66
55.79
53.73
45.72
33.9
20.65
7.98
-2.73
-10.86
-16.36
-19.55
-21.02
-21.51
-21.83
-22.84
-25.26
-29.47
-35.39
-42.42
-49.55
-55.73
-60.16
-62.5
-62.98
-62.23
-60.97
-59.82
-59.1
-58.74
-58.5
-57.94
-56.63
-54.12
-50.02
-43.93
-35.61
-25.04
-12.6
0.85
14.13
25.89
34.9
40.42
42.39
41.39
38.49
34.95
31.84
29.81
29.13
29.65
30.95
32.45
33.43
33.15
31.05
26.97
21.31
14.96
8.93
3.95
0.1
-3.2
-6.86
-11.66
-17.83
-24.92
-31.97
-37.85
-41.62
-42.76
-41.23
-37.39
-31.87
-25.39
-18.62
-12.09
-6.14
-1
3.29
6.71
9.35
11.38
13.01
14.39
15.45
15.88
15.3
13.4
10.28
6.49
2.84
0.09
-1.3
-1.31
-0.15
1.9
4.72
8.21
12.11
15.94
19.03
20.79
21.03
20.07
18.62
17.44
16.95
17.1
17.44
17.34
16.36
14.45
11.9
9.24
6.89
5.07
3.75
2.77
1.97
1.39
1.16
1.41
2.18
3.23
4.21
4.76
4.75
4.27
3.62
3.08
2.76
2.56
2.29
1.8
1.14
0.52
0.15
0.15
0.41
0.64
0.49
-0.3
-1.82
-3.9
-6.21
-8.42
-10.32
-11.91
-13.43
-15.16
-17.35
-20
-22.86
-25.49
-27.51
-28.73
-29.34
-29.85
-30.8
-32.57
-35.22
-38.43
-41.7
-44.55
-46.72
-48.17
-49.08
-49.63
-50.04
-50.46
-50.87
-50.89
-49.63
-45.77
-37.95
-25.47
-8.77
10.48
29.85
47.05
60.62
70.29
76.76
81.19
84.61
87.6
90.26
92.28
93.18
92.38
89.43
84.34
77.69
70.63
64.57
60.68
59.4
60.28
62.17
63.56
63.03
59.49
52.37
41.53
27.27
10.32
-8.22
-27.03
-44.84
-60.66
-73.92
-84.38
-91.98
-96.61
-98.17
-96.61
-92.13
-85.15
-76.33
-66.37
-55.92
-45.46
-35.37
-25.99
-17.6
-10.34
-4.22
0.95
5.46
9.49
13.02
15.78
17.34
17.24
15.24
11.46
6.4
0.91
-4.08
-7.74
-9.69
-9.98
-9.04
-7.41
-5.28
-2.48
1.58
7.51
15.59
25.53
36.65
48.19
59.63
70.77
81.41
90.98
98.39
102.26
101.45
95.64
85.51
72.5
58.21
43.86
30.08
16.85
3.92
-8.89
-21.46
-33.29
-43.6
-51.47
-56.14
-57.34
-55.56
-52.07
-48.61
-46.73
-47.12
-49.17
-51.2
-51.11
-47.35
-39.57
-28.81
-16.97
-6.17
1.98
6.52
7.11
3.89
-2.47
-10.54
-18.21
-23.1
-23.51
-19.2
-11.72
-3.87
1.4
2.12
-2.04
-9.85
-19.08
-27.41
-32.95
-34.5
-31.42
-23.43
-10.56
6.72
27.2
48.79
68.62
83.59
91.27
90.55
82.11
68.17
51.83
36.21
23.8
16.14
13.8
16.48
22.86
30.73
37.17
39.1
34.19
21.66
2.63
-20.13
-43.21
-63.6
-79.45
-90.26
-96.39
-98.45
-96.85
-91.66
-83.02
-71.4
-57.76
-43.28
-29.17
-16.34
-5.39
3.26
9.32
12.56
12.98
10.96
7.38
3.4
0.23
-1.3
-1.03
0.43
1.82
1.64
-1.34
-7.43
-15.59
-23.46
-28.03
-26.6
-17.85
-2.52
16.72
36.04
51.65
61.1
63.95
61.73
57.19
53.2
51.68
53.09
56.4
59.62
60.53
57.43
49.6
37.45
22.45
6.85
-6.63
-15.2
-16.68
-10.11
3.69
22.11
41.2
56.73
65.36
65.64
58.2
45.44
30.47
16.06
3.93
-5.51
-12.71
-18.42
-23.15
-27
-29.82
-31.6
-32.68
-33.67
-35.24
-37.58
-40.34
-42.73
-43.98
-43.71
-42.2
-40.13
-38.21
-36.88
-36.08
-35.51
-34.84
-34.03
-33.27
-32.91
-33.14
-33.9
-34.9
-35.79
-36.33
-36.41
-36.04
-35.2
-33.91
-32.21
-30.24
-28.23
-26.34
-24.5
-22.27
-18.99
-14.1
-7.62
-0.16
7.11
12.96
16.5
17.5
16.28
13.58
10.22
6.87
4.12
2.44
2.27
3.9
7.27
11.94
17.11
21.85
25.35
26.98
26.42
23.54
18.68
12.62
6.74
2.81
2.46
6.55
14.75
25.45
36.3
44.95
49.65
49.57
44.79
36.01
24.45
11.66
-0.63
-10.74
-17.39
-20.06
-19
-15.13
-9.62
-3.61
2.07
7.06
11.44
15.78
20.99
27.94
37.03
47.73
58.46
67.01
71.18
69.79
63.18
53.21
42.59
33.85
28.44
26.3
26.12
25.8
23.08
16.14
4.05
-12.94
-33.32
-54.38
-72.72
-84.92
-88.45
-82.48
-68.27
-48.87
-28.18
-9.87
3.58
11.23
13.44
11.32
6.22
-0.53
-7.59
-13.48
-16.77
-16.36
-12.12
-5.11
2.79
9.38
13.08
13.24
10.14
4.71
-1.91
-8.69
-14.81
-19.7
-23.1
-25.13
-26.23
-27.18
-28.66
-30.99
-33.95
-36.89
-39.05
-39.93
-39.43
-37.76
-35.3
-32.26
-28.66
-24.35
-19.12
-12.85
-5.52
2.87
12.22
22.32
32.8
43.04
52.32
59.88
65.16
67.81
67.73
64.98
59.75
52.38
43.48
33.96
24.95
17.51
12.26
9.13
7.24
5.3
2.13
-2.79
-8.84
-14.33
-17.02
-15.04
-7.71
3.87
17.05
28.23
33.93
31.9
21.86
5.64
-13.41
-31.48
-45.5
-54.12
-57.94
-59.03
-59.84
-62.2
-66.62
-72.4
-78.23
-82.86
-85.71
-86.75
-86.2
-83.9
-79.14
-70.65
-57.05
-37.48
-12.2
17.22
48.11
77.2
101.47
118.53
127.2
127.34
119.72
105.88
87.95
68.53
50.34
35.65
25.67
20.25
17.95
16.47
13.39
6.95
-3.59
-17.82
-34.35
-51.28
-66.54
-78.29
-85.3
-87.06
-83.84
-76.58
-66.63
-55.41
-44.26
-34.21
-25.83
-19.03
-13.03
-6.67
1.22
11.09
22.32
33.34
42.16
47.33
48.6
46.93
43.93
41.04
38.95
37.63
36.76
36.15
35.92
36.18
36.77
37.07
36.35
34.15
30.74
26.97
23.9
22.35
22.46
23.86
25.88
27.81
29.07
29.32
28.36
26.17
22.97
19.11
15.12
11.48
8.54
6.39
4.96
4.07
3.47
2.99
2.5
1.97
1.44
0.97
0.56
0.13
-0.51
-1.59
-3.17
-5.05
-6.78
-7.8
-7.75
-6.63
-4.97
-3.58
-3.24
-4.34
-6.63
-9.23
-11.03
-11.05
-8.7
-4.12
2.09
8.98
15.64
21.34
25.56
28.03
28.66
27.64
25.28
22.07
18.3
13.92
8.52
1.64
-6.61
-15.18
-22.08
-25.11
-22.89
-15.73
-5.89
3.19
8.31
7.84
2.37
-5.77
-13.66
-19.05
-21.11
-20.47
-18.62
-17.17
-17.25
-19.23
-22.69
-26.73
-30.37
-32.91
-34.14
-34.25
-33.68
-32.85
-31.95
-30.94
-29.61
-27.77
-25.28
-22.05
-17.88
-12.62
-6.32
0.64
7.56
13.63
18.32
21.64
24.11
26.55
29.68
33.72
38.19
42.13
44.4
44.11
40.96
35.13
26.96
16.77
4.74
-8.85
-23.17
-36.76
-47.76
-54.5
-56.27
-53.69
-48.56
-43.17
-39.47
-38.42
-39.93
-43.28
-47.73
-53
-59.1
-66.01
-73.24
-79.56
-83.16
-82.15
-75.04
-61.14
-40.91
-16.01
10.81
35.99
55.89
67.73
70.3
64.4
52.63
38.46
25.28
15.54
10.49
10.33
14.5
21.89
30.83
39.11
44.05
43.1
34.66
18.75
-2.73
-26.46
-48.74
-66.63
-78.59
-84.64
-85.81
-83.4
-78.34
-71.13
-61.86
-50.65
-37.72
-23.53
-8.71
6.02
19.82
31.84
41.36
47.99
51.75
53.01
52.26
49.91
46.22
41.39
35.66
29.4
23.02
16.79
10.85
5.23
0.03
-4.43
-7.74
-9.58
-9.97
-9.28
-8.2
-7.43
-7.47
-8.46
-10.18
-12.19
-13.94
-14.99
-15.09
-14.29
-12.92
-11.51
-10.57
-10.34
-10.65
-11.01
-10.79
-9.62
-7.47
-4.75
-2.11
-0.16
0.83
0.95
0.64
0.42
0.63
1.31
2.14
2.46
1.51
-1.41
-6.52
-13.4
-20.8
-26.93
-29.91
-28.48
-22.54
-13.28
-2.81
6.6
13.3
16.63
16.84
14.78
11.39
7.58
4.27
2.49
3.3
7.44
14.82
24.27
33.65
40.53
43.07
40.71
34.42
26.16
18.16
12.03
8.34
6.6
5.84
5.19
4.27
3.32
2.94
3.84
6.62
11.72
19.36
29.43
41.28
53.57
64.35
71.61
73.94
71.12
64.01
54.02
42.32
29.46
15.63
1.28
-12.49
-23.99
-31.68
-35
-34.68
-32.32
-29.49
-27.05
-24.91
-22.47
-19.19
-14.95
-9.99
-4.63
0.86
6.19
10.78
13.76
14.24
11.74
6.53
-0.19
-6.62
-10.86
-11.46
-7.85
-0.52
9.05
18.68
26.05
29.34
27.84
22.18
14.25
6.58
1.54
0.65
4.17
11.16
19.8
27.9
33.36
34.74
31.64
24.96
16.66
9.28
5
4.85
8.34
13.71
18.84
22.11
23.05
22.36
21.36
21.29
22.76
25.6
28.98
31.65
32.21
29.34
22.2
10.75
-3.92
-19.62
-33.46
-42.72
-45.72
-42.53
-34.88
-25.61
-17.72
-13.36
-13.34
-17.03
-22.88
-29.11
-34.34
-38
-40.28
-41.9
-43.44
-45.08
-46.37
-46.49
-44.66
-40.71
-35.38
-30.32
-27.62
-29.06
-35.53
-46.59
-60.56
-74.89
-86.62
-92.97
-91.8
-82.2
-64.79
-41.8
-16.74
6.33
23.83
33.56
35.16
30.08
20.92
10.76
2.34
-2.46
-2.96
0.3
5.93
12.15
17.38
20.63
21.67
20.8
18.67
15.99
13.32
10.98
9.01
7.21
5.32
3.23
1.02
-0.98
-2.3
-2.57
-1.71
0.03
2.29
4.62
6.76
8.57
10.03
11.14
11.75
11.7
10.84
9.26
7.25
5.24
3.62
2.64
2.4
2.81
3.86
5.44
7.5
9.87
12.34
14.55
16.16
16.89
16.56
15.14
12.64
9.21
5.07
0.52
-4.16
-8.73
-13.03
-17.04
-20.69
-23.92
-26.57
-28.44
-29.34
-29.19
-28.16
-26.48
-24.47
-22.37
-20.32
-18.35
-16.47
-14.68
-12.94
-11.18
-9.23
-6.95
-4.2
-1.04
2.37
5.82
9.24
12.73
16.44
20.43
24.48
28.09
30.62
31.63
31.04
29.17
26.58
23.8
21.13
18.61
16.19
13.84
11.62
9.64
8.01
6.66
5.41
4.09
2.58
0.98
-0.49
-1.56
-2.15
-2.35
-2.4
-2.63
-3.21
-4.16
-5.33
-6.49
-7.42
-8.03
-8.35
-8.49
-8.68
-9.14
-10
-11.26
-12.67
-13.79
-14.13
-13.42
-11.7
-9.39
-7.03
-5.03
-3.51
-2.29
-1.11
0.21
1.63
3.05
4.42
5.92
7.93
10.76
14.58
19.16
24
28.36
31.64
33.42
33.59
32.28
29.57
25.59
20.47
14.58
8.53
3.09
-1.41
-5.44
-10.22
-17.17
-26.87
-38.45
-49.58
-57.34
-59.55
-55.81
-47.47
-36.84
-26.04
-16.16
-7.22
1.17
9.16
16.24
21.45
23.94
23.44
20.33
15.45
9.74
3.97
-1.21
-5.2
-7.42
-7.4
-4.96
-0.36
5.73
12.46
18.97
24.5
28.41
30.06
29
25.2
19.24
12.43
6.43
2.77
2.31
5.03
10.01
16.04
21.98
27.11
31.28
34.63
37.39
39.59
41
41.21
39.85
36.86
32.4
26.89
20.8
14.56
8.68
3.86
1.02
1.07
4.45
10.68
18.5
26.18
32.22
35.85
37.13
36.51
34.34
30.53
24.68
16.65
6.96
-3.14
-12.09
-18.75
-22.79
-24.7
-25.39
-25.73
-26.12
-26.57
-26.93
-27
-26.78
-26.27
-25.38
-23.89
-21.54
-18.16
-13.76
-8.61
-3.11
2.15
6.58
9.63
10.91
10.5
8.91
7.02
5.66
5.27
5.63
5.89
5.08
2.62
-1.27
-5.39
-8.09
-7.87
-4.1
2.65
10.68
17.87
22.27
22.76
19.23
12.34
3.12
-7.41
-18.43
-29.28
-39.28
-47.66
-53.55
-56.24
-55.35
-51.02
-43.98
-35.39
-26.62
-18.88
-12.93
-8.94
-6.51
-5.08
-4.15
-3.57
-3.54
-4.37
-6.24
-8.98
-12.12
-15.04
-17.3
-18.78
-19.65
-20.28
-21
-22.04
-23.45
-25.2
-27.22
-29.45
-31.8
-34.14
-36.25
-37.81
-38.46
-37.94
-36.19
-33.41
-30.04
-26.38
-22.4
-17.55
-10.96
-1.86
9.86
23.46
37.6
50.72
61.68
69.95
75.63
79.14
81.1
82.07
82.52
82.77
82.81
82.31
80.6
76.87
70.55
61.64
50.71
38.83
27.22
16.82
7.93
0.13
-7.53
-16.14
-26.47
-38.68
-52.23
-66.07
-78.78
-88.72
-94.14
-93.51
-85.97
-71.9
-53.13
-32.61
-13.42
2.26
13.98
22.93
31.01
39.77
49.44
58.95
66.54
70.76
71.23
68.63
64.33
59.56
54.97
50.52
45.79
40.42
34.47
28.44
23.12
19.32
17.63
18.26
21.01
25.32
30.45
35.77
40.87
45.6
49.89
53.35
55.13
53.9
48.3
37.47
21.6
1.9
-19.73
-41.24
-60.91
-77.49
-90.13
-98.2
-101.24
-99.1
-92.12
-81.25
-67.92
-53.83
-40.51
-29.05
-19.89
-12.87
-7.44
-2.99
0.83
4.03
6.31
7.36
7.14
5.98
4.47
3.19
2.51
2.38
2.51
2.42
1.65
-0.02
-2.65
-6.06
-9.98
-14.11
-18.26
-22.32
-26.29
-30.11
-33.62
-36.56
-38.63
-39.67
-39.78
-39.27
-38.56
-37.97
-37.52
-36.98
-35.98
-34.08
-30.96
-26.47
-20.67
-13.82
-6.43
0.93
7.71
13.5
18.16
21.73
24.28
25.84
26.19
24.83
21.14
14.55
4.97
-6.83
-19.11
-29.42
-35.23
-34.94
-28.47
-17.31
-3.91
9.28
20.66
29.67
36.5
41.62
45.2
47.25
47.82
47.21
45.94
44.44
42.6
39.81
35.15
27.93
18.15
6.75
-4.6
-13.94
-19.55
-20.34
-16.1
-7.46
4.19
17.08
29.4
39.53
46.34
49.16
47.85
42.82
35.22
26.74
19.25
14.1
11.24
9.11
5.1
-3.16
-16.51
-33.6
-51.47
-66.84
-77.49
-83.02
-84.44
-83.3
-80.76
-77.16
-72.32
-66.05
-58.67
-51.08
-44.35
-39.28
-35.99
-33.82
-31.58
-28.01
-22.29
-14.4
-5.14
4.22
12.45
18.87
23.39
26.37
28.14
28.8
28.14
25.93
22.22
17.51
12.74
8.91
6.83
6.74
8.37
11.01
13.81
15.99
17.02
16.7
15.1
12.6
9.74
7.15
5.33
4.54
4.72
5.53
6.57
7.52
8.18
8.47
8.42
7.96
7.1
5.95
4.75
3.82
3.4
3.47
3.81
4.07
3.97
3.39
2.36
1.02
-0.46
-1.84
-2.83
-3.19
-2.83
-2.01
-1.29
-1.4
-2.9
-5.93
-10.09
-14.74
-19.22
-23.08
-26.12
-28.11
-28.68
-27.35
-23.79
-18.06
-10.78
-2.9
4.57
10.96
16.07
20.1
23.47
26.55
29.6
32.7
35.73
38.49
40.77
42.47
43.82
45.25
47.31
50.33
54.27
58.69
62.88
66.11
67.89
67.99
66.46
63.53
59.56
54.96
50.14
45.45
41.03
36.85
32.72
28.5
24.17
19.92
16.14
13.27
11.59
11.03
11.12
11.07
10.06
7.59
3.71
-1.04
-5.88
-10.1
-13.46
-16.18
-18.84
-22.06
-26.15
-30.99
-36.06
-40.69
-44.27
-46.49
-47.3
-46.91
-45.63
-43.79
-41.73
-39.78
-38.25
-37.28
-36.75
-36.23
-35.19
-33.25
-30.46
-27.37
-24.83
-23.69
-24.37
-26.73
-30.04
-33.19
-35.06
-34.94
-32.91
-30.04
-28.05
-28.69
-32.81
-39.91
-48.21
-55.34
-59.24
-58.87
-54.41
-47.01
-38.43
-30.64
-25.49
-24.32
-27.6
-34.59
-43.39
-51.28
-55.6
-54.5
-47.41
-35.13
-19.45
-2.69
12.91
25.45
33.85
38
38.64
37.1
34.77
32.74
31.51
31.1
31.26
31.68
32.14
32.48
32.52
32.04
30.86
28.85
26
22.44
18.33
13.72
8.55
2.55
-4.55
-12.85
-22.07
-31.43
-39.76
-45.78
-48.48
-47.54
-43.39
-37.05
-29.81
-22.84
-17.11
-13.26
-11.59
-11.89
-13.43
-14.91
-14.85
-12.19
-6.85
0.11
6.82
11.4
12.77
11.02
7.26
3.02
-0.37
-2.2
-2.33
-0.95
1.71
5.55
10.51
16.46
22.99
29.43
34.99
39.05
41.3
41.92
41.44
40.47
39.41
38.29
36.71
34.24
30.73
26.47
22.15
18.52
16.04
14.68
14.02
13.46
12.5
10.97
8.92
6.57
4.12
1.64
-0.9
-3.54
-6.28
-9.02
-11.51
-13.48
-14.7
-15.09
-14.74
-13.9
-12.88
-11.94
-11.25
-10.92
-10.97
-11.41
-12.18
-13.09
-13.84
-14.07
-13.42
-11.73
-9.13
-6
-2.86
-0.18
1.78
3.02
3.78
4.39
5.08
5.97
6.94
7.83
8.49
8.82
8.76
8.28
7.35
6.06
4.72
3.88
4.24
6.38
10.45
16.09
22.5
28.73
33.99
37.91
40.5
41.92
42.23
41.34
39.1
35.5
30.86
25.79
20.87
16.33
11.81
6.63
0.18
-7.61
-16.09
-24.15
-30.69
-35.06
-37.19
-37.48
-36.56
-35.1
-33.85
-33.5
-34.63
-37.31
-40.94
-44.27
-45.82
-44.5
-40.05
-33.22
-25.32
-17.64
-10.86
-4.98
0.49
6.04
11.83
17.5
22.29
25.38
25.93
23.19
16.51
5.52
-9.31
-26.3
-42.65
-55.27
-61.99
-62.71
-59.37
-54.9
-51.55
-49.7
-47.73
-43.21
-34.36
-21.15
-5.27
10.91
25.57
38
48.39
57.11
64.13
68.88
70.65
69.16
64.82
58.72
52.18
46.31
41.69
38.38
36.05
34.15
32.16
29.7
26.65
23.08
19.26
15.44
11.57
7.3
2.1
-4.37
-11.82
-19.2
-24.91
-27.3
-25.37
-19.34
-10.62
-1.44
5.82
9.39
8.53
3.52
-4.53
-14.09
-23.7
-32.17
-38.67
-42.57
-43.38
-40.63
-34.08
-23.88
-10.78
3.81
18.17
30.64
40.15
46.43
49.95
51.57
52.15
52.2
51.87
51
49.29
46.42
42.2
36.58
29.72
22.04
14.2
6.98
1.11
-2.88
-4.9
-5.16
-4.09
-2.23
-0.12
1.88
3.5
4.61
5.16
5.12
4.53
3.6
2.59
1.87
1.69
2.14
3.02
3.94
4.49
4.44
3.87
3.1
2.52
2.33
2.49
2.72
2.73
2.31
1.46
0.29
-1.06
-2.51
-4.03
-5.7
-7.6
-9.83
-12.55
-15.84
-19.7
-24.02
-28.57
-33.13
-37.62
-42.12
-46.91
-52.2
-57.95
-63.65
-68.36
-70.81
-69.82
-64.56
-54.92
-41.63
-26.24
-10.75
2.69
12.39
17.55
18.57
17.02
15.19
15.5
19.68
28.32
40.56
54.39
67.12
76.09
79.37
76.2
67.1
53.67
38.03
22.33
8.34
-2.76
-10.36
-14.38
-15.2
-13.74
-11.28
-9.28
-8.92
-10.87
-15.03
-20.81
-27.27
-33.56
-38.95
-42.86
-44.86
-44.64
-42.29
-38.48
-34.53
-32.03
-32.39
-36.18
-42.86
-50.87
-58.18
-62.91
-63.91
-60.88
-54.09
-44.1
-31.4
-16.41
0.28
17.74
34.66
49.51
60.86
67.76
69.89
67.66
62.06
54.43
46.22
38.82
33.28
30.29
29.99
31.99
35.35
38.75
40.65
39.72
35.2
27.03
15.87
2.72
-11.52
-26.29
-41.35
-56.44
-70.73
-82.8
-90.9
-93.53
-90.14
-81.33
-68.55
-53.53
-37.6
-21.38
-5.08
11.11
26.54
40.08
50.47
56.95
59.56
59.14
56.91
53.96
50.81
47.45
43.52
38.58
32.49
25.45
18.04
11.07
5.43
1.89
0.85
2.19
5.48
10.06
15.38
21.11
27.04
32.82
37.86
41.26
42.19
40.18
35.45
28.83
21.39
14.14
7.67
2.16
-2.45
-6.24
-9.17
-11.1
-12
-12.07
-11.75
-11.54
-11.8
-12.58
-13.64
-14.58
-15.11
-15.14
-14.76
-14.17
-13.56
-13.01
-12.45
-11.85
-11.17
-10.41
-9.61
-8.75
-7.73
-6.46
-4.92
-3.19
-1.52
-0.14
0.75
1.18
1.38
1.65
2.25
3.26
4.55
5.81
6.74
7.1
6.82
5.97
4.66
3.01
1.11
-0.93
-2.93
-4.67
-5.9
-6.59
-6.85
-7.04
-7.47
-8.32
-9.49
-10.66
-11.48
-11.79
-11.65
-11.35
-11.21
-11.4
-11.83
-12.27
-12.47
-12.31
-11.93
-11.61
-11.61
-12.02
-12.71
-13.39
-13.85
-13.88
-13.43
-12.48
-10.99
-9.04
-6.84
-4.84
-3.56
-3.3
-3.8
-4.3
-3.69
-1.02
4.05
11.09
19.09
26.72
32.85
36.79
38.42
38.07
36.39
34.09
31.76
29.84
28.46
27.6
27.08
26.7
26.26
25.63
24.68
23.29
21.39
18.91
15.87
12.32
8.4
4.28
0.17
-3.76
-7.39
-10.62
-13.36
-15.41
-16.49
-16.35
-14.86
-12.21
-8.83
-5.33
-2.26
-0.03
1.24
1.67
1.44
0.83
0.07
-0.61
-0.99
-0.93
-0.45
0.3
1.1
1.72
2.07
2.18
2.21
2.27
2.44
2.62
2.67
2.44
1.8
0.63
-1.11
-3.41
-6.24
-9.35
-12.39
-14.94
-16.6
-17.2
-16.84
-15.91
-14.9
-14.3
-14.35
-15.05
-16.14
-17.25
-18.04
-18.32
-18.19
-18.01
-18.46
-20.29
-24.08
-29.89
-37.04
-44.12
-49.28
-50.78
-47.49
-39.26
-26.87
-11.96
3.41
17.19
27.67
34.06
36.61
36.65
36.05
36.54
38.96
42.97
47.39
50.82
52.35
51.9
50.08
47.61
45
42.41
39.88
37.66
36.09
35.53
35.85
36.42
36.1
33.79
28.92
21.63
12.71
3.11
-6.48
-15.75
-24.75
-33.52
-41.91
-49.49
-55.79
-60.46
-63.51
-65.23
-66.06
-66.4
-66.39
-65.85
-64.39
-61.57
-57.1
-51.02
-43.7
-35.73
-27.7
-19.95
-12.52
-5.28
1.86
8.74
14.93
19.95
23.53
25.72
26.87
27.45
27.79
27.96
27.86
27.35
26.41
25.16
23.8
22.5
21.36
20.37
19.44
18.44
17.23
15.7
13.84
11.73
9.51
7.41
5.59
4.12
2.95
1.85
0.57
-1.06
-3.06
-5.26
-7.33
-8.96
-9.98
-10.47
-10.69
-10.99
-11.56
-12.39
-13.24
-13.86
-14.07
-13.88
-13.53
-13.28
-13.32
-13.66
-14.08
-14.28
-14.03
-13.38
-12.6
-12.03
-11.85
-11.84
-11.44
-10
-7.12
-2.78
2.81
9.54
17.56
27.06
37.75
48.59
57.84
63.71
65.15
62.19
55.81
47.22
37.25
26.2
14.18
1.8
-9.59
-18.05
-21.83
-20.09
-13.34
-3.23
8.07
18.52
26.88
32.71
36.18
37.71
37.63
36.07
33.16
29.16
24.59
20.03
15.97
12.51
9.44
6.42
3.26
0.11
-2.65
-4.62
-5.59
-5.68
-5.32
-5.04
-5.38
-6.58
-8.59
-11.04
-13.35
-14.97
-15.46
-14.75
-13.1
-11.02
-9.1
-7.73
-7.01
-6.71
-6.49
-6.01
-5.15
-4.08
-3.07
-2.43
-2.3
-2.61
-3.13
-3.52
-3.54
-3.09
-2.38
-1.8
-1.83
-2.84
-4.93
-7.81
-11.01
-13.99
-16.42
-18.25
-19.62
-20.81
-22.14
-23.93
-26.55
-30.24
-35.01
-40.36
-45.36
-48.74
-49.46
-47.04
-41.77
-34.66
-27.09
-20.35
-15.48
-13.06
-13.25
-15.79
-20.1
-25.26
-30.26
-34.2
-36.54
-37.31
-36.99
-36.29
-35.81
-35.7
-35.41
-33.79
-29.36
-20.75
-7.12
11.37
33.47
56.87
78.67
96.17
107.51
112.31
111.61
107.38
101.61
95.58
89.52
82.99
75.6
67.43
59.1
51.17
43.52
35.14
24.57
10.88
-5.52
-22.74
-38
-48.61
-52.93
-50.7
-42.93
-31.46
-18.61
-6.82
1.66
5.27
3.56
-2.62
-11.41
-20.63
-28.43
-33.88
-36.85
-37.77
-37.25
-35.82
-34.01
-32.32
-31.25
-31.1
-31.82
-33
-34.09
-34.52
-33.95
-32.2
-29.16
-24.75
-18.95
-11.88
-3.99
3.89
10.68
15.36
17.24
16.27
12.94
8.19
3.11
-1.36
-4.63
-6.46
-7
-6.58
-5.62
-4.55
-3.67
-3.13
-2.9
-2.93
-3.2
-3.83
-5.07
-7.16
-10.14
-13.73
-17.41
-20.52
-22.66
-23.84
-24.57
-25.65
-27.76
-31.13
-35.35
-39.52
-42.52
-43.46
-41.97
-38.33
-33.48
-28.63
-24.99
-23.43
-24.23
-27.03
-30.94
-34.83
-37.61
-38.67
-37.87
-35.51
-31.98
-27.53
-21.93
-14.49
-4.3
9.29
26.09
44.79
63.13
78.61
89.3
94.49
94.89
92.08
87.77
83.08
78.26
72.91
66.53
58.96
50.6
42.33
35.31
30.79
29.87
33.2
40.73
51.31
62.78
72.33
77.26
75.92
68.38
56.43
42.94
30.97
22.71
19.04
19.43
22.33
25.65
27.35
25.89
20.67
12.29
2.38
-6.95
-13.92
-17.77
-18.98
-18.87
-18.88
-19.89
-21.92
-24.34
-26.44
-27.79
-28.54
-29.2
-30.35
-32.44
-35.64
-39.86
-44.81
-50.08
-55.15
-59.45
-62.43
-63.63
-62.74
-59.74
-54.92
-48.97
-42.86
-37.51
-33.62
-31.36
-30.33
-29.68
-28.39
-25.55
-20.72
-14.06
-6.36
1.16
7.26
11.08
12.34
11.36
8.75
5.18
1.24
-2.5
-5.36
-6.45
-4.84
-0.05
7.63
16.97
26.1
33.18
37.01
37.35
34.78
30.24
24.56
18.18
11.19
3.64
-4.21
-11.83
-18.51
-23.66
-27.06
-28.85
-29.5
-29.48
-29.13
-28.53
-27.5
-25.82
-23.39
-20.26
-16.66
-12.91
-9.25
-5.83
-2.65
0.37
3.32
6.23
9.04
11.6
13.75
15.24
15.88
15.49
14.03
11.65
8.67
5.57
2.87
0.92
-0.25
-0.95
-1.66
-2.79
-4.48
-6.47
-8.24
-9.2
-8.95
-7.36
-4.59
-1.04
2.68
5.75
7.28
6.5
3.07
-2.75
-10.09
-17.74
-24.5
-29.52
-32.51
-33.63
-33.31
-32.05
-30.37
-28.67
-27.34
-26.69
-26.75
-27.28
-27.77
-27.59
-26.3
-23.85
-20.7
-17.73
-15.96
-16.09
-18.36
-22.33
-26.92
-30.54
-31.44
-28.19
-20.15
-7.92
6.88
21.93
35.06
44.79
50.59
52.69
51.7
48.28
42.97
36.36
29.08
21.94
15.61
10.56
6.89
4.51
3.25
3.01
3.79
5.72
9.11
14.23
21.25
30.03
40.03
50.32
59.71
67.07
71.52
72.67
70.53
65.6
58.81
51.62
45.86
43.26
44.82
50.17
57.59
64.37
67.9
66.62
60.43
50.5
38.59
26.28
14.47
3.47
-6.99
-17.24
-27.51
-37.68
-47.22
-55.25
-60.66
-62.6
-60.79
-55.75
-48.55
-40.44
-32.4
-24.9
-18.09
-12.04
-7.05
-3.47
-1.58
-1.19
-1.65
-2.09
-1.71
-0.23
2.09
4.58
6.57
7.68
8.05
8.09
8.24
8.71
9.37
9.9
9.91
9.21
7.83
6
4.02
2.09
0.35
-1.2
-2.53
-3.65
-4.5
-5.08
-5.4
-5.51
-5.43
-5.14
-4.63
-3.89
-2.97
-2.02
-1.19
-0.64
-0.51
-0.88
-1.83
-3.39
-5.46
-7.72
-9.71
-10.85
-10.82
-9.66
-7.93
-6.54
-6.33
-7.72
-10.39
-13.45
-15.67
-16.01
-13.85
-9.16
-2.38
5.67
13.93
21.3
26.89
30.3
31.83
32.55
33.87
36.99
42.15
48.33
53.49
55.22
51.81
42.95
29.87
14.84
0.3
-11.93
-21.03
-27.03
-30.48
-32.16
-33.05
-34.29
-37.04
-42.12
-49.62
-58.69
-67.74
-75.05
-79.28
-79.86
-77.07
-71.7
-64.74
-57.04
-49.27
-41.74
-34.71
-28.36
-22.99
-18.97
-16.42
-15.01
-13.78
-11.36
-6.38
2.1
14.29
29.66
47.18
65.48
82.92
97.68
108.07
113.07
112.93
109.34
104.83
101.8
101.3
102.48
103.08
100.6
93.65
82.58
69.19
55.69
43.57
33.19
24.02
15.41
7.28
0.28
-4.66
-6.87
-6.4
-3.96
-0.62
2.6
4.91
5.72
4.68
1.81
-2.27
-6.22
-8.3
-7.16
-2.61
4.15
10.77
14.79
14.52
9.41
-0.13
-13.24
-29
-46.29
-63.41
-77.97
-87.31
-89.43
-83.84
-71.96
-56.57
-41.01
-28.23
-20.34
-18.49
-22.84
-32.51
-45.58
-59.4
-71.19
-78.77
-81.19
-78.64
-72.07
-62.38
-50.09
-35.43
-18.84
-1.53
14.49
26.9
33.98
35.5
32.89
28.79
26.06
26.66
31.02
38
45.47
51.06
52.75
49.18
39.85
25.49
8.13
-8.95
-22.02
-28.13
-26.46
-19.02
-10.27
-5.58
-9.39
-23.6
-46.89
-75.09
-102.27
-122.12
-129.45
-121.51
-98.88
-65.73
-29
3.46
25.02
32.21
25.45
8.51
-12.88
-32.83
-46.71
-51.98
-48.19
-36.56
-19.37
0.64
20.74
38.31
51.14
57.68
57.58
51.96
43.32
34.8
29
27.01
28.08
30.17
30.99
28.97
23.66
15.38
4.66
-7.97
-21.76
-35.09
-45.43
-49.76
-45.88
-33.59
-15.25
4.89
22.05
32.62
35.12
30.19
19.9
6.66
-7.42
-20.94
-33.01
-43.16
-51.06
-56.46
-59.17
-58.96
-55.75
-49.6
-40.76
-29.68
-16.84
-2.66
12.56
28.49
44.45
59.24
71.17
78.5
79.83
74.58
63.29
47.63
30.04
13.24
-0.43
-9.66
-14.47
-16.25
-17.23
-19.68
-25
-33.2
-42.96
-52.08
-58.22
-59.53
-55.15
-45.39
-31.77
-16.75
-2.96
7.41
13.26
14.72
12.93
9.54
6.14
4
3.94
6.37
11.25
18.03
25.59
32.38
36.86
37.99
35.63
30.58
24.31
18.44
14.22
12.18
11.98
12.72
13.29
12.98
11.62
9.59
7.4
5.41
3.66
1.88
-0.13
-2.37
-4.56
-6.28
-7.25
-7.49
-7.33
-7.23
-7.67
-8.82
-10.65
-12.88
-15.15
-17.15
-18.67
-19.65
-20.15
-20.39
-20.59
-20.94
-21.53
-22.26
-22.92
-23.22
-22.9
-21.86
-20.21
-18.3
-16.69
-15.99
-16.53
-18.08
-19.59
-19.31
-15.24
-5.72
9.88
30.91
55.49
80.88
103.95
121.68
131.63
132.51
124.53
109.51
90.56
71.29
54.79
42.87
35.88
33
32.87
34.04
35.25
35.31
33.29
28.59
21.28
12.18
2.68
-5.74
-12.04
-15.92
-17.9
-18.93
-20.04
-21.99
-25.11
-29.29
-33.97
-38.4
-41.81
-43.7
-43.97
-43.03
-41.58
-40.35
-39.85
-40.03
-40.22
-39.27
-35.86
-28.98
-18.49
-5.44
8.04
19.3
26.14
27.68
24.72
19.31
13.88
10.28
9.22
10.36
12.7
15.06
16.37
15.74
12.57
6.77
-0.92
-8.93
-15.22
-18.09
-16.81
-11.95
-4.94
2.55
9.15
13.99
16.47
16.02
12.14
4.73
-5.51
-16.94
-27.36
-34.69
-37.79
-36.85
-33.14
-28.37
-23.91
-20.32
-17.4
-14.64
-11.64
-8.4
-5.32
-2.8
-1.07
-0.04
0.55
0.95
1.11
0.82
-0.18
-2.12
-4.96
-8.54
-12.65
-17.07
-21.65
-26.29
-30.83
-34.92
-38.01
-39.25
-37.82
-33.14
-25.3
-15.14
-4.24
5.52
12.54
15.92
15.76
12.92
8.64
4.07
-0.08
-3.61
-6.64
-9.24
-11.2
-11.95
-10.72
-6.89
-0.19
9.01
19.76
30.57
39.71
45.52
46.69
42.65
33.81
21.62
8.31
-3.55
-11.77
-14.96
-12.84
-6.2
3.49
14.32
24.39
32.05
36.19
36.34
32.76
26.36
18.48
10.64
4.12
-0.19
-1.96
-1.4
0.87
4.02
7.27
10.04
12.14
13.59
14.56
15.13
15.23
14.69
13.4
11.49
9.32
7.42
6.16
5.58
5.39
5.05
4.13
2.57
0.66
-1.09
-2.23
-2.69
-2.8
-3.01
-3.66
-4.78
-6.14
-7.44
-8.61
-9.82
-11.37
-13.49
-16.15
-19.11
-22
-24.59
-26.74
-28.44
-29.6
-29.94
-29.19
-27.19
-24.15
-20.68
-17.61
-15.63
-15.06
-15.62
-16.62
-17.34
-17.29
-16.39
-14.94
-13.35
-11.93
-10.74
-9.61
-8.29
-6.69
-4.82
-2.88
-1.1
0.4
1.62
2.72
3.99
5.72
8.11
11.22
14.87
18.71
22.31
25.29
27.41
28.64
29.07
28.84
27.99
26.43
23.97
20.5
16.1
11.01
5.57
0.04
-5.47
-11.02
-16.68
-22.4
-27.91
-32.84
-36.85
-39.81
-41.76
-42.75
-42.8
-41.8
-39.66
-36.4
-32.25
-27.58
-22.69
-17.7
-12.47
-6.75
-0.43
6.31
12.96
18.77
23.07
25.5
26.09
25.28
23.73
22.09
20.73
19.72
18.9
18.01
16.96
15.75
14.53
13.38
12.28
11.1
9.66
7.93
6.02
4.18
2.67
1.61
1.01
0.73
0.58
0.42
0.16
-0.23
-0.73
-1.31
-1.87
-2.24
-2.26
-1.85
-1.02
0.09
1.25
2.23
2.83
2.92
2.56
1.86
1.03
0.25
-0.3
-0.53
-0.45
-0.16
0.23
0.62
0.92
1.03
0.89
0.46
-0.23
-1.11
-2.03
-2.91
-3.66
-4.3
-4.89
-5.5
-6.21
-7.07
-8.11
-9.28
-10.56
-11.8
-12.84
-13.46
-13.56
-13.17
-12.49
-11.84
-11.53
-11.69
-12.24
-12.89
-13.33
-13.36
-12.97
-12.34
-11.69
-11.13
-10.6
-9.89
-8.75
-6.99
-4.5
-1.36
2.23
5.87
9.1
11.42
12.54
12.44
11.35
9.74
8.15
6.96
6.35
6.24
6.29
6.09
5.26
3.65
1.45
-0.82
-2.46
-2.87
-1.81
0.45
3.24
5.75
7.28
7.46
6.29
3.96
0.87
-2.58
-5.95
-8.82
-10.76
-11.52
-11.08
-9.71
-7.92
-6.18
-4.87
-4.09
-3.7
-3.5
-3.37
-3.34
-3.58
-4.36
-5.82
-7.9
-10.27
-12.48
-14.05
-14.7
-14.37
-13.15
-11.27
-8.89
-6.14
-3.02
0.46
4.28
8.35
12.59
16.86
20.97
24.63
27.47
29.15
29.57
28.88
27.42
25.46
23.02
19.81
15.5
9.95
3.54
-2.87
-8.17
-11.29
-11.6
-9.16
-4.87
-0.39
2.17
0.95
-4.8
-14.22
-25
-34.34
-40.02
-41.44
-39.53
-36.11
-32.8
-30.33
-28.54
-27.07
-26.02
-26.11
-28.21
-32.7
-38.93
-45.42
-50.46
-52.89
-52.45
-49.67
-45.29
-39.81
-33.24
-25.31
-15.78
-4.83
7.03
19.17
31.07
42.5
53.31
63.18
71.34
76.56
77.4
72.77
62.45
47.54
30.46
14.39
2.49
-3.11
-1.87
4.96
14.93
25.11
32.97
36.91
36.53
32.43
25.89
18.4
11.33
5.69
2.06
0.63
1.27
3.58
6.97
10.77
14.28
16.9
18.25
18.24
16.98
14.75
11.87
8.63
5.26
1.99
-1.07
-3.89
-6.43
-8.75
-10.87
-12.87
-14.86
-16.93
-19.14
-21.44
-23.67
-25.57
-26.83
-27.07
-25.91
-23.06
-18.5
-12.53
-5.79
0.86
6.75
11.47
15.05
17.77
19.82
21.21
21.67
20.92
18.89
15.83
12.29
8.83
5.85
3.4
1.33
-0.57
-2.38
-3.99
-5.19
-5.8
-5.89
-5.69
-5.63
-5.99
-6.91
-8.31
-10.02
-11.89
-13.9
-16.11
-18.51
-21
-23.3
-25.08
-26.14
-26.49
-26.26
-25.65
-24.74
-23.48
-21.77
-19.69
-17.44
-15.36
-13.72
-12.51
-11.4
-9.88
-7.43
-3.74
1.1
6.77
12.78
18.61
23.82
27.95
30.55
31.29
30.06
27.09
23.01
18.65
14.79
11.91
10
8.68
7.49
6.15
4.66
3.38
2.77
3.22
4.91
7.74
11.39
15.35
18.98
21.56
22.51
21.46
18.38
13.63
7.77
1.43
-4.84
-10.71
-15.88
-20.06
-22.92
-24.2
-23.85
-22.09
-19.38
-16.27
-13.24
-10.56
-8.33
-6.52
-5.09
-4.02
-3.37
-3.08
-3.09
-3.2
-3.23
-3.06
-2.69
-2.2
-1.74
-1.44
-1.35
-1.44
-1.59
-1.58
-1.13
0.01
2.01
4.9
8.48
12.36
16.02
18.92
20.52
20.35
18.09
13.75
7.82
1.26
-4.58
-8.32
-8.87
-5.74
0.76
9.74
19.8
29.51
37.59
43.16
45.82
45.61
42.83
37.94
31.47
23.99
16.24
9.01
3.13
-0.88
-2.94
-3.48
-3.27
-3.07
-3.3
-3.88
-4.38
-4.23
-2.92
-0.24
3.82
9.08
15.19
21.64
27.8
32.88
36.11
36.92
35.07
30.79
24.7
17.66
10.55
4.14
-1.13
-5.11
-7.92
-9.85
-11.21
-12.27
-13.17
-13.9
-14.37
-14.54
-14.38
-13.98
-13.48
-12.98
-12.56
-12.28
-12.21
-12.43
-13
-13.91
-15.07
-16.34
-17.6
-18.83
-20.08
-21.33
-22.39
-22.91
-22.48
-20.88
-18.26
-15.03
-11.72
-8.71
-6.09
-3.77
-1.56
0.5
2.23
3.32
3.65
3.36
2.89
2.72
3.18
4.28
5.69
6.99
7.8
8.02
7.78
7.28
6.73
6.12
5.38
4.46
3.43
2.48
1.84
1.59
1.66
1.88
2.07
2.26
2.6
3.37
4.74
6.7
8.96
11.06
12.45
12.66
11.43
8.77
4.97
0.45
-4.29
-8.89
-13.24
-17.48
-21.95
-26.9
-32.26
-37.48
-41.48
-43
-41.03
-35.31
-26.4
-15.56
-4.2
6.58
16.21
24.57
31.71
37.52
41.74
44.07
44.4
42.9
40.06
36.54
33.28
31.51
32.42
36.74
43.98
52.13
57.97
58.14
50.5
35.19
14.65
-7.32
-26.97
-41.79
-50.87
-54.48
-53.28
-47.87
-38.6
-26.06
-11.31
4.16
18.69
31
40.43
46.91
50.78
52.51
52.48
50.93
48.12
44.3
39.74
34.71
29.46
24.23
19.22
14.5
10.11
6
2.14
-1.39
-4.4
-6.67
-8.04
-8.53
-8.34
-7.7
-6.83
-5.89
-4.95
-4.1
-3.46
-3.08
-2.87
-2.69
-2.32
-1.63
-0.57
0.88
2.76
5.06
7.72
10.53
13.07
14.89
15.68
15.34
14.12
12.4
10.47
8.41
6.09
3.33
0.11
-3.39
-6.83
-9.86
-12.35
-14.38
-16.21
-18.09
-20.06
-21.87
-23.07
-23.2
-22.04
-19.78
-16.97
-14.28
-12.39
-11.63
-12
-13.14
-14.54
-15.63
-16.03
-15.57
-14.34
-12.64
-10.81
-9.16
-7.83
-6.84
-6.11
-5.59
-5.27
-5.18
-5.38
-5.85
-6.5
-7.24
-7.92
-8.36
-8.43
-7.99
-7.01
-5.73
-4.69
-4.71
-6.55
-10.51
-16.11
-22.02
-26.36
-27.34
-23.91
-16.08
-4.95
7.65
19.78
29.87
36.98
40.88
41.88
40.62
37.91
34.54
31.12
28.06
25.49
23.38
21.59
20
18.47
16.94
15.36
13.75
12.18
10.76
9.48
8.18
6.51
4.08
0.69
-3.54
-8.12
-12.36
-15.58
-17.35
-17.48
-16.03
-13.09
-8.84
-3.55
2.26
7.87
12.43
15.21
15.77
14.06
10.41
5.38
-0.4
-6.37
-12.06
-17.14
-21.4
-24.69
-26.91
-28.02
-27.99
-26.92
-24.97
-22.46
-19.77
-17.34
-15.55
-14.58
-14.42
-14.88
-15.65
-16.41
-16.95
-17.25
-17.54
-18.18
-19.5
-21.57
-24.11
-26.55
-28.27
-28.85
-28.34
-27.21
-26.17
-25.89
-26.68
-28.28
-29.8
-29.71
-26.01
-16.7
-0.38
23.08
51.93
82.67
110.75
131.77
142.79
143.17
134.54
120.05
103.28
87.18
73.59
63.24
56.07
51.59
49.06
47.59
46.13
43.6
39.14
32.39
23.66
13.78
3.95
-4.72
-11.54
-16.38
-19.68
-22.18
-24.56
-27.18
-29.98
-32.59
-34.6
-35.72
-35.93
-35.39
-34.3
-32.76
-30.78
-28.45
-26.01
-23.95
-22.82
-22.9
-24.03
-25.55
-26.59
-26.55
-25.36
-23.59
-22.06
-21.37
-21.52
-21.98
-21.91
-20.74
-18.43
-15.58
-13.13
-11.96
-12.59
-15.13
-19.36
-24.89
-31.03
-36.76
-40.83
-42.17
-40.61
-37.34
-34.98
-36.62
-44.5
-58.88
-77.65
-97.09
-113.34
-123.7
-127.24
-124.43
-116.35
-104.02
-88.34
-70.34
-51.4
-33.08
-16.58
-2.37
10.02
21.62
33.38
45.71
58.28
70.29
80.71
88.52
92.87
93.26
89.75
83.2
75.06
67.06
60.56
56.11
53.43
51.87
50.88
50.37
50.75
52.49
55.78
60.3
65.34
70.16
74.43
78.41
82.68
87.9
94.34
101.81
109.68
117.28
124.17
130.33
136.04
141.6
147.05
152.16
156.36
158.89
158.76
154.79
145.73
130.55
108.92
81.58
50.39
17.96
-12.9
-39.77
-60.94
-75.49
-83.24
-84.77
-81.33
-74.77
-67.18
-60.25
-54.89
-51.09
-48.3
-46.1
-44.6
-44.4
-46.09
-49.74
-54.68
-60.01
-65.26
-70.71
-77.23
-85.48
-95.13
-104.66
-111.92
-115.1
-113.66
-108.56
-101.71
-94.95
-89.28
-84.57
-79.95
-74.52
-67.96
-60.7
-53.8
-48.49
-45.7
-45.84
-48.56
-52.82
-57.12
-59.83
-59.72
-56.33
-50.18
-42.48
-34.77
-28.24
-23.39
-19.86
-16.6
-12.27
-5.63
3.9
15.99
29.19
41.23
49.61
52.4
48.91
39.86
27.04
12.72
-0.91
-12.23
-20.18
-24.33
-24.85
-22.46
-18.41
-14.15
-10.95
-9.54
-10.14
-12.52
-16.52
-22.18
-29.63
-38.86
-49.43
-60.36
-70.26
-77.59
-80.89
-79.09
-71.7
-59.02
-42.29
-23.5
-4.94
11.39
24.18
32.91
37.53
38.08
34.67
27.67
18.16
8.07
-0.35
-5.29
-6.12
-3.61
0.43
4.05
5.79
5
1.61
-4.11
-11.72
-20.44
-28.99
-35.65
-38.54
-36.29
-28.59
-16.43
-1.84
12.82
25.58
35.22
41.25
43.6
42.2
36.84
27.4
14.31
-1.15
-16.88
-30.41
-39.61
-43.21
-41.03
-33.95
-23.52
-11.71
-0.53
8.3
13.78
16.01
16.14
15.99
17.26
20.72
25.9
31.28
35.12
36.3
34.79
31.5
27.57
23.77
20.17
16.36
12.01
7.38
3.29
0.79
0.59
2.68
6.39
10.85
15.41
19.87
24.47
29.58
35.45
42.03
48.97
55.65
61.26
64.91
65.9
63.98
59.54
53.54
47.09
41
35.54
30.51
25.5
20.37
15.33
10.83
7.37
5.19
4.33
4.68
6.03
8.15
10.77
13.57
16.14
18.14
19.22
19.09
17.56
14.42
9.65
3.43
-3.83
-11.52
-19.02
-25.82
-31.44
-35.35
-36.88
-35.29
-29.98
-20.95
-9.09
3.92
15.95
25.07
30.12
30.86
27.84
21.97
14.12
5.03
-4.64
-14.21
-22.93
-30.12
-35.38
-38.76
-40.71
-41.99
-43.2
-44.54
-45.64
-45.52
-43
-37.21
-28.04
-16.5
-4.54
5.53
11.86
13.6
11.16
5.85
-0.7
-7.07
-12.46
-16.58
-19.46
-21.13
-21.58
-20.64
-18.17
-14.05
-8.19
-0.59
8.66
19.26
30.61
41.79
51.68
59.12
63.22
63.61
60.55
54.88
47.71
40.03
32.27
24.24
15.18
4.28
-8.74
-23.27
-37.84
-50.52
-59.6
-64.23
-64.67
-62.15
-58.43
-55.11
-53.26
-53.16
-54.42
-56.05
-56.77
-55.16
-50.03
-40.91
-28.33
-13.94
-0.08
10.96
17.79
20.23
19.26
16.32
12.75
9.42
6.8
5.16
4.61
5.02
5.73
5.69
3.79
-0.51
-6.67
-13.16
-17.86
-18.94
-15.49
-7.72
3.24
15.86
28.52
39.87
48.79
54.45
56.3
54.26
48.8
41.06
32.64
25.19
19.8
16.62
14.9
13.39
11.04
7.3
2.12
-4.41
-12.32
-21.74
-32.49
-43.61
-53.31
-59.4
-60.11
-54.89
-44.59
-31.04
-16.31
-2.1
10.6
21.37
30.17
37.13
42.45
46.38
49.14
50.86
51.64
51.54
50.63
48.95
46.46
42.88
37.83
31.02
22.64
13.61
5.34
-0.88
-4.53
-6.27
-7.64
-10.33
-15.3
-22.3
-29.98
-36.64
-40.98
-42.64
-42.21
-40.77
-39.37
-38.58
-38.45
-38.64
-38.83
-38.97
-39.31
-40.33
-42.41
-45.69
-49.94
-54.78
-59.82
-64.72
-69.21
-72.81
-74.79
-74.21
-70.19
-62.3
-50.65
-35.93
-19.27
-2
14.59
29.42
41.92
52.01
60.12
66.95
73.21
79.57
86.48
94.18
102.44
110.49
116.96
120.18
118.91
112.89
103.22
91.84
80.82
71.34
63.51
56.57
49.54
41.81
33.13
23.57
13.32
2.83
-7.07
-15.2
-20.53
-22.94
-23.59
-24.78
-28.86
-37.08
-48.9
-62.18
-74.15
-82.51
-86.14
-85.06
-80.02
-71.89
-61.51
-49.76
-37.86
-27.27
-19.48
-15.44
-15.17
-17.77
-21.66
-25.23
-27.38
-27.87
-27.19
-26.19
-25.53
-25.33
-25.21
-24.51
-22.74
-19.82
-16.02
-11.74
-7.24
-2.52
2.55
7.98
13.58
18.81
23.07
25.85
26.85
26.03
23.55
19.61
14.37
8
0.61
-7.54
-16
-24.07
-30.92
-35.72
-37.76
-36.62
-32.22
-24.9
-15.24
-4.09
7.62
18.94
28.96
36.96
42.41
45.12
45.15
42.87
38.78
33.48
27.57
21.48
15.51
9.72
3.9
-2.29
-9.15
-16.72
-24.46
-31.25
-35.55
-35.76
-30.82
-20.51
-5.71
11.86
29.91
46.14
58.6
66
67.87
64.55
57.11
47.06
35.93
24.73
13.71
2.28
-10.57
-25.6
-42.76
-60.85
-77.66
-90.69
-97.71
-97.43
-89.56
-74.8
-54.52
-30.63
-5.4
18.68
39.22
54.29
62.8
64.66
60.72
52.48
41.7
30.08
18.87
8.79
0.04
-7.54
-14.13
-19.79
-24.29
-27.24
-28.28
-27.29
-24.41
-19.86
-13.89
-6.58
1.98
11.43
21.06
29.81
36.5
40.25
40.74
38.28
33.74
28.19
22.61
17.58
13.32
9.66
6.34
3.11
-0.13
-3.27
-6.15
-8.6
-10.54
-12.02
-13.13
-13.91
-14.34
-14.38
-14.02
-13.39
-12.73
-12.28
-12.25
-12.73
-13.67
-14.95
-16.37
-17.6
-18.21
-17.74
-15.88
-12.65
-8.49
-4.16
-0.5
1.9
2.81
2.45
1.25
-0.29
-1.87
-3.34
-4.65
-5.77
-6.54
-6.76
-6.3
-5.18
-3.54
-1.62
0.46
2.72
5.22
7.96
10.71
13.03
14.44
14.7
13.94
12.62
11.2
9.95
8.79
7.42
5.54
3.18
0.72
-1.26
-2.37
-2.69
-2.79
-3.5
-5.41
-8.59
-12.45
-15.96
-18.18
-18.64
-17.6
-15.92
-14.73
-14.92
-16.82
-20.14
-24
-27.19
-28.43
-26.7
-21.5
-13.12
-2.63
8.39
18.37
26.27
31.79
35.31
37.35
38.17
37.55
34.89
29.57
21.31
10.47
-1.89
-14.02
-23.79
-29.24
-29.23
-24.01
-15.25
-5.52
2.73
8.06
10.41
10.71
10.17
9.55
8.95
8.06
6.64
4.75
2.68
0.75
-1.04
-2.9
-5.07
-7.58
-10.13
-12.13
-12.99
-12.38
-10.39
-7.58
-4.83
-3.12
-3.08
-4.71
-7.23
-9.26
-9.4
-6.76
-1.5
5.24
11.77
16.58
18.93
18.97
17.61
16.12
15.77
17.54
21.88
28.63
36.98
45.53
52.66
56.9
57.28
53.5
45.91
35.37
23.22
11.14
0.91
-6.04
-9.09
-8.85
-7.01
-5.71
-6.65
-10.44
-16.49
-23.41
-29.74
-34.57
-37.71
-39.43
-40.06
-39.63
-37.98
-34.97
-30.92
-26.56
-22.82
-20.34
-19.21
-19
-19.07
-18.98
-18.64
-18.17
-17.62
-16.74
-15
-11.89
-7.2
-1.18
5.47
11.9
17.39
21.52
24.13
25.35
25.38
24.54
23.12
21.37
19.41
17.23
14.8
12.08
9.2
6.44
4.23
3.03
3.14
4.55
6.86
9.31
11.02
11.35
10.18
8
5.77
4.47
4.67
6.22
8.33
9.89
10.07
8.69
6.31
3.97
2.72
3.2
5.43
8.93
12.96
16.89
20.33
23.01
24.72
25.16
24.09
21.49
17.67
13.18
8.61
4.25
0.05
-4.24
-8.79
-13.48
-17.85
-21.31
-23.47
-24.29
-24.13
-23.56
-23.07
-22.93
-23.16
-23.81
-25.02
-27.16
-30.45
-34.71
-39.16
-42.54
-43.67
-41.86
-37.31
-30.88
-23.65
-16.35
-9.18
-1.98
5.48
13.02
20.11
26.04
30.26
32.57
33.18
32.5
31.02
29.13
27.08
25
22.97
21
19.07
17.03
14.67
11.74
8.19
4.22
0.34
-2.76
-4.5
-4.57
-3.19
-1.03
1.01
2.13
1.84
0.16
-2.36
-4.73
-5.78
-4.54
-0.65
5.41
12.37
18.53
22.25
22.45
18.85
11.97
2.92
-6.92
-16.18
-23.76
-28.98
-31.57
-31.6
-29.26
-24.72
-18.16
-9.95
-0.89
7.88
15.23
20.57
24.05
26.39
28.38
30.23
31.43
30.91
27.86
22.17
14.72
6.92
0.03
-5.29
-9.14
-12.02
-14.24
-15.67
-15.77
-13.92
-9.91
-4.28
1.88
7.23
10.74
12.02
11.38
9.54
7.39
5.65
4.68
4.4
4.38
4
2.74
0.43
-2.61
-5.73
-8.11
-9.21
-8.81
-7.03
-4.09
-0.15
4.62
10.02
15.64
20.88
25.15
28.08
29.62
29.96
29.31
27.78
25.39
22.21
18.5
14.65
11.09
8
5.29
2.64
-0.28
-3.67
-7.42
-11.14
-14.19
-15.82
-15.37
-12.54
-7.65
-1.67
4.03
8.14
9.88
9.41
7.79
6.58
7.26
10.68
16.85
24.93
33.63
41.65
48.12
52.67
55.33
56.13
54.89
51.23
44.99
36.64
27.34
18.71
12.1
8.04
6.07
5.23
4.69
4.23
4.21
5.12
7.13
10.02
13.4
17.22
21.88
27.95
35.61
44.28
52.58
58.89
61.99
61.55
58.11
52.57
45.7
37.81
28.83
18.66
7.53
-3.95
-14.98
-24.86
-33.3
-40.43
-46.57
-51.99
-56.75
-60.64
-63.45
-65.11
-65.77
-65.72
-65.26
-64.52
-63.45
-61.94
-59.89
-57.4
-54.71
-52.13
-49.88
-47.96
-46.23
-44.47
-42.47
-40.16
-37.66
-35.13
-32.72
-30.5
-28.48
-26.65
-25.1
-24.02
-23.62
-24.07
-25.26
-26.85
-28.3
-29.1
-28.99
-28.17
-27.21
-26.83
-27.63
-29.83
-33.14
-36.87
-40.16
-42.2
-42.47
-40.9
-38
-34.82
-32.61
-32.3
-33.73
-35.21
-33.75
-26.15
-10.4
13.03
40.96
68.34
89.85
101.69
102.54
93.7
78.29
60.23
43.31
30.4
22.94
20.79
22.32
24.97
26.08
23.81
17.51
7.82
-3.84
-15.8
-26.54
-34.89
-40.14
-42.15
-41.36
-38.79
-35.76
-33.42
-32.43
-32.75
-33.87
-35.08
-35.63
-34.86
-32.18
-27.18
-19.77
-10.37
0.13
10.62
20.12
28.03
34.05
37.92
39.28
37.71
33.1
25.99
17.7
9.92
4.11
0.98
0.42
1.79
4.38
7.58
10.82
13.41
14.52
13.63
10.8
6.99
3.77
2.63
4.39
9
15.65
23.24
30.62
36.51
39.42
37.92
31.45
21.3
10.8
4.34
5.51
15.27
31.25
48.54
61.64
66.38
60.97
45.75
22.48
-6.32
-37.47
-67.04
-90.55
-103.95
-104.91
-93.85
-73.92
-50.02
-27.09
-8.85
2.91
8.17
8.04
4.14
-1.89
-8.65
-15.04
-20.3
-24.04
-26.19
-26.87
-26.35
-24.85
-22.55
-19.57
-16.04
-12.12
-8.11
-4.35
-1.22
0.99
2.12
2.19
1.4
0.09
-1.34
-2.5
-3.12
-3.1
-2.5
-1.56
-0.58
0.16
0.5
0.45
0.15
-0.15
-0.29
-0.2
0.02
0.14
0.02
-0.38
-0.89
-1.23
-1.11
-0.44
0.73
2.11
3.42
4.45
5.06
5.25
5.06
4.57
3.83
3
2.25
1.78
1.73
2.06
2.64
3.24
3.69
3.91
3.91
3.78
3.57
3.27
2.79
2.05
1.01
-0.23
-1.55
-2.81
-3.91
-4.87
-5.71
-6.45
-7.07
-7.56
-7.88
-8.03
-8.05
-7.95
-7.75
-7.44
-7.02
-6.55
-6.17
-6.04
-6.3
-6.92
-7.71
-8.35
-8.49
-7.94
-6.67
-4.91
-2.97
-1.21
0.14
1.01
1.41
1.39
1
0.24
-0.84
-2.19
-3.69
-5.19
-6.5
-7.52
-8.17
-8.44
-8.35
-7.94
-7.27
-6.38
-5.35
-4.26
-3.16
-2.12
-1.2
-0.4
0.3
0.98
1.72
2.52
3.37
4.14
4.69
4.88
4.69
4.17
3.48
2.75
2.05
1.35
0.57
-0.38
-1.54
-2.82
-4.07
-5.07
-5.69
-5.9
-5.77
-5.45
-5.02
-4.51
-3.85
-2.98
-1.89
-0.68
0.5
1.48
2.17
2.6
2.93
3.35
4.03
4.99
6.16
7.34
8.37
9.16
9.75
10.21
10.67
11.11
11.44
11.55
11.34
10.77
9.91
8.85
7.65
6.38
5.05
3.66
2.13
0.34
-1.8
-4.28
-6.96
-9.51
-11.51
-12.66
-12.95
-12.66
-12.38
-12.75
-14.15
-16.59
-19.66
-22.65
-24.76
-25.31
-23.94
-20.78
-16.46
-11.98
-8.47
-6.7
-6.64
-7.36
-7.29
-4.84
0.84
9.42
19.4
28.7
35.47
38.72
38.6
36.19
32.93
30.06
28.24
27.59
27.77
28.43
29.29
30.29
31.39
32.43
33.09
32.84
31.29
28.24
23.86
18.69
13.39
8.67
5.02
2.71
1.63
1.44
1.64
1.83
1.93
2.18
2.91
4.28
6.04
7.54
8.01
6.96
4.48
1.11
-2.34
-5.25
-7.35
-8.75
-9.67
-10.41
-11.14
-11.97
-12.97
-14.11
-15.33
-16.45
-17.29
-17.67
-17.55
-16.95
-15.91
-14.42
-12.44
-9.97
-7.12
-4.15
-1.31
1.24
3.57
5.86
8.36
11.16
14.1
16.83
18.93
20.12
20.34
19.7
18.34
16.35
13.76
10.67
7.37
4.38
2.21
1.13
0.88
0.67
-0.55
-3.55
-8.44
-14.55
-20.66
-25.55
-28.38
-28.98
-27.72
-25.28
-22.34
-19.48
-17.09
-15.44
-14.67
-14.67
-15.1
-15.45
-15.2
-14.04
-12.08
-9.81
-8
-7.35
-8.24
-10.49
-13.36
-15.76
-16.78
-16.07
-14.14
-12.13
-11.33
-12.43
-14.98
-17.31
-16.84
-11.01
1.81
21.53
46.18
72.25
95.54
112.37
120.56
120.17
113.39
103.8
95.12
89.92
88.82
90.38
91.82
90.19
83.57
71.89
56.95
41.76
29.5
22.34
20.76
23.35
27.34
29.6
27.84
21.32
11.05
-0.9
-12.3
-21.52
-27.88
-31.45
-32.76
-32.41
-31.04
-29.44
-28.56
-29.3
-32.12
-36.65
-41.63
-45.41
-46.58
-44.66
-40.28
-34.92
-30.24
-27.38
-26.48
-26.69
-26.55
-24.65
-20.2
-13.29
-4.79
3.97
11.69
17.38
20.55
21.21
19.74
16.78
12.95
8.77
4.5
0.22
-4.03
-8.18
-11.95
-15.07
-17.31
-18.77
-19.88
-21.47
-24.44
-29.46
-36.65
-45.39
-54.4
-61.98
-66.56
-67.27
-64.19
-58.44
-51.7
-45.61
-41.18
-38.62
-37.52
-37.29
-37.55
-38.23
-39.37
-40.81
-42.09
-42.59
-41.76
-39.35
-35.39
-30
-23.22
-15.05
-5.5
5.17
16.42
27.37
37.03
44.36
48.53
49.02
45.79
39.35
30.62
20.72
10.73
1.48
-6.52
-13.04
-18.11
-21.99
-25.1
-27.89
-30.63
-33.2
-35.11
-35.7
-34.42
-31.18
-26.35
-20.65
-14.88
-9.59
-5.01
-1.03
2.67
6.41
10.41
14.64
18.9
22.84
26.12
28.5
29.88
30.29
29.89
28.89
27.47
25.83
24.13
22.49
20.98
19.61
18.32
17.04
15.71
14.26
12.74
11.21
9.82
8.64
7.73
7.03
6.48
5.98
5.53
5.18
5.03
5.15
5.58
6.25
7.04
7.77
8.27
8.42
8.2
7.7
7.12
6.77
6.87
7.52
8.68
10.13
11.58
12.72
13.28
13.05
11.94
9.93
7.14
3.77
0.12
-3.5
-6.81
-9.69
-12.1
-14.07
-15.63
-16.77
-17.32
-17.13
-16.05
-14.06
-11.38
-8.36
-5.51
-3.27
-1.93
-1.5
-1.79
-2.39
-2.86
-2.9
-2.38
-1.43
-0.35
0.54
0.95
0.68
-0.38
-2.22
-4.71
-7.62
-10.62
-13.38
-15.72
-17.56
-18.95
-19.93
-20.49
-20.53
-20
-18.98
-17.76
-16.73
-16.28
-16.61
-17.72
-19.43
-21.46
-23.54
-25.34
-26.6
-27.14
-27.07
-26.92
-27.42
-29.28
-32.59
-36.51
-39.14
-38.11
-31.32
-17.73
2.07
25.95
50.75
73.04
90.03
100.32
104.21
103.41
100.4
97.39
95.67
95.22
94.94
93.21
88.58
80.35
68.91
55.73
43.01
33.09
27.77
27.58
31.34
36.45
39.68
38.45
31.89
21.16
8.96
-1.69
-8.46
-10.67
-9.26
-6.38
-4.47
-5.26
-9.22
-15.59
-22.64
-28.45
-31.55
-31.32
-28.19
-23.53
-19.15
-16.77
-17.51
-21.5
-28.01
-35.6
-42.43
-46.71
-47.12
-43.23
-35.75
-26.53
-17.98
-12.46
-11.35
-14.52
-20.22
-25.67
-28.01
-25.51
-18.3
-8.24
1.74
8.86
11.48
9.55
4.44
-1.77
-7.13
-10.3
-10.7
-8.25
-3.17
4.14
12.92
22.05
30.19
36.15
39.33
39.87
38.5
36.11
33.4
30.57
27.49
23.87
19.5
14.41
8.82
3.05
-2.55
-7.72
-12.26
-16.05
-19.02
-21.14
-22.4
-22.77
-22.26
-21.01
-19.35
-17.74
-16.72
-16.69
-17.78
-19.78
-22.25
-24.63
-26.4
-27.28
-27.25
-26.7
-26.32
-26.77
-28.42
-30.97
-33.39
-34.25
-32.26
-26.84
-18.48
-8.69
0.51
7.19
10.08
8.87
4.19
-2.69
-10.21
-16.93
-21.82
-24.32
-24.42
-22.44
-18.97
-14.68
-10.27
-6.37
-3.44
-1.74
-1.24
-1.64
-2.51
-3.4
-3.96
-4.06
-3.76
-3.2
-2.53
-1.87
-1.25
-0.65
-0.06
0.56
1.22
1.94
2.76
3.67
4.59
5.35
5.74
5.6
4.99
4.08
3.21
2.63
2.45
2.51
2.56
2.39
1.95
1.41
0.94
0.66
0.46
0.08
-0.75
-2.18
-4.16
-6.41
-8.54
-10.21
-11.17
-11.42
-11.06
-10.28
-9.29
-8.27
-7.36
-6.7
-6.38
-6.4
-6.7
-7.13
-7.51
-7.7
-7.66
-7.42
-7.05
-6.6
-6.02
-5.25
-4.28
-3.14
-2.02
-1.14
-0.74
-0.97
-1.89
-3.42
-5.41
-7.6
-9.73
-11.62
-13.23
-14.7
-16.23
-17.96
-19.92
-21.98
-23.98
-25.76
-27.28
-28.48
-29.24
-29.44
-29.04
-28.22
-27.31
-26.51
-25.44
-22.97
-17.33
-6.75
9.75
31.79
57.64
84.53
109.45
129.8
143.75
150.32
149.36
141.44
127.87
110.61
91.97
74.23
59.1
47.31
38.58
32.09
26.92
22.67
19.58
18.23
18.97
21.46
24.38
25.74
23.61
16.84
5.69
-8.02
-21.37
-31.26
-35.38
-33.01
-25.11
-13.91
-2.09
7.9
14.21
15.47
10.75
-0.39
-17.52
-38.89
-61.36
-80.92
-93.81
-97.66
-92.26
-79.53
-62.85
-45.75
-30.94
-19.64
-11.63
-5.83
-1.07
3.2
6.79
9.02
9.24
7.36
4
0.22
-2.96
-4.87
-5.43
-4.93
-3.78
-2.27
-0.47
1.69
4.26
7.18
10.3
13.33
16.01
18.18
19.68
20.43
20.36
19.42
17.52
14.64
10.73
5.7
-0.6
-8.36
-17.74
-28.63
-40.51
-52.44
-63.1
-71.14
-75.56
-75.88
-72.28
-65.32
-55.75
-44.17
-31.01
-16.63
-1.47
13.8
28.32
41.09
51.09
57.34
58.93
55.25
46.3
32.92
16.84
0.5
-13.74
-24.21
-30.38
-32.75
-32.29
-29.75
-25.33
-18.92
-10.6
-1.18
7.77
14.38
17.21
15.85
11.11
4.54
-2.27
-8.16
-12.67
-15.79
-17.64
-18.31
-17.86
-16.4
-14.19
-11.58
-8.79
-5.92
-2.96
0.12
3.2
5.99
8.18
9.59
10.19
10.11
9.5
8.44
6.97
5.2
3.37
1.78
0.71
0.31
0.46
0.85
1.08
0.82
-0.03
-1.35
-2.82
-4.14
-5.04
-5.44
-5.39
-5.03
-4.53
-4.07
-3.79
-3.72
-3.86
-4.16
-4.55
-4.99
-5.46
-5.96
-6.48
-7
-7.48
-7.84
-7.97
-7.75
-7.08
-5.9
-4.32
-2.64
-1.34
-0.79
-0.99
-1.37
-0.88
1.66
7.1
15.66
26.82
39.47
52.19
63.43
71.74
75.98
75.69
71.4
64.66
57.69
52.7
51.05
52.64
56
58.85
59.03
55.26
47.58
37.13
25.73
15.27
7.12
2.01
-0.06
0.35
2.36
4.95
7
7.43
5.35
0.4
-6.98
-15.53
-23.45
-29.02
-31.39
-30.82
-28.6
-26.35
-25.22
-25.43
-26.32
-26.9
-26.5
-25.12
-23.28
-21.56
-20.19
-19.17
-18.36
-17.92
-18.35
-20.13
-23.44
-27.9
-32.64
-36.65
-39.21
-40.02
-39.23
-37.2
-34.28
-30.79
-26.93
-22.81
-18.4
-13.52
-7.82
-1.03
6.78
15.07
22.87
29.08
32.77
33.5
31.37
26.9
20.83
13.89
6.83
0.32
-4.95
-8.51
-10.14
-10
-8.62
-6.7
-4.94
-3.77
-3.34
-3.52
-4.06
-4.66
-5.09
-5.23
-5.04
-4.57
-3.87
-3.01
-2.04
-1.01
0.02
0.96
1.71
2.16
2.23
1.91
1.23
0.35
-0.54
-1.21
-1.46
-1.19
-0.4
0.68
1.77
2.52
2.68
2.19
1.13
-0.25
-1.68
-2.89
-3.71
-4.11
-4.23
-4.45
-5.28
-7.29
-10.87
-16.08
-22.48
-29.24
-35.33
-39.97
-42.77
-43.79
-43.38
-41.9
-39.47
-35.83
-30.59
-23.47
-14.62
-4.75
5.03
13.55
19.9
23.73
25.28
25.26
24.54
23.87
23.61
23.64
23.49
22.43
19.82
15.28
8.94
1.41
-6.33
-13.24
-18.49
-21.7
-23.05
-23.23
-23.2
-23.85
-25.67
-28.42
-31.06
-32.05
-29.91
-23.9
-14.47
-3.22
7.6
15.96
20.71
21.84
20.3
17.35
14.13
11.35
9.45
8.65
9.23
11.42
15.35
20.89
27.58
34.79
41.82
48.01
52.8
55.78
56.73
55.62
52.65
48.17
42.6
36.4
30.05
23.95
18.52
14.08
10.85
8.81
7.69
6.93
5.65
2.84
-2.47
-10.95
-22.53
-36.31
-50.43
-62.42
-69.78
-70.66
-64.55
-52.41
-36.52
-19.7
-4.57
7.18
15.01
19.28
20.92
20.92
20.18
19.48
19.57
21.1
24.34
29.01
34.14
38.4
40.72
40.92
39.8
38.69
38.61
39.37
39.39
36.18
27.55
12.79
-6.82
-28.24
-47.77
-62.24
-69.92
-70.65
-65.5
-56.08
-44.06
-30.93
-18.06
-6.73
1.89
6.97
8.31
6.53
2.98
-0.53
-2.43
-1.87
1.04
5.22
9.18
11.65
12.06
10.64
8.13
5.35
2.73
0.31
-2.11
-4.58
-6.79
-8.19
-8.22
-6.77
-4.26
-1.57
0.36
0.84
-0.22
-2.32
-4.67
-6.48
-7.22
-6.85
-5.72
-4.47
-3.91
-4.76
-7.47
-11.97
-17.65
-23.44
-28.13
-30.74
-30.71
-28.06
-23.3
-17.12
-10.32
-3.52
3.01
9.3
15.63
22.26
28.93
34.73
38.14
37.56
31.97
21.44
7.03
-9.49
-26.25
-41.47
-53.37
-60.09
-59.87
-51.65
-35.94
-15.35
5.86
23.16
33.44
36.27
33.87
30.01
28.18
30.12
35.2
41.08
44.98
44.94
40.52
32.62
22.97
13.37
5.3
-0.27
-2.79
-2.1
1.54
7.44
14.45
21.13
25.98
27.75
25.71
19.79
10.7
-0.21
-11.06
-20.02
-25.79
-28.04
-27.53
-25.71
-24.09
-23.62
-24.44
-26.01
-27.55
-28.51
-28.77
-28.44
-27.72
-26.76
-25.83
-25.4
-26.16
-28.48
-31.87
-34.58
-33.98
-27.65
-14.64
3.81
24.47
43.4
57.45
65.16
66.88
63.96
57.89
49.87
40.87
31.98
24.46
19.31
16.7
15.69
14.56
11.56
5.83
-2.3
-11.55
-20.3
-27.33
-32.17
-34.99
-36.43
-37.29
-38.29
-39.89
-42.13
-44.54
-46.29
-46.44
-44.24
-39.55
-32.87
-25.24
-17.95
-12.15
-8.36
-6.36
-5.21
-3.42
0.64
8.39
20.56
36.63
54.75
71.94
84.79
90.37
87.06
74.98
55.86
32.52
8.14
-14.11
-31.4
-41.46
-43.02
-36.28
-23.22
-7.32
7.31
17.21
20.66
18
11.21
2.97
-4.38
-9.55
-12.35
-13.39
-13.58
-13.65
-14
-14.73
-15.72
-16.83
-17.92
-18.9
-19.63
-19.89
-19.45
-18.14
-16
-13.31
-10.5
-8.01
-6.09
-4.76
-3.85
-3.07
-2.19
-1.08
0.29
1.85
3.39
4.74
5.62
5.91
5.54
4.67
3.57
2.61
2.05
1.94
2.04
1.79
0.67
-1.62
-4.83
-8.16
-10.5
-10.97
-9.27
-5.84
-1.8
1.52
2.99
1.99
-1.47
-6.69
-12.17
-15.63
-14.48
-6.7
8.08
27.92
48.86
66.12
75.88
76.58
69.32
56.97
42.73
28.91
16.5
5.65
-3.44
-9.94
-12.46
-9.61
-0.85
12.99
29.75
46.38
59.8
67.62
68.69
63.08
51.86
36.64
19.23
1.34
-15.56
-30.29
-41.96
-50.08
-54.55
-55.69
-54.17
-50.88
-46.68
-42.25
-37.92
-33.69
-29.43
-25.09
-20.97
-17.66
-15.89
-16.15
-18.37
-21.72
-24.83
-26.13
-24.4
-19.08
-10.45
0.5
12.4
23.79
33.4
40.32
44.09
44.71
42.58
38.4
33.08
27.49
22.39
18.28
15.32
13.42
12.26
11.44
10.54
9.2
7.26
4.73
1.87
-1
-3.52
-5.47
-6.79
-7.56
-7.88
-7.87
-7.61
-7.16
-6.6
-6.03
-5.48
-4.9
-4.19
-3.26
-2.09
-0.77
0.54
1.72
2.78
3.77
4.77
5.88
7.1
8.41
9.82
11.35
13.03
14.8
16.49
17.78
18.33
17.88
16.36
13.97
11.15
8.43
6.24
4.73
3.75
2.9
1.81
0.35
-1.31
-2.66
-3.17
-2.5
-0.68
1.95
4.87
7.64
10
11.84
13.09
13.54
12.85
10.69
6.97
2.05
-3.31
-8.1
-11.4
-12.55
-11.23
-7.43
-1.36
6.5
15.27
23.58
29.86
32.68
31.42
26.73
20.48
15.33
13.7
16.98
24.86
35.42
45.78
53.02
55.11
51.38
42.56
30.22
16.23
2.25
-10.56
-21.37
-29.69
-35.17
-37.72
-37.52
-35.15
-31.38
-26.92
-22.2
-17.24
-11.87
-6.02
-0.02
5.41
9.4
11.21
10.67
8.11
4.4
0.54
-2.51
-4.16
-4.21
-2.99
-1.17
0.5
1.35
1.06
-0.35
-2.57
-5.16
-7.75
-9.99
-11.7
-12.8
-13.48
-14.14
-15.38
-17.76
-21.51
-26.41
-31.77
-36.65
-40.17
-41.77
-41.27
-38.83
-34.9
-30.08
-25.09
-20.63
-17.26
-15.23
-14.42
-14.41
-14.63
-14.54
-13.84
-12.4
-10.27
-7.58
-4.49
-1.15
2.17
5.16
7.43
8.65
8.61
7.41
5.41
3.18
1.33
0.28
0.16
0.81
1.92
3.22
4.6
6.13
7.9
9.92
11.95
13.58
14.43
14.28
13.23
11.58
9.65
7.71
5.88
4.2
2.7
1.47
0.61
0.15
-0.03
-0.1
-0.21
-0.42
-0.73
-1.09
-1.5
-1.98
-2.56
-3.24
-3.96
-4.61
-5.16
-5.59
-5.88
-5.97
-5.77
-5.17
-4.19
-2.97
-1.81
-1.06
-0.98
-1.63
-2.85
-4.36
-5.82
-6.99
-7.74
-8.12
-8.29
-8.37
-8.44
-8.45
-8.28
-7.83
-7.09
-6.22
-5.49
-5.17
-5.39
-6.18
-7.37
-8.73
-10
-10.98
-11.57
-11.76
-11.65
-11.56
-11.93
-13.25
-15.79
-19.4
-23.49
-27.13
-29.38
-29.62
-27.68
-23.89
-18.85
-13.21
-7.49
-1.97
3.22
8.04
12.39
16.11
18.92
20.51
20.58
19.02
15.96
11.82
7.21
2.81
-0.8
-3.25
-4.51
-4.89
-4.9
-5.04
-5.6
-6.56
-7.67
-8.56
-9.02
-9.1
-9.11
-9.47
-10.49
-12.23
-14.44
-16.77
-18.82
-20.34
-21.2
-21.32
-20.57
-18.79
-15.9
-12
-7.61
-3.45
-0.24
1.58
2.11
1.86
1.49
1.5
2.02
2.81
3.54
3.94
3.98
3.86
3.84
4.15
4.89
6.05
7.44
8.7
9.3
8.64
6.26
2.02
-3.79
-10.48
-17.29
-23.56
-28.89
-33.1
-36.11
-37.72
-37.67
-35.71
-31.76
-26.06
-19.15
-11.85
-5.14
0.05
3.05
3.63
2.15
-0.45
-2.89
-3.81
-2.13
2.58
10.01
19.18
28.7
37.21
43.77
48.01
50.12
50.64
50.17
49.24
48.25
47.33
46.34
44.79
41.97
37.28
30.66
22.88
15.51
10.33
8.6
10.61
15.54
21.95
28.39
33.86
37.89
40.26
40.87
39.49
36.08
30.86
24.42
17.55
10.93
4.97
-0.24
-4.73
-8.54
-11.5
-13.37
-13.99
-13.44
-11.98
-10.1
-8.25
-6.81
-6.03
-5.95
-6.47
-7.34
-8.26
-8.97
-9.36
-9.5
-9.58
-9.83
-10.36
-11.2
-12.24
-13.3
-14.23
-14.94
-15.34
-15.39
-15.06
-14.41
-13.61
-12.98
-12.78
-13.21
-14.3
-15.76
-17.22
-18.31
-18.84
-18.82
-18.43
-17.9
-17.34
-16.72
-15.87
-14.61
-12.86
-10.74
-8.47
-6.42
-4.98
-4.54
-5.3
-7.17
-9.66
-11.9
-12.94
-12
-8.71
-3.32
3.51
10.86
17.88
23.91
28.59
31.73
33.37
33.7
32.96
31.48
29.43
26.92
24.05
20.88
17.56
14.21
10.81
7.22
3.23
-1.29
-6.32
-11.6
-16.86
-21.84
-26.42
-30.49
-33.93
-36.55
-38.08
-38.43
-37.63
-35.9
-33.6
-31.08
-28.68
-26.66
-25.22
-24.4
-24.06
-23.94
-23.7
-23.09
-22.06
-20.77
-19.47
-18.38
-17.6
-17.02
-16.42
-15.52
-14.22
-12.56
-10.71
-8.81
-6.77
-4.24
-0.74
4.09
10.31
17.53
25.02
32.01
37.93
42.48
45.58
47.16
47.1
45.29
41.78
36.84
30.99
24.86
18.97
13.65
8.95
4.69
0.64
-3.37
-7.34
-11.07
-14.27
-16.58
-17.73
-17.61
-16.36
-14.28
-11.77
-9.18
-6.65
-4.21
-1.79
0.64
2.9
4.66
5.53
5.22
3.74
1.43
-1.1
-3.04
-3.74
-2.92
-0.85
1.7
3.58
3.78
1.8
-2.13
-7.05
-11.63
-14.62
-15.15
-12.79
-7.61
0.01
9.32
19.24
28.47
35.8
40.38
42.05
41.26
38.7
34.99
30.33
24.64
17.83
10.13
2.18
-5.15
-11.12
-15.34
-17.82
-18.81
-18.69
-17.72
-16.01
-13.56
-10.21
-5.83
-0.39
5.94
12.78
19.5
25.29
29.37
31.13
30.38
27.47
23.27
18.92
15.43
13.29
12.3
11.7
10.6
8.42
5.17
1.35
-2.36
-5.27
-6.94
-7.08
-5.68
-3.08
-0.06
2.33
3.37
3.17
3.13
5.38
11.84
22.99
37.23
51.22
61.1
64.03
59.17
47.86
32.86
17.34
3.88
-5.94
-11.59
-13.38
-12.18
-9.15
-5.46
-2
0.83
3.22
5.71
8.96
13.42
19.05
25.28
31.2
35.71
37.83
36.88
32.61
25.17
15.02
2.75
-10.93
-25.1
-38.56
-49.76
-56.91
-58.41
-53.43
-42.5
-27.61
-11.92
1.21
9.09
10.58
6.3
-1.69
-10.54
-17.49
-20.61
-19.26
-14.21
-7.41
-1.23
2.16
1.48
-3.34
-11.24
-20.46
-29.12
-35.66
-39.29
-40.07
-38.9
-37.32
-36.9
-38.57
-42.05
-45.79
-47.5
-45.11
-37.84
-26.69
-14.24
-3.8
1.88
1.65
-3.57
-11.11
-17.55
-19.98
-17.03
-9.28
1.12
11.23
18.57
21.84
21.25
18.05
13.87
10.12
7.62
6.73
7.58
10.25
14.77
20.96
28.23
35.64
42.03
46.39
48.17
47.43
44.69
40.6
35.67
30.1
23.87
16.97
9.64
2.36
-4.38
-10.28
-15.39
-19.98
-24.08
-27.44
-29.39
-29.27
-26.76
-22.09
-15.91
-8.96
-1.74
5.45
12.29
18.19
22.2
23.36
21.16
15.84
8.57
1
-5.16
-8.7
-9.15
-6.82
-2.53
2.67
7.76
11.91
14.5
15.21
13.89
10.61
5.59
-0.77
-7.97
-15.44
-22.59
-29.03
-34.44
-38.72
-41.82
-43.75
-44.4
-43.6
-41.11
-36.72
-30.38
-22.1
-11.95
-0.03
13.39
27.66
41.52
53.25
60.97
63.38
60.22
52.38
41.6
29.85
18.73
9.22
1.73
-3.71
-7.35
-9.64
-11.34
-13.36
-16.42
-20.81
-26.2
-31.78
-36.61
-40.04
-41.82
-42.17
-41.48
-40.16
-38.54
-36.81
-35.08
-33.37
-31.66
-29.83
-27.74
-25.28
-22.5
-19.59
-16.7
-13.89
-10.96
-7.58
-3.4
1.73
7.62
13.83
19.72
24.73
28.53
31.03
32.27
32.35
31.34
29.33
26.55
23.34
20.17
17.47
15.47
14.15
13.27
12.49
11.47
10.1
8.43
6.71
5.28
4.43
4.3
4.79
5.54
6.02
5.74
4.31
1.67
-1.98
-6.17
-10.38
-14.08
-17
-19.04
-20.23
-20.69
-20.38
-19.12
-16.62
-12.56
-6.71
0.97
10.32
20.87
31.64
41.3
48.39
51.75
51.14
47.37
42.12
37.39
34.72
34.68
36.81
40.04
43.18
45.51
46.91
47.61
47.81
47.26
45.15
40.41
32.24
20.6
6.37
-8.83
-23.21
-35.19
-43.63
-47.86
-47.67
-43.47
-36.39
-28.33
-21.45
-17.59
-17.37
-19.97
-23.46
-25.51
-24.47
-19.85
-12.46
-3.91
3.96
9.71
12.63
12.77
10.8
7.62
4.21
1.21
-1.07
-2.75
-4.33
-6.4
-9.47
-13.54
-17.95
-21.33
-22.03
-18.66
-10.77
0.86
14.39
27.45
37.75
43.52
43.71
38.12
27.39
13.04
-2.67
-17.07
-27.91
-33.76
-34.46
-30.91
-24.69
-17.55
-10.99
-6.21
-3.9
-4.3
-7
-11.11
-15.37
-18.62
-20.15
-19.94
-18.48
-16.51
-14.54
-12.62
-10.46
-7.68
-4.12
-0.16
3.44
5.65
5.61
2.93
-2.16
-8.83
-15.95
-22.37
-27.27
-30.16
-30.93
-29.69
-26.61
-21.98
-16.14
-9.62
-3.15
2.46
6.49
8.52
8.48
6.68
3.62
-0.24
-4.47
-8.76
-12.94
-17
-21.05
-25.23
-29.49
-33.49
-36.68
-38.41
-38.21
-35.93
-31.85
-26.48
-20.38
-14.06
-8
-2.75
0.97
2.29
0.56
-4.27
-11.39
-19.06
-25.24
-28.17
-27.12
-22.6
-16.13
-9.54
-4.2
-0.55
1.83
3.72
5.73
7.8
9.42
10.04
9.6
8.75
8.65
10.4
14.52
20.74
28.12
35.5
42.02
47.42
51.97
56.14
60.2
63.92
66.54
66.84
63.52
55.69
43.25
27.24
9.78
-6.36
-18.47
-24.54
-23.85
-17.19
-6.65
4.85
14.21
18.72
16.55
7.15
-8.46
-27.77
-47.16
-62.74
-71.26
-70.97
-62
-46.43
-27.72
-9.8
4.03
11.96
14.09
12.12
8.47
5.17
3.16
2.19
1.45
0.42
-0.65
-0.84
0.76
4.29
8.81
12.65
14.16
12.29
7.03
-0.74
-9.7
-18.49
-26.02
-31.62
-35
-36.18
-35.39
-32.96
-29.19
-24.29
-18.47
-12.11
-5.83
-0.43
3.32
5.01
4.77
3.27
1.47
0.33
0.61
2.92
7.89
16.07
27.69
42.24
58.19
73.19
84.78
91.28
92.41
89.32
84.03
78.52
74.11
71.24
69.63
68.63
67.48
65.32
61.25
54.54
44.9
32.85
19.63
6.9
-3.88
-11.94
-17.48
-21.48
-25.4
-30.7
-38.46
-49.07
-62
-75.75
-88.13
-96.7
-99.45
-95.38
-84.8
-69.22
-51
-32.75
-16.77
-4.59
3.24
7.11
8.03
7.21
5.71
4.26
3.13
2.31
1.6
0.81
-0.24
-1.61
-3.14
-4.39
-4.78
-3.81
-1.4
1.91
5.03
6.69
6.06
3.32
-0.13
-2.1
-0.38
6.11
16.66
28.68
38.39
41.93
36.62
21.72
-1.32
-29.19
-57.48
-81.72
-98.32
-105.39
-103.26
-94.42
-82.94
-73.28
-68.99
-71.63
-80.34
-92.27
-103.47
-110.06
-109.15
-99.29
-80.66
-54.91
-24.89
5.81
33.62
55.73
70.77
79
81.87
81.24
78.65
74.9
70.23
64.72
58.65
52.45
46.66
41.71
37.94
35.75
35.54
37.55
41.54
46.66
51.53
54.75
55.34
53.12
48.74
43.3
37.97
33.64
30.76
29.35
29.28
30.33
32.3
35.03
38.28
41.77
44.98
47.34
48.35
47.76
45.74
42.76
39.32
35.76
32.17
28.44
24.55
20.69
17.24
14.56
12.72
11.4
10
7.98
5.13
1.73
-1.53
-3.89
-4.83
-4.28
-2.6
-0.51
1.24
2.16
2.15
1.62
1.33
2.13
4.67
9.12
15.03
21.52
27.46
31.88
34.25
34.56
33.28
31.04
28.46
25.77
22.84
19.16
13.97
6.63
-3.29
-15.64
-29.57
-43.57
-55.72
-64.16
-67.69
-66.19
-60.62
-52.77
-44.54
-37.4
-32.16
-28.98
-27.73
-28.19
-30.18
-33.35
-37.07
-40.43
-42.41
-42.27
-39.77
-35.27
-29.62
-23.89
-19.02
-15.56
-13.6
-12.78
-12.61
-12.78
-13.37
-14.89
-18.1
-23.46
-30.83
-39.23
-47.02
-52.42
-54.07
-51.6
-45.72
-37.96
-30.11
-23.56
-18.91
-15.98
-14.12
-12.65
-11.16
-9.51
-7.54
-4.97
-1.55
2.6
6.8
9.9
10.8
9.14
5.6
1.66
-1.19
-2.31
-2.18
-2.1
-3.52
-7.26
-13.16
-20.24
-27
-31.7
-32.7
-28.68
-19.09
-4.49
13.43
32.13
48.96
61.76
69.4
71.75
69.46
63.7
55.91
47.69
40.56
35.57
33.11
32.68
33.21
33.39
32.14
28.93
23.87
17.6
11.02
5.13
0.72
-1.78
-2.38
-1.5
0.12
1.62
2.14
1.01
-2.08
-7.12
-13.66
-20.93
-27.93
-33.76
-37.86
-40.14
-41.03
-41.17
-41.16
-41.31
-41.57
-41.73
-41.56
-40.98
-39.94
-38.34
-35.99
-32.65
-28.23
-22.88
-16.99
-10.98
-5.28
-0.12
4.32
7.95
10.68
12.43
13.28
13.41
13.21
13.06
13.35
14.26
15.8
17.8
19.99
22.06
23.81
25.1
25.9
26.28
26.28
25.99
25.42
24.48
22.97
20.63
17.24
12.8
7.65
2.41
-2.05
-4.92
-5.73
-4.43
-1.6
1.8
4.66
6.08
5.67
3.63
0.55
-2.92
-6.39
-9.92
-13.83
-18.48
-24
-30.12
-36.15
-41.15
-44.06
-43.92
-40.21
-33.12
-23.71
-13.84
-5.6
-0.47
1.19
0.35
-1.21
-1.76
-0.31
3.07
7.42
11.46
14.18
15.1
14.21
11.78
8.13
3.65
-1.07
-5.15
-7.48
-7.07
-3.45
3.07
11.26
19.41
25.76
29.02
28.64
24.82
18.32
10.24
1.86
-5.67
-11.59
-15.64
-18.13
-19.62
-20.51
-20.84
-20.3
-18.45
-14.95
-9.59
-2.22
7.28
18.72
31.37
43.74
53.86
59.94
61.05
57.5
50.68
42.33
33.9
26.16
19.26
12.97
7.07
1.48
-3.78
-8.71
-13.42
-18.04
-22.64
-27.14
-31.44
-35.49
-39.37
-43.08
-46.27
-47.99
-46.89
-41.6
-31.53
-17.38
-1.17
14.29
26.26
32.71
32.78
26.86
16.54
4.4
-6.47
-13.32
-14.72
-11.29
-5.66
-1.63
-2.51
-9.76
-22.46
-37.74
-51.98
-61.9
-65.38
-61.46
-50.18
-32.33
-9.44
16.29
42.18
65.38
83.37
94.48
98.24
95.36
87.58
77.02
65.7
55.11
46
38.4
31.88
25.92
20.11
14.26
8.32
2.46
-2.97
-7.53
-10.81
-12.7
-13.65
-14.73
-17.47
-23.45
-33.65
-48.04
-65.35
-83.32
-99.2
-110.45
-115.14
-112.26
-101.6
-83.68
-59.53
-30.8
0.12
30.1
55.61
73.46
81.64
79.92
69.99
54.93
38.39
23.57
12.49
5.66
2.27
0.68
-0.9
-3.68
-7.98
-13.23
-18.34
-22.18
-24.06
-23.87
-22
-19.04
-15.54
-11.92
-8.44
-5.35
-2.87
-1.18
-0.38
-0.44
-1.23
-2.59
-4.46
-6.89
-9.98
-13.63
-17.26
-19.71
-19.55
-15.52
-7.1
5.12
19.51
33.81
45.73
53.54
56.44
54.66
49.27
41.88
34.23
27.87
23.84
22.52
23.63
26.38
29.73
32.73
34.69
35.26
34.54
32.91
30.93
29.12
27.78
26.92
26.29
25.51
24.14
21.91
18.79
15.1
11.4
8.3
6.24
5.28
5.06
4.92
4.25
2.68
0.28
-2.57
-5.47
-8.21
-10.87
-13.81
-17.34
-21.52
-26.03
-30.27
-33.54
-35.34
-35.5
-34.14
-31.61
-28.31
-24.69
-21.14
-17.97
-15.3
-12.89
-10.19
-6.49
-1.29
5.37
12.89
20.36
26.87
31.98
35.66
38.24
40.05
41.18
41.46
40.68
38.68
35.63
31.98
28.39
25.63
24.3
24.56
25.98
27.47
27.67
25.39
20.03
11.94
2.22
-7.52
-15.58
-20.63
-22.03
-19.94
-15.43
-10.17
-6.1
-4.87
-7.39
-13.54
-22.28
-31.98
-40.79
-47.05
-49.59
-47.86
-42.04
-33.05
-22.47
-12.26
-4.36
-0.03
0.42
-2.19
-6.32
-10.24
-12.74
-13.48
-12.96
-12.05
-11.5
-11.57
-12.04
-12.47
-12.65
-12.72
-13.1
-14.13
-15.88
-18.05
-20.14
-21.68
-22.4
-22.26
-21.26
-19.31
-16.29
-12.27
-7.84
-4.11
-2.45
-3.92
-8.86
-16.64
-26.06
-35.84
-45.01
-53.06
-59.61
-64.07
-65.6
-63.34
-56.99
-46.92
-34.15
-19.76
-4.52
11.1
26.62
41.02
52.73
59.99
61.65
57.71
49.42
38.84
28.07
18.7
11.54
6.84
4.44
3.95
4.72
5.89
6.56
6.06
4.24
1.44
-1.64
-4.4
-6.55
-8.09
-9.15
-9.75
-9.75
-9.05
-7.79
-6.47
-5.73
-5.94
-6.89
-7.78
-7.6
-5.7
-2.2
2.03
5.73
7.8
7.65
5.42
1.7
-2.59
-6.52
-9.33
-10.56
-10.1
-8.14
-5.09
-1.4
2.65
6.98
11.79
17.33
23.8
31.07
38.6
45.35
49.95
51.08
47.99
40.86
30.83
19.77
9.64
1.83
-3.08
-5.35
-5.74
-5.1
-4.09
-3.23
-2.79
-2.67
-2.35
-0.94
2.4
7.85
14.49
20.38
23.27
21.56
15.17
5.53
-4.87
-13.5
-18.58
-19.44
-16.35
-10.26
-2.51
5.34
11.62
14.92
14.43
10.23
3.31
-4.77
-12.33
-17.99
-20.93
-21.08
-18.95
-15.54
-12
-9.28
-7.83
-7.47
-7.48
-7
-5.28
-1.86
3.41
10.45
18.88
28
36.75
43.95
48.62
50.33
49.41
46.73
43.35
40.12
37.5
35.59
34.32
33.62
33.36
33.38
33.3
32.67
31.04
28.12
23.86
18.35
11.86
4.69
-2.82
-10.3
-17.32
-23.5
-28.49
-32.06
-34.09
-34.57
-33.6
-31.49
-28.76
-26.1
-24.29
-23.88
-25.03
-27.36
-30.1
-32.36
-33.4
-32.94
-31.11
-28.32
-25.07
-21.76
-18.6
-15.63
-12.88
-10.37
-8.13
-6.25
-4.73
-3.54
-2.52
-1.49
-0.25
1.34
3.26
5.33
7.24
8.74
9.66
10.04
10.04
9.8
9.38
8.73
7.79
6.55
5.14
3.77
2.67
1.94
1.54
1.29
0.99
0.52
-0.16
-0.97
-1.82
-2.63
-3.39
-4.14
-4.92
-5.81
-6.83
-8.04
-9.46
-11.04
-12.68
-14.12
-15.06
-15.29
-14.72
-13.57
-12.24
-11.18
-10.69
-10.8
-11.19
-11.46
-11.27
-10.59
-9.75
-9.25
-9.59
-10.95
-13.15
-15.67
-17.9
-19.4
-20.03
-20.02
-19.81
-19.88
-20.53
-21.85
-23.71
-25.74
-27.45
-28.23
-27.5
-24.87
-20.4
-14.72
-8.99
-4.61
-2.62
-3.25
-5.71
-8.54
-10.31
-10.41
-9.26
-8.07
-8.01
-9.48
-11.78
-13.52
-13.38
-10.85
-6.52
-1.6
2.79
6.14
8.68
10.96
13.32
15.59
17.18
17.45
16.1
13.41
10.14
7.18
5.26
4.65
5.17
6.29
7.4
8.13
8.4
8.45
8.68
9.32
10.36
11.46
12.23
12.33
11.77
10.74
9.5
8.22
6.89
5.4
3.69
1.93
0.38
-0.59
-0.79
-0.25
0.69
1.49
1.64
0.82
-0.83
-2.79
-4.27
-4.57
-3.41
-1.04
1.85
4.55
6.74
8.68
11.07
14.7
19.84
26
31.99
36.38
38.02
36.34
31.4
23.67
13.93
3.24
-6.97
-15.06
-19.76
-21.02
-20.41
-20.71
-24.64
-33.31
-45.37
-57.39
-65.41
-66.73
-60.99
-50.02
-36.64
-23.37
-11.55
-1.45
7.13
14.29
19.82
23.52
25.44
26.11
26.25
26.47
26.9
27.14
26.47
24.17
19.9
13.72
6.09
-2.44
-11.46
-20.83
-30.58
-40.71
-50.93
-60.42
-67.96
-72.02
-71.27
-65.1
-54.01
-39.55
-23.87
-8.99
3.74
13.9
21.77
27.86
32.55
35.98
38.14
39
38.49
36.48
32.76
27.44
21.13
15.07
10.83
9.62
11.68
16.06
21
24.51
25.23
22.77
17.71
11.33
5.15
0.5
-1.71
-1.18
1.85
6.73
12.62
18.77
24.64
29.96
34.62
38.66
42.17
45.33
48.42
51.7
55.38
59.39
63.24
66.03
66.7
64.32
58.42
49.26
37.66
24.74
11.6
-0.93
-12.27
-21.94
-29.46
-34.43
-36.64
-36.29
-33.83
-29.75
-24.34
-17.55
-9.21
0.63
11.25
21.29
28.9
32.4
30.91
24.68
15.3
5.35
-2.34
-5.64
-3.87
1.85
8.81
13.42
12.3
3.34
-13.57
-36.35
-61.22
-83.51
-98.81
-104.11
-98.58
-83.8
-63.34
-41.69
-22.97
-9.88
-3.1
-1.6
-3.44
-6.74
-10.3
-13.7
-16.94
-19.92
-22.11
-22.8
-21.44
-18.13
-13.53
-8.55
-3.95
-0.09
3.13
5.83
7.89
8.9
8.37
6.14
2.52
-1.68
-5.45
-7.93
-8.62
-7.52
-5.01
-1.68
1.85
5.05
7.51
9
9.34
8.43
6.2
2.68
-1.85
-6.79
-11.19
-14.07
-14.57
-12.22
-7
0.66
10.03
20.08
29.64
37.59
43.07
45.69
45.57
43.34
39.8
35.78
31.97
28.8
26.52
25.2
24.86
25.47
26.97
29.3
32.32
35.75
39.12
41.85
43.37
43.45
42.13
39.68
36.28
31.82
25.97
18.56
10.1
2.03
-3.48
-4.32
0.49
10.16
22.02
32.33
37.41
34.93
24.56
8.03
-11.49
-30.34
-45.49
-55.4
-60.33
-62.21
-63.75
-67.34
-74.03
-83.23
-93.07
-101.42
-106.57
-107.49
-103.52
-94.06
-78.57
-57.15
-31.26
-3.88
21.03
39.84
50.51
53.16
49.79
43.17
35.7
28.83
23.11
18.61
15.27
13.1
12.03
11.74
11.62
11.04
9.53
7.02
3.89
0.78
-1.36
-1.58
1.01
6.86
15.76
26.68
37.88
47.42
53.67
55.83
54.2
50.12
45.52
42.29
41.63
43.37
45.98
46.99
43.87
35.07
20.7
2.46
-17.18
-35.94
-52.48
-66.36
-77.64
-86.12
-91.18
-91.98
-88.09
-80.09
-69.55
-58.54
-48.81
-41.15
-35.24
-30.11
-24.95
-19.66
-14.96
-12.01
-11.63
-13.74
-17.18
-20.09
-20.45
-16.75
-8.4
4.14
19.5
35.66
50.47
62.11
69.47
72.3
71.08
66.71
60.14
52.23
43.7
35.21
27.41
20.82
15.71
12.08
9.64
8.01
6.8
5.75
4.72
3.67
2.62
1.59
0.59
-0.42
-1.49
-2.74
-4.32
-6.33
-8.74
-11.33
-13.73
-15.6
-16.79
-17.36
-17.61
-17.87
-18.3
-18.79
-18.97
-18.42
-16.91
-14.62
-11.97
-9.56
-7.82
-6.78
-6.04
-4.94
-2.85
0.46
4.81
9.69
14.55
19.08
23.25
27.18
30.89
34.13
36.45
37.43
36.93
35.16
32.6
29.88
27.57
26.25
26.51
28.88
33.54
40.02
46.87
51.87
52.64
47.63
36.95
22.58
7.84
-3.76
-9.72
-9.5
-4.53
2.33
7.89
9.71
6.75
-0.41
-9.92
-19.32
-26.3
-29.34
-28
-22.84
-15.13
-6.3
2.39
10.06
16.27
20.8
23.63
24.76
24.14
21.65
17.1
10.4
1.65
-8.58
-19.22
-28.88
-36.17
-40.12
-40.48
-37.68
-32.75
-26.94
-21.48
-17.33
-15.08
-14.8
-16.2
-18.58
-21.12
-23.18
-24.57
-25.53
-26.62
-28.25
-30.4
-32.53
-33.8
-33.54
-31.66
-28.9
-26.45
-25.45
-26.33
-28.55
-30.77
-31.32
-28.74
-22.26
-11.92
1.48
16.46
31.12
43.44
51.72
55.13
54
49.57
43.61
37.59
32.11
26.93
21.45
15.35
9.01
3.38
-0.72
-3.14
-4.78
-7.16
-11.56
-18.25
-26.3
-34.01
-39.68
-42.21
-41.33
-37.22
-30.23
-20.51
-8.29
5.78
20.37
33.73
44.08
50.18
51.62
48.7
42.28
33.46
23.49
13.81
5.85
0.73
-1.05
0.06
2.82
5.5
6.51
4.96
0.93
-4.65
-10.5
-15.47
-18.92
-20.79
-21.46
-21.39
-21
-20.47
-19.85
-19.13
-18.37
-17.69
-17.28
-17.25
-17.49
-17.61
-16.98
-14.87
-10.86
-4.96
2.19
9.49
15.77
20.05
21.83
21.12
18.42
14.39
9.68
4.74
-0.22
-5.05
-9.43
-12.82
-14.52
-13.94
-10.94
-5.88
0.66
8.25
16.92
26.89
38.07
49.35
58.61
63.34
61.83
54.11
42.09
28.81
17.15
8.75
3.68
0.76
-1.56
-4.38
-8.04
-12.3
-16.71
-20.97
-24.82
-27.81
-29.13
-27.81
-23.16
-15.38
-5.71
3.79
10.95
14.26
13.49
9.62
4.4
-0.47
-3.95
-5.89
-6.79
-7.33
-7.97
-8.67
-8.92
-8.14
-5.89
-2.16
2.72
8.27
13.87
18.77
21.99
22.54
19.76
13.9
6.31
-0.87
-5.63
-6.86
-4.74
-0.58
4.05
7.95
10.57
11.82
11.49
8.96
3.35
-6.01
-19.08
-34.94
-51.95
-68.16
-81.72
-91.21
-95.81
-95.49
-91.15
-84.53
-77.75
-72.46
-69.15
-66.71
-62.74
-54.13
-38.26
-13.94
17.81
53.86
89.61
120.15
141.66
152.12
151.65
142.05
125.9
105.76
83.7
61.33
40.12
21.65
7.37
-2.01
-7.06
-9.77
-12.88
-18.79
-28.46
-41.06
-54.19
-65.01
-71.28
-72.07
-67.99
-60.76
-52.67
-45.87
-41.72
-40.07
-39.06
-35.42
-25.62
-7.55
18.25
48.44
77.97
101.91
117.26
123.51
122.12
115.32
105.08
92.83
79.72
67.14
56.72
50.07
48.11
50.58
56.04
62.24
66.85
68.08
65
57.55
46.38
32.51
16.99
0.81
-15.19
-30.28
-43.7
-54.75
-62.79
-67.53
-69.25
-68.8
-67.39
-66.22
-66
-66.73
-67.81
-68.48
-68.25
-67.29
-66.22
-65.71
-65.93
-66.45
-66.45
-65.21
-62.6
-59.05
-55.31
-51.94
-49.01
-46.1
-42.57
-37.82
-31.48
-23.46
-13.86
-3.08
8.15
18.74
27.47
33.41
36.2
36.34
34.84
32.86
31.21
30.16
29.51
28.85
27.84
26.4
24.68
22.99
21.69
21.05
21.22
22.14
23.53
25.05
26.41
27.45
28.15
28.42
27.95
26.28
22.91
17.71
11.05
3.61
-4.03
-11.76
-19.95
-29
-38.74
-48.22
-56.01
-60.95
-62.92
-63.02
-63.13
-64.83
-68.57
-73.3
-77.02
-77.75
-74.52
-67.82
-59.36
-51.27
-45.36
-42.49
-42.51
-44.57
-47.69
-51.15
-54.61
-57.94
-60.89
-62.95
-63.36
-61.45
-56.99
-50.45
-42.87
-35.64
-29.93
-26.33
-24.79
-24.76
-25.45
-25.96
-25.16
-21.66
-13.88
-0.58
18.55
42.4
68.69
94.63
117.93
137.32
152.62
164.06
171.67
175.03
173.61
167.31
156.87
143.7
129.25
114.5
99.74
84.81
69.55
54.16
39.14
25.02
12.05
0.15
-10.97
-21.67
-32.24
-42.9
-53.82
-65.13
-76.94
-89.21
-101.75
-114.32
-126.58
-138.05
-147.85
-154.61
-156.47
-151.61
-138.96
-118.8
-93.12
-65.34
-39.46
-18.92
-5.6
0.69
2
1.38
1.68
4.58
10.21
17.53
25.05
31.63
36.87
41.15
45.29
50.19
56.65
65.26
76.45
90.26
106.22
123.22
139.51
153.09
162.11
165.17
161.67
151.79
136.45
117.2
95.97
74.71
55.03
37.93
23.57
11.53
1.1
-8.16
-16.08
-21.94
-24.85
-24.27
-20.29
-13.56
-5.14
3.69
11.36
16.06
16.05
10.14
-1.51
-17.14
-33.62
-47.38
-55.61
-57.25
-53.18
-45.8
-38.03
-32.26
-29.77
-30.36
-32.7
-34.86
-35.2
-33.12
-29.42
-26.02
-25.16
-28.54
-36.82
-49.47
-65.09
-81.8
-97.49
-110
-117.24
-117.42
-109.57
-94.05
-72.78
-48.95
-26.16
-7.45
5.44
12.33
14.32
13.27
11.14
9.49
9.26
10.55
12.79
14.85
15.37
13.3
8.3
1.06
-6.92
-13.83
-18.29
-19.79
-18.81
-16.47
-14.07
-12.69
-12.97
-15.12
-18.9
-23.68
-28.4
-31.86
-33.04
-31.57
-27.85
-22.97
-18.23
-14.59
-12.42
-11.41
-10.91
-10.26
-8.98
-6.89
-3.94
-0.23
4.16
9.12
14.6
20.51
26.71
32.88
38.52
43
45.65
46.02
44.02
39.87
34.12
27.47
20.63
14.33
9.05
5.09
2.38
0.59
-0.9
-2.72
-5.37
-9.03
-13.48
-18.15
-22.25
-25.1
-26.24
-25.69
-23.79
-21.09
-18.08
-15.03
-11.93
-8.6
-4.91
-0.91
3.09
6.63
9.26
10.66
10.72
9.57
7.53
4.99
2.38
0.1
-1.62
-2.71
-3.33
-3.7
-4.1
-4.69
-5.57
-6.72
-8.17
-10.05
-12.5
-15.62
-19.27
-23.11
-26.71
-29.77
-32.22
-34.27
-36.19
-38.22
-40.39
-42.65
-45.02
-47.59
-50.43
-53.2
-55.09
-54.89
-51.56
-44.58
-34.14
-20.79
-5.12
12.55
31.84
51.78
70.47
85.23
93.48
93.79
86.53
73.79
58.57
43.66
30.95
21.26
14.6
10.64
8.97
9.14
10.61
12.67
14.58
15.73
15.89
15.27
14.43
14.01
14.48
15.96
18.15
20.5
22.39
23.39
23.41
22.6
21.28
19.8
18.41
17.2
16.14
15.1
13.94
12.53
10.83
8.84
6.64
4.33
2.02
-0.28
-2.59
-4.92
-7.25
-9.52
-11.56
-13.23
-14.35
-14.84
-14.71
-14.22
-13.75
-13.68
-14.29
-15.55
-17.16
-18.65
-19.56
-19.62
-18.88
-17.56
-16.01
-14.53
-13.34
-12.5
-11.79
-10.63
-8.15
-3.44
4.05
14.16
25.9
37.72
48
55.67
60.39
62.49
62.63
61.41
59.15
55.94
51.79
46.86
41.56
36.53
32.44
29.77
28.52
28.15
27.67
26.09
22.85
18.18
12.98
8.51
5.73
5.04
6.13
8.34
11
13.68
16.15
18.07
18.82
17.57
13.72
7.3
-0.77
-9
-15.95
-20.69
-23.07
-23.5
-22.63
-21.04
-19.39
-18.5
-19.39
-22.88
-29.07
-36.86
-44.1
-48.4
-48.11
-43.11
-34.76
-25.29
-16.8
-10.55
-6.82
-5.24
-5.31
-6.87
-10.04
-14.85
-20.9
-27.19
-32.24
-34.64
-33.53
-28.89
-21.44
-12.43
-3.09
5.51
12.52
17.28
19.21
17.98
13.67
6.94
-1.18
-9.45
-16.81
-22.63
-26.7
-29.08
-29.88
-29.06
-26.39
-21.56
-14.37
-4.91
6.31
18.36
30.1
40.32
47.97
52.24
52.69
49.27
42.35
32.73
21.59
10.38
0.5
-6.96
-11.51
-13.27
-12.88
-11.18
-9
-6.94
-5.29
-4.16
-3.62
-3.72
-4.58
-6.2
-8.45
-11
-13.47
-15.56
-17.14
-18.26
-19.03
-19.46
-19.43
-18.69
-16.92
-13.97
-9.86
-4.86
0.53
5.75
10.24
13.51
15.22
15.18
13.38
10.02
5.57
0.7
-3.82
-7.29
-9.32
-9.91
-9.4
-8.21
-6.72
-5.12
-3.5
-1.94
-0.59
0.31
0.53
0.06
-0.95
-2.15
-3.21
-3.89
-4.19
-4.24
-4.21
-4.14
-3.87
-3.15
-1.77
0.26
2.69
5.05
6.94
8.14
8.68
8.77
8.57
8.12
7.32
6.02
4.11
1.7
-1.01
-3.74
-6.22
-8.29
-9.88
-11.05
-11.99
-13.08
-14.77
-17.42
-21.1
-25.44
-29.6
-32.54
-33.34
-31.54
-27.26
-21.16
-14.27
-7.72
-2.57
0.36
0.75
-1.1
-4.3
-7.54
-9.47
-8.96
-5.4
1.35
10.96
22.7
35.47
47.82
58.15
65.08
67.89
66.7
62.45
56.38
49.66
42.99
36.61
30.46
24.42
18.45
12.6
6.98
1.64
-3.39
-8.12
-12.54
-16.59
-20.2
-23.32
-25.96
-28.18
-30.09
-31.82
-33.46
-34.95
-36.11
-36.68
-36.45
-35.57
-34.58
-34.39
-35.75
-38.67
-42.02
-43.69
-41.35
-33.49
-20.03
-2.36
17.2
36.25
52.85
65.61
73.56
76.19
73.8
67.86
60.94
55.96
54.88
57.74
62.52
66.1
65.76
60.37
50.61
38.41
25.97
14.99
6.53
1.14
-0.85
0.55
4.75
10.47
15.95
19.59
20.57
19
15.72
11.73
7.66
3.66
-0.45
-4.75
-8.96
-12.48
-14.67
-15.23
-14.28
-12.3
-9.93
-7.68
-5.86
-4.61
-4.03
-4.36
-5.89
-8.93
-13.48
-19.2
-25.29
-30.72
-34.58
-36.33
-35.96
-33.93
-30.92
-27.57
-24.21
-20.75
-16.88
-12.26
-6.83
-0.93
4.71
9.18
11.81
12.44
11.48
9.72
7.92
6.5
5.41
4.31
2.85
0.97
-1.09
-2.9
-4.1
-4.66
-4.82
-4.97
-5.41
-6.18
-7.07
-7.77
-8.02
-7.72
-6.92
-5.75
-4.35
-2.81
-1.21
0.43
2.06
3.65
5.17
6.56
7.72
8.47
8.67
8.19
7.01
5.21
2.97
0.52
-1.95
-4.24
-6.17
-7.66
-8.69
-9.35
-9.7
-9.76
-9.51
-8.95
-8.14
-7.25
-6.43
-5.69
-4.82
-3.41
-1.04
2.43
6.66
10.95
14.46
16.59
17.14
16.31
14.48
11.96
8.96
5.6
2.1
-1.15
-3.74
-5.32
-5.81
-5.37
-4.24
-2.66
-0.72
1.64
4.53
8.14
12.76
18.72
26.42
36.18
48.07
61.78
76.57
91.35
104.79
115.62
122.77
125.58
123.85
117.83
108.08
95.48
81.14
66.4
52.87
42.2
35.72
33.98
36.38
41.14
45.73
47.62
45
37.35
25.35
10.54
-5.24
-20.45
-34.13
-45.97
-56.15
-65
-72.64
-78.83
-83.05
-84.72
-83.6
-80.03
-74.89
-69.28
-64.03
-59.43
-55.25
-51.05
-46.6
-42.09
-37.95
-34.64
-32.21
-30.3
-28.33
-25.88
-23.05
-20.54
-19.32
-20.24
-23.63
-29
-35.3
-41.18
-45.44
-47.35
-46.83
-44.31
-40.51
-36.07
-31.35
-26.32
-20.77
-14.56
-7.96
-1.7
3.25
6.04
6.32
4.43
1.22
-2.3
-5.37
-7.72
-9.49
-11
-12.5
-14
-15.25
-15.93
-15.85
-15.05
-13.9
-12.9
-12.61
-13.33
-14.97
-16.99
-18.58
-18.95
-17.73
-15.23
-12.29
-10.01
-9.21
-10.05
-11.81
-13.07
-12.04
-6.95
3.48
19.59
40.52
64.11
87.15
105.99
117.51
120.06
113.93
101.15
84.65
67.15
50.44
35.22
21.68
10.23
1.76
-2.71
-2.82
0.48
4.96
8.03
7.83
4.12
-1.69
-7.49
-11.52
-13.3
-13.44
-13.08
-12.99
-13.17
-13.07
-12.2
-10.68
-9.34
-9.18
-10.79
-13.93
-17.8
-21.47
-24.58
-27.5
-30.96
-35.45
-40.64
-45.31
-47.94
-47.42
-43.67
-37.77
-31.45
-26.36
-23.42
-22.56
-22.97
-23.67
-24.05
-24.08
-24.25
-25
-26.46
-28.35
-30.15
-31.43
-32.03
-31.91
-30.87
-28.38
-23.7
-16.27
-6.15
5.7
17.59
27.48
33.71
35.54
33.3
28.25
21.99
15.99
11.25
8.26
7.13
7.79
10.03
13.51
17.62
21.7
25.39
28.94
33.13
38.73
45.68
52.63
57.23
57.15
51.36
40.76
27.91
15.95
7.23
2.58
1.37
2.17
3.58
4.54
4.24
1.89
-3.24
-11.48
-22.25
-34.04
-44.73
-52.32
-55.68
-54.83
-50.76
-44.88
-38.45
-32.2
-26.35
-20.81
-15.35
-9.82
-4.3
0.84
5.03
7.61
8.06
6.25
2.57
-2.14
-6.8
-10.51
-12.71
-13.27
-12.31
-10.02
-6.6
-2.26
2.68
7.8
12.62
16.79
20.24
23.23
26.17
29.43
33.13
37.03
40.59
43.15
44.12
43.14
40.17
35.54
29.87
23.97
18.56
14.13
10.84
8.5
6.74
5.16
3.45
1.47
-0.79
-3.28
-5.9
-8.52
-10.95
-12.93
-14.12
-14.26
-13.19
-11.02
-8.11
-4.95
-2.01
0.37
2.12
3.38
4.32
5.06
5.56
5.73
5.53
5.01
4.31
3.6
2.96
2.37
1.8
1.15
0.37
-0.54
-1.64
-2.98
-4.56
-6.35
-8.23
-10.05
-11.68
-13.02
-14.06
-14.87
-15.57
-16.27
-17.08
-18.12
-19.49
-21.23
-23.35
-25.78
-28.47
-31.29
-34.1
-36.7
-38.8
-40.19
-40.75
-40.53
-39.73
-38.66
-37.45
-36.09
-34.4
-32.11
-29.17
-25.74
-22.15
-18.7
-15.58
-12.75
-10.18
-7.91
-6.16
-5.18
-5.1
-5.76
-6.65
-7.13
-6.58
-4.68
-1.42
2.92
7.93
13.13
18.07
22.32
25.49
27.22
27.2
25.29
21.56
16.32
10.12
3.63
-2.58
-8.08
-12.71
-16.54
-19.74
-22.44
-24.61
-25.98
-26.21
-25.03
-22.39
-18.49
-13.74
-8.51
-3.06
2.5
8.11
13.51
18.17
21.44
22.73
21.84
19.06
15.12
10.91
7.21
4.48
2.8
2.08
2.13
2.88
4.38
6.77
10.11
14.4
19.42
24.77
29.91
34.16
36.88
37.6
36.15
32.66
27.52
21.28
14.4
7.25
0.04
-7.14
-14.16
-20.85
-26.97
-32.27
-36.59
-39.85
-42.03
-43.18
-43.4
-42.89
-42.06
-41.57
-42.15
-44.4
-48.49
-54.08
-60.49
-66.93
-72.75
-77.55
-80.94
-82.39
-81.09
-76.15
-66.9
-53.19
-35.48
-14.76
7.67
30.33
51.79
70.71
86.03
97.2
104.34
108.26
110.15
111.17
112
112.68
112.7
111.29
107.79
101.89
93.66
83.49
71.92
59.65
47.5
36.35
27.11
20.34
16.05
13.61
11.96
10.08
7.34
3.71
-0.48
-4.76
-8.86
-12.78
-16.59
-20.28
-23.61
-26.31
-28.16
-29.28
-29.97
-30.59
-31.36
-32.21
-32.87
-32.98
-32.29
-30.77
-28.65
-26.23
-23.78
-21.41
-19.07
-16.63
-13.93
-10.99
-7.92
-4.96
-2.27
0.05
2.1
4.08
6.16
8.47
10.97
13.55
16.12
18.64
21.14
23.64
26.08
28.22
29.76
30.44
30.13
28.84
26.7
23.78
20.1
15.65
10.48
4.82
-0.93
-6.31
-10.97
-14.82
-18.02
-20.88
-23.65
-26.35
-28.68
-30.19
-30.48
-29.39
-27.08
-23.92
-20.31
-16.55
-12.78
-9.08
-5.58
-2.43
0.15
1.97
2.92
3.01
2.33
1.05
-0.59
-2.33
-3.85
-4.86
-5.16
-4.68
-3.47
-1.77
0.07
1.56
2.23
1.82
0.45
-1.35
-2.85
-3.31
-2.29
0.22
3.77
7.62
11.01
13.3
14.18
13.68
12.15
10.11
8.09
6.46
5.4
4.84
4.62
4.5
4.28
3.8
2.95
1.69
0.03
-2.01
-4.42
-7.22
-10.48
-14.28
-18.64
-23.42
-28.31
-32.78
-36.24
-38.14
-38.18
-36.39
-33.23
-29.47
-25.97
-23.31
-21.73
-21
-20.59
-19.93
-18.67
-16.79
-14.65
-12.92
-12.26
-13.18
-15.73
-19.48
-23.64
-27.34
-29.98
-31.34
-31.68
-31.51
-31.25
-31.04
-30.59
-29.25
-26.14
-20.4
-11.56
0.07
13.17
25.58
34.91
39.29
38.1
32.31
24.1
16.15
10.68
8.87
10.67
15.18
21.09
27.25
32.81
37.35
40.71
42.94
44.18
44.64
44.53
43.9
42.68
40.61
37.42
33.12
28.23
23.8
21.16
21.48
25.17
31.61
39.18
45.65
48.87
47.58
41.85
33.3
24.49
18.12
16.02
18.58
24.68
32.31
39.31
43.97
45.4
43.4
38.24
30.59
21.56
12.75
6.12
3.57
6.14
13.56
24.02
34.63
42.37
45.06
42.15
34.79
25.44
17.07
12.27
12.62
18.28
27.92
39.08
48.8
54.37
54.08
47.54
35.58
19.87
2.32
-15.28
-31.5
-45.26
-55.82
-62.86
-66.55
-67.52
-66.66
-64.72
-61.96
-58.2
-53.02
-46.23
-38.12
-29.59
-21.8
-15.82
-12.24
-11.08
-11.89
-13.91
-16.26
-17.97
-18.12
-16.06
-11.59
-5.17
2.19
9.24
14.94
18.78
20.76
21.24
20.59
18.91
16.07
11.85
6.2
-0.64
-8.14
-15.7
-22.69
-28.66
-33.36
-36.78
-39.14
-40.81
-42.26
-43.84
-45.67
-47.64
-49.4
-50.53
-50.74
-49.87
-47.87
-44.61
-39.83
-33.17
-24.44
-13.81
-2
9.89
20.66
29.3
35.28
38.48
39.19
37.92
35.24
31.71
27.82
23.95
20.42
17.38
14.93
13.05
11.68
10.66
9.83
9.01
8.09
7.08
6.08
5.25
4.76
4.59
4.67
4.79
4.75
4.49
4.11
3.79
3.77
4.13
4.76
5.38
5.7
5.52
4.88
4
3.15
2.58
2.37
2.4
2.4
2.05
1.04
-0.76
-3.37
-6.62
-10.2
-13.78
-17.02
-19.71
-21.75
-23.24
-24.32
-25.17
-25.96
-26.75
-27.57
-28.39
-29.13
-29.64
-29.8
-29.38
-28.25
-26.34
-23.71
-20.55
-17.25
-14.36
-12.55
-12.4
-14.26
-18.06
-23.4
-29.69
-36.42
-43.3
-50.19
-56.84
-62.78
-67.32
-69.84
-70.12
-68.4
-65.18
-60.8
-55.09
-47.44
-37.16
-24.01
-8.56
7.84
23.62
37.41
48.47
56.62
62
64.76
65.02
62.99
59.24
54.72
50.52
47.52
46.06
45.79
45.9
45.54
44.2
41.92
39.22
36.82
35.38
35.32
36.81
39.89
44.44
50.22
56.66
62.87
67.68
69.91
68.74
63.91
55.71
44.92
32.48
19.34
6.38
-5.66
-16.16
-24.67
-30.97
-35.1
-37.29
-37.96
-37.49
-36.19
-34.29
-31.88
-29.07
-26
-22.91
-20.16
-18.16
-17.22
-17.41
-18.5
-19.99
-21.28
-21.9
-21.65
-20.67
-19.33
-18.09
-17.3
-17.05
-17.11
-16.98
-15.91
-13.01
-7.54
0.83
11.73
23.96
35.76
45.26
50.97
52.24
49.28
42.98
34.51
25.07
15.73
7.38
0.7
-3.92
-6.48
-7.28
-6.81
-5.49
-3.53
-0.94
2.31
6.04
9.81
12.98
14.91
15.21
13.87
11.27
8.04
4.91
2.49
1.21
1.15
1.88
2.5
1.82
-1.23
-6.94
-14.3
-20.87
-23.49
-19.48
-8.1
8.78
27
41.46
47.78
43.72
29.56
7.82
-17.81
-43.4
-65.54
-81.68
-90.44
-91.86
-87.51
-80.39
-74.1
-71.85
-75.22
-83.58
-94.08
-102.63
-105.14
-98.72
-82.44
-57.33
-25.91
8.46
42.22
72.11
95.5
110.83
117.9
117.88
112.83
105.01
95.9
85.87
74.12
59.41
40.95
19.41
-2.88
-22.43
-35.9
-41.45
-39.75
-33.87
-28.26
-27.06
-32.58
-44.79
-61.41
-78.94
-93.59
-102.15
-102.35
-93.26
-75.38
-50.64
-22.21
6.25
31.42
51.02
64.22
71.39
73.7
72.56
69.36
65.25
60.97
56.88
52.81
48.33
42.96
36.59
29.53
22.52
16.29
11.25
7.33
4.02
0.67
-3.26
-7.94
-13.15
-18.25
-22.4
-24.6
-23.98
-19.9
-12.22
-1.48
11.19
24.25
36.01
44.83
49.44
49.18
44.2
35.71
25.85
17.22
12.13
11.82
15.9
22.38
28.24
30.53
27.42
18.85
6.41
-7.35
-19.73
-28.47
-32.03
-29.67
-21.57
-8.87
6.15
20.5
31.23
36.36
35.66
30.75
24.28
18.75
15.52
14.39
14.05
12.79
9.29
3.04
-5.63
-15.87
-26.64
-37.11
-46.74
-55.15
-62
-66.71
-68.69
-67.53
-63.39
-57.03
-49.66
-42.44
-36.03
-30.43
-25.09
-19.32
-12.8
-5.7
1.47
8.12
13.93
19
23.79
28.98
35.33
43.52
54.07
67.1
82.21
98.35
113.87
126.83
135.49
138.78
136.58
129.85
120.24
109.77
100.21
92.69
87.4
83.62
79.93
74.66
66.49
54.78
39.93
23.21
6.43
-8.69
-20.95
-30.07
-36.43
-40.75
-43.56
-45.02
-45.08
-43.85
-41.88
-40.14
-39.65
-40.91
-43.63
-46.85
-49.39
-50.53
-50.27
-49.34
-48.79
-49.56
-52.13
-56.34
-61.56
-66.72
-70.57
-71.96
-70.18
-65.33
-58.46
-51.32
-45.83
-43.32
-43.91
-46.37
-48.34
-47.25
-41.17
-29.63
-13.97
2.9
17.32
26.07
27.42
21.82
11.77
0.95
-6.94
-9.39
-5.63
3.38
15.42
27.74
37.8
43.73
44.74
41.28
34.78
27.31
20.9
16.87
15.58
16.39
18.03
19.05
18.23
14.88
8.99
1.16
-7.49
-15.69
-22.37
-27.07
-30.07
-32.24
-34.61
-37.91
-42.2
-46.93
-51.14
-53.97
-55.09
-54.83
-54.13
-54.08
-55.39
-57.83
-60.27
-60.9
-57.94
-50.35
-38.19
-22.7
-5.91
9.87
22.52
30.4
32.6
29.12
21.01
10.38
0.03
-7.26
-9.48
-6.15
1.66
11.68
21.19
27.82
30.05
27.44
20.59
11.04
0.87
-7.66
-12.77
-13.75
-11.26
-7.13
-3.62
-2.54
-4.47
-8.77
-14
-18.71
-22.07
-24.07
-25.26
-26.24
-27.28
-28.17
-28.39
-27.48
-25.2
-21.72
-17.42
-12.71
-7.91
-3.16
1.45
5.84
9.79
13.02
15.29
16.54
17
17.07
17.22
17.8
18.89
20.35
21.9
23.17
23.9
23.98
23.53
22.97
22.96
24.18
27.01
31.29
36.27
40.86
44
44.99
43.73
40.54
36.01
30.73
25.08
19.22
13.13
6.72
0.03
-6.67
-13.01
-18.56
-22.96
-25.99
-27.51
-27.52
-26.37
-24.86
-24.45
-26.85
-33.24
-43.42
-55.43
-66.01
-71.85
-70.96
-63.39
-51.14
-36.99
-23.42
-11.77
-2.37
5
10.5
13.99
15.31
14.45
11.79
8.01
3.8
-0.31
-3.99
-7.08
-9.55
-11.33
-12.33
-12.44
-11.52
-9.54
-6.6
-3.04
0.59
3.67
5.69
6.42
6
4.92
3.86
3.46
4.1
5.7
7.77
9.5
10.1
9.21
7.06
4.51
2.7
2.43
3.85
6.4
9.19
11.46
12.98
13.96
14.79
15.62
16.21
16.1
14.87
12.5
9.37
6.21
3.71
2.34
2.24
3.23
4.85
6.34
6.81
5.28
1.08
-5.98
-15.2
-25.04
-33.42
-38.18
-37.81
-31.98
-21.78
-9.32
2.89
12.85
19.67
23.49
24.93
24.39
21.68
16.19
7.66
-3.2
-14.54
-23.93
-29.37
-30.08
-26.76
-21.08
-14.85
-9.22
-4.46
-0.24
3.93
8.33
12.92
17.52
21.91
25.89
29.27
31.75
32.95
32.59
30.65
27.5
23.85
20.49
18.02
16.63
16.11
15.97
15.66
14.74
13.08
10.79
8.22
5.8
3.79
2.27
1.07
-0.13
-1.65
-3.7
-6.25
-9.11
-11.96
-14.46
-16.36
-17.46
-17.75
-17.34
-16.52
-15.67
-15.12
-15.05
-15.45
-16.12
-16.75
-17.08
-16.87
-16.02
-14.59
-12.79
-10.98
-9.64
-9.16
-9.74
-11.23
-13.14
-14.75
-15.39
-14.68
-12.61
-9.57
-6.15
-2.93
-0.33
1.54
2.8
3.69
4.43
4.97
5.05
4.27
2.35
-0.67
-4.33
-7.91
-10.73
-12.35
-12.8
-12.46
-11.86
-11.38
-11.23
-11.44
-12
-12.85
-13.76
-14.25
-13.62
-11.29
-7.19
-1.98
3.09
6.74
8.24
7.8
6.36
4.96
4.18
3.8
3.21
1.88
-0.11
-2.03
-2.86
-1.84
1.32
6.36
12.78
20.18
28.25
36.72
45.07
52.54
58.22
61.35
61.54
58.85
53.69
46.63
38.29
29.31
20.38
12.27
5.69
1.11
-1.46
-2.45
-2.68
-2.95
-3.91
-5.79
-8.44
-11.45
-14.36
-16.75
-18.31
-18.97
-18.98
-18.98
-19.88
-22.57
-27.52
-34.5
-42.57
-50.42
-56.88
-61.33
-63.8
-64.7
-64.31
-62.49
-58.69
-52.39
-43.5
-32.67
-21.15
-10.34
-1.3
5.6
10.64
14.48
17.78
20.98
24.17
27.12
29.47
30.79
30.7
29.01
25.91
22.08
18.64
16.68
16.77
18.46
20.32
20.43
17.24
10.36
0.89
-8.94
-16.56
-19.94
-18.22
-11.79
-2.07
8.97
19.32
27.28
31.68
32.03
28.58
22.23
14.32
6.41
-0.08
-4.09
-5.15
-3.43
0.31
4.92
9.11
11.78
12.34
10.8
7.77
4.14
0.73
-1.89
-3.64
-4.82
-5.88
-7.12
-8.62
-10.11
-11.2
-11.55
-11.04
-9.87
-8.53
-7.64
-7.66
-8.77
-10.79
-13.23
-15.45
-16.87
-17.1
-16.06
-13.94
-11.16
-8.25
-5.67
-3.68
-2.22
-0.91
0.74
3.11
6.31
10.15
14.25
18.32
22.21
25.95
29.65
33.22
36.39
38.71
39.74
39.28
37.49
34.82
31.8
28.84
26.06
23.39
20.59
17.46
13.99
10.4
7.02
4.17
2.01
0.41
-0.87
-2.1
-3.45
-4.85
-6.06
-6.84
-7.03
-6.67
-5.98
-5.23
-4.6
-4.15
-3.88
-3.75
-3.78
-3.99
-4.4
-4.94
-5.46
-5.83
-5.97
-5.89
-5.73
-5.61
-5.67
-5.87
-6.11
-6.23
-6.05
-5.53
-4.68
-3.66
-2.66
-1.83
-1.26
-0.99
-1
-1.31
-1.96
-2.92
-4
-4.89
-5.23
-4.78
-3.57
-1.91
-0.24
1.08
1.93
2.39
2.7
3
3.3
3.48
3.43
3.1
2.5
1.7
0.72
-0.4
-1.61
-2.77
-3.75
-4.41
-4.72
-4.74
-4.58
-4.36
-4.08
-3.71
-3.18
-2.49
-1.78
-1.3
-1.32
-2.03
-3.48
-5.51
-7.77
-9.82
-11.19
-11.49
-10.55
-8.53
-6.09
-4.32
-4.48
-7.45
-13.3
-21.03
-28.9
-34.99
-37.93
-37.37
-33.85
-28.47
-22.23
-15.76
-9.27
-2.84
3.32
8.8
13.18
16.28
18.35
19.97
21.77
24.14
27.01
29.9
32.23
33.6
34.02
33.78
33.17
32.25
30.85
28.69
25.72
22.21
18.78
16.06
14.45
13.95
14.25
14.99
15.9
16.92
18.12
19.58
21.3
23.17
25.09
26.92
28.61
30.11
31.41
32.52
33.45
34.25
35.08
36.13
37.57
39.59
42.28
45.44
48.62
50.97
51.51
49.48
44.66
37.51
29.01
20.08
11.07
1.68
-8.77
-20.55
-33.07
-44.71
-53.64
-58.52
-59.26
-57.04
-53.61
-50.55
-48.63
-47.78
-47.45
-47.14
-46.71
-46.29
-46.04
-45.82
-45.24
-43.8
-41.15
-37.36
-32.86
-28.35
-24.5
-21.81
-20.45
-20.3
-21.01
-22.13
-23.34
-24.42
-25.37
-26.28
-27.26
-28.35
-29.44
-30.4
-31.08
-31.47
-31.7
-31.98
-32.46
-33.05
-33.43
-33.03
-31.28
-27.79
-22.48
-15.66
-7.89
0.28
8.46
16.37
23.84
30.63
36.4
40.78
43.48
44.41
43.71
41.76
39.17
36.72
35.21
35.27
37.13
40.4
44.2
47.28
48.41
46.61
41.3
32.3
19.86
4.75
-11.63
-27.26
-39.79
-47.01
-47.49
-40.99
-28.6
-12.48
4.71
20.38
32.62
40.46
43.88
43.58
40.7
36.43
31.86
27.88
25.11
23.96
24.42
26.1
28.18
29.6
29.41
27.07
22.63
16.66
10.02
3.56
-2.15
-6.83
-10.45
-13.06
-14.7
-15.46
-15.47
-14.98
-14.34
-13.94
-14.1
-15
-16.63
-18.77
-21.06
-23.09
-24.55
-25.32
-25.48
-25.29
-25.04
-24.94
-25.05
-25.29
-25.48
-25.43
-25.02
-24.26
-23.31
-22.56
-22.48
-23.57
-26.02
-29.59
-33.51
-36.61
-37.64
-35.67
-30.3
-21.85
-11.2
0.54
12.27
23.11
32.49
40
45.32
48.19
48.44
46.16
41.91
36.85
32.71
31.27
33.66
39.72
47.68
54.64
57.52
54.19
44.25
29.03
11.02
-7.2
-23.52
-36.65
-45.89
-50.75
-50.93
-46.39
-37.68
-26.02
-13.21
-1.21
8.28
14.06
15.66
13.24
7.56
-0.3
-9.06
-17.53
-24.79
-30.37
-34.31
-36.94
-38.82
-40.37
-41.9
-43.38
-44.56
-45.01
-44.3
-42.18
-38.59
-33.87
-28.48
-22.93
-17.63
-12.8
-8.54
-5.02
-2.49
-1.22
-1.34
-2.72
-4.97
-7.58
-10.25
-12.95
-16
-19.74
-24.37
-29.78
-35.56
-41.22
-46.26
-50.31
-53.02
-54.02
-52.88
-49.33
-43.31
-35.15
-25.44
-14.85
-3.8
7.39
18.47
28.76
36.99
41.51
40.98
35.19
25.63
15.45
8.48
7.9
15
28.53
44.99
59.83
68.89
69.76
62.46
49.33
34.11
20.78
12.21
9.45
11.51
15.84
19.38
19.58
15.33
7.28
-2.4
-10.84
-15.5
-15.19
-10.49
-3.53
2.78
5.8
4.24
-1.48
-9.37
-16.69
-21.02
-21.15
-17.47
-11.7
-6.22
-3.17
-3.76
-7.92
-14.37
-21.04
-25.76
-26.96
-24.14
-18.11
-10.65
-3.88
0.56
2.05
1.2
-0.58
-1.57
-0.42
3.47
9.85
17.71
25.66
32.19
36.09
36.72
34.18
29.38
23.78
19.03
16.46
16.78
19.94
25.19
31.27
36.7
40.15
40.74
38.32
33.64
28.11
23.51
21.34
22.3
26.05
31.24
36.06
38.81
38.4
34.56
27.72
18.75
8.62
-1.81
-11.83
-20.87
-28.4
-33.97
-37.27
-38.42
-38.03
-37.22
-37.3
-39.37
-43.66
-49.32
-54.34
-56.23
-52.94
-43.8
-29.98
-14.21
0.19
10.55
15.69
16.13
13.54
9.87
6.57
4.4
3.53
4.03
5.98
9.42
14.14
19.45
24.4
28.05
29.89
30
28.94
27.37
25.74
24.15
22.34
19.97
16.85
13.01
8.72
4.38
0.38
-2.96
-5.49
-7.2
-8.23
-8.77
-9.09
-9.44
-9.99
-10.82
-11.88
-13.03
-14.14
-15.11
-15.94
-16.7
-17.4
-17.99
-18.35
-18.36
-17.93
-17.12
-16.05
-14.96
-14.1
-13.58
-13.32
-13.06
-12.38
-10.89
-8.47
-5.3
-1.95
0.9
2.73
3.36
3.09
2.62
2.77
4.19
7.02
10.69
13.96
15.29
13.47
8.29
0.92
-6.17
-9.97
-8
0.71
15.03
32.07
47.98
59.14
63.19
59.58
49.52
35.6
20.97
8.59
0.47
-2.61
-1.19
3.19
8.58
13.21
16.03
16.84
16.17
14.99
14.23
14.45
15.64
17.23
18.19
17.43
14.19
8.27
0.03
-9.68
-19.87
-29.52
-37.62
-43.38
-46.31
-46.49
-44.62
-41.8
-39.14
-37.32
-36.23
-35.27
-33.84
-31.73
-29.26
-26.99
-25.32
-24.2
-23.34
-22.48
-21.72
-21.46
-21.99
-23.01
-23.54
-22.18
-17.83
-10.27
-0.42
10.08
19.43
26.38
30.51
32.24
32.53
32.53
33.27
35.37
38.94
43.51
48.17
51.73
53.1
51.66
47.38
40.86
33.04
24.88
17.2
10.54
5.17
1.18
-1.55
-3.19
-3.88
-3.6
-2.1
0.95
5.72
11.78
17.91
22.32
23.32
20.06
13.1
4.38
-3.49
-8.16
-8.43
-4.59
1.78
8.47
13.31
14.77
12.3
6.32
-1.96
-10.9
-18.83
-24.5
-27.22
-26.88
-23.78
-18.34
-11.1
-2.74
5.84
13.6
19.59
23.31
25
25.49
25.77
26.52
27.79
29.03
29.49
28.64
26.43
23.18
19.42
15.6
12.09
9.39
8.29
9.68
14.06
20.99
28.7
34.53
35.89
31.27
20.89
6.64
-8.76
-22.87
-34.18
-42.23
-47.14
-49.08
-47.99
-43.74
-36.45
-26.74
-15.76
-4.87
4.66
11.87
16.3
18.03
17.81
16.95
17.11
19.89
26.42
36.92
50.49
65.21
78.35
87.04
88.84
82.52
68.54
48.92
26.83
5.64
-11.92
-24.29
-31.19
-33.35
-32.1
-29.04
-25.78
-23.66
-23.45
-25.28
-28.71
-32.95
-37.29
-41.27
-44.73
-47.56
-49.55
-50.33
-49.59
-47.27
-43.78
-39.89
-36.41
-33.91
-32.43
-31.42
-30.08
-27.73
-24.18
-19.82
-15.48
-11.98
-9.68
-8.39
-7.4
-5.91
-3.43
0.02
4.06
8.09
11.64
14.48
16.55
18.05
19.37
21.21
24.54
30.53
39.93
52.65
67.27
81.14
91.07
94.33
89.78
78.46
63.4
48.42
36.72
29.75
26.82
25.86
24.51
21.18
15.53
8.19
0.11
-8
-15.85
-23.42
-30.55
-36.78
-41.41
-43.77
-43.53
-40.82
-36.22
-30.57
-24.73
-19.42
-14.98
-11.48
-8.84
-7.08
-6.39
-7.1
-9.44
-13.32
-18.23
-23.27
-27.45
-29.92
-30.19
-28.28
-24.58
-19.7
-14.28
-8.81
-3.52
1.53
6.32
10.74
14.42
16.9
17.75
16.77
14.1
10.22
5.7
1.05
-3.45
-7.77
-12.05
-16.53
-21.47
-27.15
-33.57
-40.32
-46.37
-50.07
-49.66
-43.99
-33.17
-18.86
-3.87
8.72
16.42
18.15
14.51
7.52
0.09
-4.83
-5.02
0.19
9.7
20.88
30.51
35.97
36.14
31.6
24.16
16.1
9.36
5.32
4.59
7.02
11.61
16.51
19.5
18.69
13.41
4.61
-5.37
-13.7
-17.99
-17.15
-11.64
-3.05
6.49
14.95
20.87
23.61
23.4
21.2
18.39
16.27
15.51
15.88
16.22
14.86
10.14
1.09
-12.16
-28.26
-44.96
-59.5
-69.35
-72.57
-68.33
-57.07
-40.6
-21.89
-4.45
8.57
15.34
15.79
11.49
4.83
-1.93
-7.41
-11.32
-14.11
-16.41
-18.59
-20.73
-22.85
-24.99
-27.32
-29.87
-32.43
-34.5
-35.54
-35.2
-33.54
-31.05
-28.46
-26.48
-25.63
-26.1
-27.81
-30.36
-33.25
-35.94
-38.03
-39.38
-40.12
-40.48
-40.57
-40.3
-39.27
-37.01
-33.17
-27.83
-21.55
-15.27
-10
-6.52
-5.25
-6.15
-8.81
-12.6
-16.79
-20.64
-23.52
-24.95
-24.66
-22.56
-18.68
-13.19
-6.41
1.21
9.08
16.61
23.32
29.05
33.94
38.29
42.3
45.77
48.24
49.2
48.54
46.7
44.71
43.76
44.78
48.08
53.26
59.56
66.15
72.38
77.84
82.05
84.19
83.05
77.44
66.71
51.44
33.46
15.38
-0.26
-12
-19.85
-24.96
-28.77
-32.27
-35.51
-37.92
-39.01
-38.79
-37.96
-37.44
-37.8
-38.93
-40.28
-41.23
-41.66
-42.04
-42.93
-44.49
-46.01
-46.17
-43.72
-38.34
-30.9
-23.14
-16.94
-13.3
-12.13
-12.57
-13.6
-14.67
-15.75
-17.02
-18.4
-19.42
-19.43
-18.02
-15.29
-11.65
-7.48
-2.76
2.92
10.05
18.71
28.47
38.45
47.77
55.77
62.2
66.99
70.18
71.87
72.11
71.07
68.85
65.41
60.52
53.89
45.45
35.57
25.12
15.15
6.55
-0.32
-5.57
-9.59
-12.65
-14.75
-15.77
-15.64
-14.6
-13.17
-11.84
-10.79
-9.72
-8.21
-6.06
-3.75
-2.32
-2.92
-6.08
-11.29
-17.22
-22.21
-25.01
-25.3
-23.54
-20.43
-16.37
-11.08
-3.79
6.11
18.57
32.56
46.23
57.38
64.13
65.48
61.54
53.42
42.73
31.12
19.81
9.37
-0.11
-8.89
-17.16
-24.97
-32.24
-38.85
-44.73
-49.95
-54.56
-58.43
-61.19
-62.21
-60.9
-57.02
-50.79
-43
-34.75
-27.05
-20.39
-14.57
-8.86
-2.45
5.04
13.25
20.97
26.54
28.45
25.88
19.02
9
-2.5
-13.81
-23.62
-31.39
-37.12
-41.23
-44.3
-46.97
-49.69
-52.75
-56.08
-59.18
-61.25
-61.41
-59.09
-54.45
-48.36
-42.12
-37.02
-33.76
-32.28
-31.99
-32.07
-31.91
-31.23
-29.97
-28.1
-25.59
-22.38
-18.65
-14.85
-11.56
-9.32
-8.33
-8.45
-9.38
-10.81
-12.18
-12.23
-8.78
0.96
19.15
45.89
78.5
111.75
139.52
156.7
160.58
151.28
131.06
103.29
71.64
39.72
11.01
-11.4
-25.27
-29.84
-26.03
-16.23
-3.44
9.61
21.24
31
39.53
47.84
56.56
65.41
73.11
77.92
78.45
74.29
66.18
55.65
44.29
33.28
23.36
15.17
9.6
7.82
10.88
18.87
30.52
43.2
53.71
59.33
58.81
52.45
41.65
27.97
12.39
-4.9
-24.05
-44.97
-66.86
-88.16
-107.01
-121.83
-131.89
-137.32
-138.81
-137.18
-132.84
-125.84
-116.13
-103.97
-90.22
-76.3
-63.7
-53.32
-45.07
-37.91
-30.4
-21.39
-10.62
1.32
13.3
24.29
33.78
41.95
49.45
56.85
64.18
70.63
74.89
75.78
72.84
66.7
58.86
50.97
44.02
37.8
31.13
22.69
11.87
-0.57
-12.78
-22.69
-28.89
-31.09
-30.07
-26.98
-22.78
-17.94
-12.53
-6.53
-0.24
5.78
10.9
14.68
16.98
17.89
17.41
15.38
11.45
5.32
-3.07
-13.31
-24.41
-34.89
-42.86
-46.48
-44.39
-36.28
-23.31
-7.98
6.42
16.88
21.61
20.66
15.68
9.26
3.87
1.1
1.21
3.23
5.41
5.79
2.99
-3.23
-11.5
-19.01
-22.15
-17.73
-4.18
17.77
45.25
74.17
100.31
120.24
131.78
134.06
127.34
112.55
90.79
62.84
28.94
-10.87
-55.75
-102.97
-147.26
-181.29
-197.6
-191.21
-161.9
-114.97
-59.93
-7.57
33.29
58.07
67.07
64.22
54.91
43.87
33.94
26.08
20.15
15.77
12.57
10.13
7.57
3.62
-2.92
-12.5
-24.38
-36.63
-46.78
-52.83
-53.96
-50.85
-45.26
-39.22
-34.13
-30.15
-26.17
-20.21
-10.67
2.66
18.23
33.26
44.99
51.92
54.46
54.87
56.56
62.31
73.15
88.13
104.85
120.67
133.6
142.83
148.63
152.51
155.84
159.32
163
166.68
170.21
173.25
174.8
172.93
166.12
152.88
132.6
105.68
73.53
38.14
1.42
-35.19
-75.6
-119.43
-162.17
-196.47
-216.89
-223.59
-221.78
-218.04
-216.09
-214.96
-209.3
-193.19
-163.04
-119.55
-68
-16.22
28.29
61.09
82.28
96.44
109.28
124.8
142.9
159.82
170.5
171.11
160.71
141.43
117.51
92.84
69.86
48.56
27.37
5.05
-18.88
-44.34
-71.29
-100.22
-132.31
-168.05
-204.9
-236.86
-255.89
-256.3
-237.91
-205.57
-166.47
-130.42
-101.38
-81.88
-74.02
-77.62
-89.75
-105.1
-116.2
-116.28
-102.16
-75.01
-40.27
-5.28
25.23
50.08
70.86
87.33
97.96
100.26
92.79
80.8
67.32
55.54
48.41
46.03
49.04
57.82
71.92
90.05
109.27
124.85
132.79
130.76
118.71
99.13
75.92
52.97
33.44
19.29
11.08
9.27
13.81
23.54
36.21
48.75
58.28
63.26
64
61.95
59.39
58.21
59.06
61.54
64.6
67.05
68.09
67.23
63.93
57.79
48.4
35.7
20.43
4.17
-10.86
-22.47
-29.22
-31.07
-29.19
-25.51
-21.97
-19.86
-19.71
-21.43
-24.6
-28.71
-33.21
-37.49
-40.9
-42.98
-43.57
-42.95
-41.65
-40.26
-39.25
-38.9
-39.21
-40.1
-41.35
-42.66
-43.64
-43.83
-42.79
-40.23
-36.18
-31.1
-25.88
-21.67
-19.56
-20.23
-23.65
-29.08
-35.27
-40.78
-44.32
-44.93
-42.12
-35.9
-26.85
-16.18
-5.57
3.17
8.57
9.91
7.42
2.16
-4.47
-11.14
-16.88
-21.16
-23.73
-24.57
-23.79
-21.72
-18.82
-15.62
-12.61
-10.08
-8.13
-6.65
-5.54
-4.71
-4.17
-3.93
-4.02
-4.41
-5.04
-5.8
-6.58
-7.23
-7.68
-7.89
-7.95
-8.01
-8.26
-8.77
-9.47
-10.1
-10.33
-9.96
-9.01
-7.67
-6.21
-4.79
-3.27
-1.41
1.1
4.24
7.59
10.37
11.65
10.76
7.48
2.13
-4.66
-12.08
-19.35
-25.81
-30.95
-34.49
-36.57
-37.81
-39.39
-42.74
-49.08
-58.98
-72.03
-86.92
-101.69
-114.22
-122.49
-125.01
-120.91
-110.04
-93.1
-71.52
-47.25
-22.37
1.32
22.71
41.3
57.07
70.1
80.28
87.36
91.05
91.3
88.46
83.37
77.24
71.34
66.65
63.5
61.5
59.69
56.97
52.46
45.82
37.3
27.54
17.48
8.19
0.89
-3.35
-3.79
-0.29
6.68
16.26
27.44
39.31
50.84
60.94
68.34
71.96
71.41
67.12
60.22
51.97
43.27
34.45
25.54
16.71
8.64
2.32
-1.24
-1.66
0.6
4.29
7.76
9.51
8.62
5.05
-0.48
-6.88
-13.13
-18.72
-23.66
-28.33
-33.04
-37.67
-41.59
-43.93
-44.07
-42.05
-38.62
-34.91
-31.86
-29.82
-28.54
-27.36
-25.77
-23.63
-21.28
-19.35
-18.64
-19.91
-23.76
-30.41
-39.42
-49.6
-59.14
-66.05
-68.77
-66.6
-59.86
-49.63
-37.37
-24.55
-12.34
-1.57
7.46
14.92
21.41
27.61
33.98
40.42
46.37
51.01
53.74
54.35
53.03
50.17
46.06
40.98
35.24
29.45
24.39
20.86
19.21
19.26
20.33
21.56
22.35
22.48
22.1
21.52
21
20.7
20.69
20.96
21.39
21.83
22.11
22.25
22.55
23.53
25.76
29.44
34.21
39.17
43.2
45.43
45.65
44.46
43.03
42.74
44.63
49.23
56.26
64.84
73.61
81.08
86.06
87.91
86.72
83.1
77.93
71.87
65.17
57.72
49.33
40.02
30.18
20.41
11.21
2.8
-4.89
-11.98
-18.44
-24.09
-28.73
-32.4
-35.47
-38.64
-42.58
-47.66
-53.7
-60.04
-65.82
-70.19
-72.61
-72.8
-70.69
-66.36
-60.04
-52.1
-43.17
-34
-25.31
-17.66
-11.3
-6.36
-2.84
-0.83
-0.48
-1.86
-4.81
-8.94
-13.75
-18.69
-23.34
-27.52
-31.22
-34.56
-37.7
-40.6
-43.05
-44.75
-45.39
-44.86
-43.41
-41.46
-39.44
-37.66
-36.12
-34.61
-32.91
-30.9
-28.66
-26.33
-24.08
-21.91
-19.74
-17.45
-14.92
-12.19
-9.41
-6.93
-5.14
-4.33
-4.56
-5.51
-6.57
-7.03
-6.33
-4.16
-0.67
3.71
8.39
12.75
16.3
18.79
20.29
21.18
22.01
23.26
25.06
27.08
28.49
28.17
25.06
18.67
9.33
-1.69
-12.54
-21.4
-27.03
-29.08
-28.01
-24.75
-20.19
-15.09
-10.04
-5.65
-2.59
-1.38
-2.19
-4.63
-7.81
-10.79
-12.88
-14.03
-14.69
-15.72
-17.96
-21.93
-27.29
-32.72
-35.91
-34.17
-25.36
-8.97
13.27
37.52
58.91
73.02
77.25
71.36
57.19
37.66
15.66
-6.55
-27.49
-46.18
-61.82
-73.77
-81.6
-85.37
-85.58
-83.02
-78.49
-72.66
-66.04
-59.1
-52.27
-45.92
-40.19
-34.92
-29.68
-23.84
-16.85
-8.49
0.96
10.54
18.87
24.51
26.49
24.63
19.49
12
3.02
-6.84
-17.2
-27.4
-36.43
-43.11
-46.77
-47.69
-47.16
-46.71
-47.2
-48.24
-48.27
-45.42
-38.48
-27.58
-14.1
-0.22
11.81
20.29
24.24
23.55
18.85
11.45
3.17
-3.92
-7.96
-7.83
-3.53
3.61
11.23
16.67
17.93
14.57
7.91
0.56
-4.66
-5.88
-2.99
2.53
8.29
12.07
12.65
10.22
6.05
2.01
-0.15
0.68
4.71
11.18
18.59
25.16
29.48
30.91
29.85
27.62
26.05
26.91
31.34
39.49
50.4
62.38
73.4
81.65
85.91
85.7
81.27
73.37
63.11
51.79
40.72
31.1
23.78
18.96
16.07
13.86
10.77
5.51
-2.5
-12.89
-24.46
-35.61
-44.98
-51.84
-56.35
-59.27
-61.53
-63.65
-65.49
-66.15
-64.44
-59.29
-50.35
-38.08
-23.8
-9.4
3.1
11.98
16.3
16.05
12.19
6.17
-0.5
-6.66
-11.53
-14.69
-15.81
-14.64
-11.18
-5.89
0.36
6.49
11.59
15.29
17.59
18.71
18.68
17.26
14.17
9.37
3.23
-3.64
-10.69
-17.65
-24.59
-31.58
-38.38
-44.41
-48.89
-51.26
-51.49
-50.02
-47.55
-44.67
-41.64
-38.39
-34.77
-30.67
-26.12
-21.27
-16.33
-11.62
-7.63
-4.88
-3.68
-3.78
-4.15
-3.34
0
6.37
15.01
24.02
31.03
34.13
32.57
27.01
19.24
11.45
5.53
2.48
2.41
4.63
8.09
11.74
14.69
16.29
16.09
13.84
9.67
4.19
-1.56
-6.31
-9.02
-9.22
-7.22
-3.92
-0.44
2.33
4.04
4.88
5.33
5.74
6.18
6.35
5.88
4.56
2.61
0.57
-0.75
-0.55
1.76
6.36
12.9
20.43
27.54
32.71
34.83
33.71
30.28
26.3
23.76
24.13
27.75
33.84
40.82
46.94
50.86
52.2
51.44
49.69
48.11
47.35
47.18
46.66
44.66
40.5
34.47
27.78
22.04
18.58
17.94
19.8
23.26
27.16
30.42
32.01
31
26.74
19.1
8.7
-3.03
-14.13
-22.74
-27.57
-28.4
-26.03
-21.97
-17.85
-14.89
-13.69
-14.17
-15.91
-18.47
-21.57
-25.11
-29.02
-33.14
-37.22
-40.93
-44.05
-46.57
-48.55
-50.07
-51.05
-51.28
-50.49
-48.44
-45.03
-40.3
-34.44
-27.65
-20.16
-12.26
-4.25
3.48
10.56
16.69
21.85
26.4
30.96
36.19
42.31
48.88
54.8
58.63
59.17
55.96
49.66
41.82
34.42
29.25
27.33
28.78
32.83
38.06
42.74
45.27
44.57
40.52
34.12
27.28
22.06
19.83
20.53
22.66
23.89
22.27
17.02
8.83
-0.78
-10.37
-19.23
-27.36
-35.09
-42.38
-48.63
-52.81
-54.03
-52.06
-47.4
-41.11
-34.22
-27.45
-21.08
-15.1
-9.47
-4.23
0.51
4.72
8.54
12.23
16.05
20.07
23.99
27.22
29.06
28.99
26.96
23.54
19.75
16.86
15.96
17.61
21.73
27.74
34.82
42.18
49.23
55.44
60.26
63.03
63.11
60
53.54
43.92
31.53
16.94
0.86
-15.75
-31.51
-44.7
-53.55
-56.64
-53.56
-45.23
-33.78
-22.11
-12.93
-7.94
-7.3
-9.8
-13.53
-16.9
-19.3
-21.22
-23.79
-28.06
-34.38
-42.35
-50.97
-59.1
-65.74
-70.06
-71.38
-69.21
-63.26
-53.63
-40.84
-25.75
-9.4
7.06
22.52
36
46.67
54.06
57.96
58.39
55.29
48.57
38.22
24.71
9.48
-5.17
-16.51
-22.31
-21.59
-15.01
-4.51
7.37
18.32
26.79
32.01
33.95
32.86
29.14
23.36
16.35
9.29
3.76
1.39
3.43
10.25
21.11
34.2
47.17
57.76
64.46
66.84
65.47
61.48
56.03
49.9
43.37
36.4
28.98
21.33
13.87
7
0.78
-5.18
-11.48
-18.5
-25.97
-33.01
-38.4
-41.15
-40.91
-38.05
-33.44
-28.14
-23.15
-19.26
-17.03
-16.63
-17.93
-20.56
-24.1
-28.29
-33
-38.13
-43.49
-48.61
-52.85
-55.59
-56.4
-55.12
-51.76
-46.33
-38.84
-29.46
-18.73
-7.69
2.2
9.48
13.13
12.92
9.51
4.24
-1.17
-5.12
-6.56
-5.26
-1.94
2.07
5.2
6.22
4.58
0.52
-5.11
-11.26
-16.95
-21.42
-24.23
-25.1
-23.96
-20.97
-16.53
-11.3
-6.19
-2.13
0.1
0.06
-2.1
-5.61
-9.29
-11.86
-12.43
-10.77
-7.29
-2.79
1.98
6.49
10.6
14.3
17.55
20.18
21.93
22.59
22.16
20.9
19.16
17.36
15.74
14.43
13.44
12.66
11.89
10.93
9.59
7.84
5.87
4.01
2.71
2.23
2.59
3.5
4.52
5.18
5.18
4.43
3.05
1.29
-0.6
-2.38
-3.88
-4.91
-5.36
-5.16
-4.34
-3.13
-1.87
-0.84
-0.16
0.33
0.95
1.95
3.19
4.16
4.16
2.8
0.32
-2.42
-4.33
-4.67
-3.39
-1.08
1.32
3.16
4.26
4.92
5.55
6.39
7.4
8.35
9.05
9.53
9.91
10.26
10.34
9.61
7.41
3.3
-2.63
-9.71
-16.81
-22.68
-26.35
-27.35
-25.69
-21.78
-16.22
-9.69
-2.88
3.57
9.17
13.63
16.9
19.25
20.99
22.44
23.8
25.08
26.23
27.18
27.86
28.23
28.27
27.94
27.19
26.04
24.51
22.72
20.87
19.23
18.06
17.51
17.55
17.95
18.46
18.83
19.03
19.16
19.36
19.69
20.01
20.06
19.53
18.28
16.4
14.15
11.82
9.65
7.71
6.02
4.52
3.23
2.18
1.42
0.96
0.72
0.57
0.4
0.12
-0.29
-0.8
-1.32
-1.77
-2.04
-2.12
-2.02
-1.85
-1.72
-1.75
-1.99
-2.42
-2.98
-3.56
-4.12
-4.65
-5.2
-5.83
-6.53
-7.23
-7.78
-8.01
-7.8
-7.15
-6.23
-5.28
-4.58
-4.25
-4.28
-4.55
-4.95
-5.37
-5.77
-6.16
-6.51
-6.81
-6.99
-7.06
-7.06
-7.03
-7.03
-7.1
-7.24
-7.45
-7.77
-8.21
-8.83
-9.64
-10.57
-11.57
-12.62
-13.74
-15
-16.47
-18.14
-19.9
-21.56
-22.93
-23.96
-24.77
-25.63
-26.84
-28.56
-30.71
-32.92
-34.73
-35.6
-35.12
-33.02
-29.3
-24.25
-18.52
-13.04
-8.73
-6.16
-5.24
-5.27
-5.23
-4.31
-2.29
0.38
2.85
4.24
3.9
1.6
-2.53
-7.98
-13.75
-18.51
-20.76
-19.43
-14.35
-6.47
2.46
10.49
16.27
19.41
20.3
19.65
17.94
15.24
11.3
5.98
-0.66
-8.35
-16.77
-25.57
-34.16
-41.38
-45.56
-44.99
-38.71
-27.31
-12.89
1.64
13.8
22.49
28.23
32.42
36.41
40.65
44.53
46.9
46.73
43.61
37.83
30.27
22.02
14.23
8.02
4.38
4.12
7.6
14.43
23.48
32.92
40.71
45.07
45.03
40.68
33.11
24.03
15.12
7.54
1.61
-2.97
-6.78
-10.16
-12.98
-14.64
-14.44
-12.03
-7.64
-2.09
3.52
8.3
11.87
14.33
16.1
17.51
18.67
19.4
19.46
18.69
17.18
15.24
13.26
11.57
10.37
9.68
9.45
9.66
10.19
10.85
11.31
11.16
10.15
8.26
5.87
3.64
2.19
1.95
3.01
5.15
8.02
11.26
14.51
17.39
19.5
20.49
20.22
18.84
16.8
14.63
12.74
11.23
9.98
8.87
7.99
7.78
8.76
11.25
14.98
19
21.97
22.71
20.69
16.22
10.32
4.12
-1.58
-6.59
-11.09
-15.31
-19.13
-22.08
-23.59
-23.39
-21.78
-19.53
-17.47
-16.19
-15.72
-15.69
-15.58
-15.06
-14.12
-13
-12.01
-11.37
-11.12
-11.18
-11.37
-11.49
-11.3
-10.67
-9.58
-8.18
-6.74
-5.61
-4.97
-4.86
-5.1
-5.39
-5.47
-5.22
-4.72
-4.15
-3.8
-3.79
-4.16
-4.79
-5.51
-6.19
-6.83
-7.54
-8.45
-9.63
-11
-12.36
-13.47
-14.2
-14.57
-14.73
-14.88
-15.13
-15.44
-15.67
-15.68
-15.43
-15.05
-14.75
-14.71
-15
-15.51
-16.04
-16.34
-16.29
-15.89
-15.24
-14.48
-13.72
-12.96
-12.18
-11.34
-10.4
-9.35
-8.17
-6.81
-5.14
-3.02
-0.33
2.9
6.47
10.07
13.37
16.13
18.25
19.72
20.66
21.19
21.5
21.68
21.81
21.9
21.86
21.54
20.78
19.43
17.47
14.98
12.13
9.09
6.03
3.04
0.22
-2.36
-4.67
-6.67
-8.29
-9.41
-9.85
-9.47
-8.26
-6.44
-4.41
-2.68
-1.61
-1.32
-1.73
-2.67
-4.11
-6.2
-9.23
-13.41
-18.76
-24.98
-31.6
-37.98
-43.5
-47.48
-49.27
-48.22
-43.95
-36.56
-26.83
-16.12
-6.09
1.78
6.65
8.4
7.58
5
1.4
-2.78
-7.36
-12.32
-17.52
-22.65
-27.22
-30.64
-32.41
-32.21
-30.04
-26.17
-21.14
-15.61
-10.19
-5.42
-1.68
0.82
1.97
1.8
0.52
-1.48
-3.71
-5.7
-7.33
-8.85
-10.85
-13.9
-18.09
-22.79
-26.79
-28.82
-28.15
-25.09
-20.84
-16.96
-14.58
-13.99
-14.56
-15.35
-15.54
-14.81
-13.28
-11.15
-8.44
-4.86
0.09
6.79
15.31
25.33
36.2
47.1
57.12
65.32
70.87
73.1
71.7
66.8
58.91
48.83
37.49
25.82
14.79
5.29
-1.93
-6.28
-7.53
-5.81
-1.58
4.39
11.2
17.84
23.21
26.17
25.75
21.36
13.16
2.13
-10.12
-21.79
-31.35
-37.92
-41.25
-41.48
-38.9
-33.62
-25.75
-15.55
-3.75
8.39
19.21
27.03
30.69
29.77
24.77
16.78
7.14
-2.95
-12.55
-20.98
-27.67
-32.06
-33.66
-32.23
-27.82
-20.9
-12.16
-2.44
7.34
16.27
23.48
28.23
30.12
29.32
26.42
22.24
17.49
12.58
7.65
2.84
-1.49
-4.74
-6.2
-5.36
-2.13
3.1
9.59
16.46
22.89
28.21
31.92
33.81
33.93
32.59
30.37
27.82
25.41
23.35
21.68
20.3
19.03
17.67
15.96
13.62
10.49
6.57
2.16
-2.32
-6.46
-10.07
-13.21
-15.99
-18.43
-20.26
-21.13
-20.86
-19.75
-18.55
-18.06
-18.75
-20.43
-22.3
-23.42
-23.08
-21.12
-17.81
-13.61
-8.86
-3.75
1.55
6.7
11.21
14.47
16.06
15.92
14.33
11.74
8.62
5.31
2.01
-1.14
-4
-6.41
-8.24
-9.44
-10.03
-10.02
-9.44
-8.38
-7.13
-6.21
-6.3
-8.04
-11.71
-17.09
-23.56
-30.32
-36.72
-42.47
-47.63
-52.36
-56.65
-60.06
-61.79
-60.83
-56.38
-48.25
-36.98
-23.8
-10.22
2.42
13.36
22.43
29.9
36.18
41.65
46.6
51.17
55.16
57.86
58.11
54.74
47.26
36.43
24.17
12.87
4.45
-0.41
-2.22
-1.99
-0.5
2.19
6.47
12.56
19.95
27.41
33.42
36.82
37.23
35
31
26.19
21.39
17.08
13.53
10.75
8.56
6.54
4.12
0.58
-4.65
-11.78
-20.32
-28.93
-35.65
-38.36
-35.68
-27.57
-15.71
-3.06
6.92
11.45
9.22
0.62
-12.58
-27.84
-42.55
-54.5
-62.09
-64.45
-61.5
-53.92
-43.05
-30.69
-18.54
-8
0.2
5.96
9.64
11.81
13
13.6
13.88
14.09
14.53
15.63
17.9
21.74
27.22
34.01
41.33
48.18
53.65
57.08
58.09
56.54
52.42
45.91
37.55
28.26
19.25
11.59
5.9
2.16
-0.11
-1.46
-2.19
-2.31
-1.73
-0.51
1.06
2.59
3.84
4.88
5.98
7.34
8.89
10.29
11.14
11.24
10.71
10.02
9.66
9.99
11.03
12.53
14.15
15.58
16.66
17.3
17.49
17.18
16.36
15.06
13.43
11.65
9.82
7.91
5.74
3.03
-0.48
-5
-10.62
-17.23
-24.52
-32
-38.92
-44.44
-47.65
-47.81
-44.47
-37.67
-28.05
-16.8
-5.49
4.28
11.23
14.65
14.55
11.36
5.81
-1.24
-8.74
-15.34
-19.62
-20.45
-17.58
-11.93
-5.3
0.2
2.99
2.48
-1.01
-6.76
-14.09
-22.48
-31.36
-39.72
-46.15
-49.18
-48.03
-42.94
-35.24
-26.7
-18.94
-12.89
-8.8
-6.49
-5.56
-5.71
-6.65
-7.97
-9.09
-9.32
-8.15
-5.45
-1.55
2.82
6.76
9.59
11.04
11.36
11.18
11.14
11.69
12.77
13.94
14.59
14.26
12.84
10.6
8.05
5.7
3.95
2.96
2.78
3.3
4.43
6.09
8.17
10.61
13.24
15.81
17.97
19.32
19.6
18.68
16.75
14.1
11.13
8.17
5.34
2.69
0.18
-2.19
-4.42
-6.4
-8.07
-9.29
-9.93
-9.81
-8.74
-6.63
-3.59
0.08
3.91
7.43
10.31
12.39
13.63
14.07
13.67
12.4
10.23
7.31
3.87
0.3
-3.01
-5.81
-8.06
-9.92
-11.7
-13.66
-15.96
-18.45
-20.72
-22.3
-22.92
-22.81
-22.67
-23.5
-26.25
-31.43
-38.81
-47.27
-55.15
-60.6
-62.19
-59.44
-53.03
-44.57
-36.17
-29.63
-25.99
-25.35
-26.97
-29.6
-31.8
-32.25
-29.8
-23.79
-14.18
-1.67
12.45
26.67
39.67
50.46
58.38
63.01
64.12
61.84
56.96
50.91
45.47
42.2
41.73
43.6
46.49
48.78
49.25
47.5
43.86
39.24
34.63
30.86
28.47
27.74
28.7
31.16
34.77
38.98
43.15
46.45
48.05
47.29
43.86
37.99
30.43
22.32
14.79
8.58
3.79
-0.08
-3.67
-7.29
-10.61
-12.78
-12.89
-10.53
-6.04
-0.4
5.17
9.69
12.57
13.59
12.65
9.67
4.47
-3.03
-12.64
-23.68
-34.99
-45.02
-52.08
-54.78
-52.43
-45.36
-34.87
-22.82
-10.98
-0.54
8.04
14.74
19.63
22.68
23.78
23.21
21.7
20.24
19.66
20.16
21.1
21.34
19.74
15.6
8.86
-0.03
-10.28
-20.88
-30.5
-37.5
-40.1
-36.86
-27.35
-12.59
4.96
21.87
34.73
41.09
40.13
32.75
21.15
8
-4.31
-14.16
-20.69
-23.63
-23.11
-19.66
-14.27
-8.36
-3.52
-0.99
-1.32
-4.19
-8.58
-13.28
-17.25
-19.94
-21.25
-21.41
-20.72
-19.43
-17.67
-15.48
-12.88
-9.94
-6.82
-3.79
-1.23
0.5
1.14
0.56
-1.21
-3.9
-7.09
-10.21
-12.68
-14.06
-14.15
-13.01
-10.8
-7.74
-3.97
0.26
4.46
7.84
9.52
8.88
5.99
1.65
-2.89
-6.39
-8.06
-7.69
-5.5
-1.82
3.09
8.96
15.39
21.8
27.51
32.05
35.25
37.18
37.73
36.37
32.13
23.93
11.26
-5.37
-24.29
-42.99
-58.75
-69.31
-73.29
-70.28
-60.85
-46.35
-28.8
-10.66
5.5
17.4
23.57
23.57
18.14
8.87
-2.24
-13.29
-22.68
-29.24
-32.23
-31.21
-26.31
-18.24
-8.46
1.16
8.75
13.05
13.69
11.14
6.44
0.63
-5.48
-11.36
-16.51
-20.27
-21.79
-20.35
-15.63
-8.03
1.34
10.93
19.29
25.4
28.98
30.4
30.35
29.44
27.97
25.84
22.82
18.97
14.75
10.96
8.5
7.83
8.85
10.88
12.89
13.74
12.44
8.27
1.02
-8.82
-19.97
-30.49
-38.19
-41.25
-38.83
-31.27
-20.08
-7.39
4.57
13.92
19.44
20.7
17.98
12.22
4.73
-3.2
-10.61
-17
-22.38
-27.05
-31.4
-35.67
-39.74
-43.03
-44.6
-43.4
-38.63
-30.12
-18.5
-5.26
7.66
18.37
25.67
29.29
29.97
29.05
27.9
27.41
27.79
28.62
29.23
29.13
28.11
26.31
23.87
20.78
16.86
12.03
6.4
0.35
-5.61
-11.2
-16.31
-20.87
-24.61
-26.91
-27.02
-24.58
-19.93
-14.14
-8.54
-4.2
-1.37
0.29
1.39
2.33
3.13
3.64
3.93
4.32
5.16
6.45
7.67
7.83
5.93
1.48
-5.2
-13
-20.55
-26.68
-30.76
-32.71
-32.56
-30.03
-24.41
-14.84
-0.82
17.17
37.41
57.24
73.61
83.91
86.57
81.54
70.38
56.09
42.34
32.48
28.55
30.56
36.49
43.09
46.9
45.36
37.55
24.35
8.1
-8.03
-21.04
-28.99
-31.66
-30.62
-28.64
-28.65
-32.72
-41.44
-54.02
-68.66
-83.12
-95.04
-102.24
-102.87
-95.84
-81.16
-60.16
-35.42
-10.25
12.03
28.97
39.45
43.74
43.17
39.47
34.22
28.43
22.5
16.48
10.29
3.85
-2.89
-9.94
-17.28
-24.77
-32.14
-38.87
-44.16
-46.99
-46.37
-41.6
-32.63
-20.12
-5.46
9.53
22.92
33.1
39.04
40.51
38.22
33.72
29.17
26.76
28.12
33.71
42.67
53.06
62.56
69.15
71.64
69.84
64.39
56.42
47.14
37.64
28.61
20.45
13.28
7.09
1.82
-2.62
-6.31
-9.4
-11.97
-14.13
-15.82
-16.91
-17.26
-16.78
-15.56
-13.86
-12.05
-10.49
-9.52
-9.22
-9.46
-9.87
-10.05
-9.68
-8.75
-7.48
-6.23
-5.28
-4.7
-4.35
-3.96
-3.32
-2.29
-0.82
1.28
4.35
8.95
15.57
24.3
34.54
44.94
53.72
59.08
59.82
55.52
46.65
34.29
19.89
4.99
-8.84
-20.16
-27.74
-30.69
-28.66
-21.96
-11.63
0.7
13.05
23.56
30.96
34.84
35.72
34.65
32.68
30.37
27.69
24.24
19.79
14.59
9.43
5.31
3.04
2.95
4.77
7.81
11.06
13.41
13.78
11.41
6.18
-1.17
-9.22
-16.31
-21.14
-23.28
-23.14
-21.63
-19.71
-18
-16.8
-16.28
-16.55
-17.82
-20.08
-22.99
-25.86
-27.84
-28.3
-27.07
-24.62
-21.8
-19.6
-18.71
-19.26
-20.76
-22.32
-23.06
-22.59
-21.15
-19.45
-18.27
-18
-18.42
-18.91
-18.8
-17.82
-16.15
-14.31
-12.84
-12.06
-11.97
-12.39
-13.1
-13.93
-14.75
-15.46
-15.93
-16.12
-16.13
-16.21
-16.58
-17.37
-18.42
-19.36
-19.86
-19.75
-19.19
-18.53
-18.09
-17.97
-17.93
-17.55
-16.5
-14.79
-12.81
-11.23
-10.63
-11.23
-12.78
-14.6
-15.9
-16.08
-14.92
-12.63
-9.75
-6.92
-4.68
-3.33
-2.9
-3.18
-3.91
-4.84
-5.84
-6.78
-7.57
-8
-7.85
-7.07
-5.86
-4.72
-4.32
-5.17
-7.43
-10.85
-14.84
-18.69
-21.79
-23.71
-24.18
-23.13
-20.59
-16.72
-11.82
-6.36
-0.92
3.93
7.7
10.09
11
10.58
9.14
7.12
5.01
3.24
2.08
1.62
1.73
2.06
2.24
1.91
0.86
-0.92
-3.26
-5.94
-8.76
-11.66
-14.61
-17.51
-20.1
-21.99
-22.82
-22.45
-21.09
-19.22
-17.37
-15.89
-14.81
-13.96
-13.08
-12.07
-11.02
-10.09
-9.48
-9.25
-9.4
-9.89
-10.61
-11.42
-12.06
-12.19
-11.38
-9.28
-5.73
-0.87
4.88
10.9
16.6
21.52
25.54
28.77
31.49
34.04
36.62
39.3
42
44.5
46.47
47.58
47.53
46.16
43.54
39.99
35.93
31.72
27.42
22.79
17.4
10.86
3.1
-5.53
-14.24
-22.15
-28.51
-32.91
-35.4
-36.29
-36
-34.92
-33.34
-31.37
-28.97
-25.71
-20.82
-13.39
-2.83
10.54
25.2
38.66
48.39
52.69
51.36
45.58
37.17
27.82
18.54
9.81
2.02
-4.11
-7.61
-7.71
-4.32
1.72
9.08
16.44
22.99
28.59
33.48
37.83
41.49
44.03
44.87
43.66
40.41
35.39
29.06
21.91
14.34
6.73
-0.6
-7.49
-13.97
-20.36
-27.21
-34.96
-43.7
-52.86
-61.24
-67.29
-69.75
-68.08
-62.63
-54.39
-44.54
-34.03
-23.43
-13.19
-3.79
4.1
9.88
13.28
14.65
14.89
15.12
16.22
18.55
21.88
25.68
29.38
32.57
35.02
36.65
37.37
37.09
35.75
33.35
30.03
26.08
21.91
17.9
14.34
11.35
8.91
6.91
5.3
4.1
3.33
2.96
2.85
2.73
2.26
1.21
-0.56
-2.95
-5.65
-8.21
-10.02
-10.53
-9.36
-6.55
-2.49
2.07
6.32
9.75
12.17
13.69
14.51
14.76
14.5
13.94
13.57
14.14
16.26
20.08
25.01
29.94
33.72
35.56
35.19
32.57
27.66
20.29
10.29
-1.95
-15.31
-28.03
-38.3
-45.02
-48.19
-48.83
-48.36
-47.98
-48.21
-48.87
-49.51
-49.77
-49.6
-49.23
-48.88
-48.5
-47.72
-45.96
-42.76
-37.97
-31.94
-25.27
-18.67
-12.69
-7.64
-3.56
-0.36
2.11
4.01
5.49
6.67
7.61
8.35
8.94
9.49
10.13
10.99
12.12
13.42
14.65
15.55
15.93
15.78
15.28
14.65
14.09
13.64
13.24
12.77
12.15
11.42
10.64
9.88
9.16
8.39
7.52
6.51
5.44
4.43
3.6
2.93
2.29
1.53
0.53
-0.75
-2.26
-3.94
-5.77
-7.68
-9.64
-11.5
-13.03
-13.98
-14.22
-13.8
-12.87
-11.65
-10.22
-8.56
-6.59
-4.27
-1.75
0.76
3.04
5.04
6.94
9.04
11.6
14.61
17.83
20.85
23.38
25.35
26.91
28.24
29.38
30.21
30.51
30.14
29.11
27.64
25.96
24.21
22.47
20.77
19.25
18.1
17.44
17.15
16.83
15.97
14.15
11.4
8.16
5.24
3.4
3.13
4.48
7.16
10.71
14.73
18.96
23.11
26.93
30.04
32.23
33.59
34.66
36.22
38.95
42.87
47.15
50.36
50.9
47.76
40.88
31.17
20.11
9.22
-0.34
-7.98
-13.57
-17.34
-19.75
-21.46
-23.29
-26.07
-30.34
-36.14
-42.93
-49.8
-55.86
-60.52
-63.73
-65.69
-66.59
-66.42
-64.94
-61.98
-57.59
-52.24
-46.54
-41.04
-36.06
-31.61
-27.58
-23.89
-20.64
-18.01
-16.14
-15.07
-14.62
-14.48
-14.23
-13.5
-12.06
-9.9
-7.26
-4.44
-1.77
0.63
2.69
4.42
5.65
6.13
5.57
3.89
1.34
-1.54
-4.1
-6
-7.29
-8.5
-10.26
-12.89
-16.26
-19.81
-22.88
-25.02
-26.12
-26.32
-25.85
-24.85
-23.4
-21.61
-19.59
-17.41
-14.94
-11.91
-7.96
-2.88
3.12
9.54
15.74
21.25
25.92
29.87
33.2
35.83
37.45
37.72
36.56
34.28
31.49
28.78
26.46
24.38
22.08
19.07
15.24
11.07
7.49
5.64
6.38
9.98
16.02
23.56
31.31
38.02
42.77
45.16
45.4
44.31
43.18
43.5
46.47
52.48
60.62
68.83
74.25
74.27
67.33
53.61
34.98
14.33
-5.36
-21.99
-34.56
-43.05
-47.84
-49.28
-47.49
-42.62
-35.19
-26.23
-17.13
-9.2
-3.16
1.04
4.09
6.71
9.23
11.43
12.76
12.77
11.44
9.25
6.83
4.58
2.36
-0.43
-4.46
-9.94
-16.38
-22.7
-27.51
-29.75
-28.94
-25.27
-19.53
-12.73
-5.87
0.22
4.94
8.02
9.46
9.57
8.91
8.15
7.9
8.49
9.88
11.69
13.4
14.46
14.55
13.61
11.76
9.23
6.22
2.88
-0.7
-4.43
-8.16
-11.71
-14.87
-17.51
-19.57
-21.11
-22.22
-23.03
-23.62
-23.95
-23.83
-22.89
-20.71
-16.96
-11.72
-5.62
0.25
4.63
6.58
5.82
2.72
-1.89
-7.13
-12.33
-17.14
-21.51
-25.6
-29.66
-34.02
-38.84
-43.96
-48.73
-52.23
-53.54
-52.22
-48.44
-42.85
-36.32
-29.56
-23.01
-17
-11.79
-7.64
-4.74
-3.06
-2.35
-2.26
-2.43
-2.55
-2.23
-0.77
3.09
10.99
24.56
44.79
71.39
102.46
134.7
164.08
186.84
200.42
203.95
198.19
184.99
166.66
145.41
123.17
101.52
81.8
64.99
51.51
41.14
33.03
26.07
19.38
12.76
6.79
2.59
1.28
3.38
8.43
15.04
21.17
24.75
24.28
19.2
10.07
-1.73
-14.5
-26.75
-37.55
-46.51
-53.53
-58.57
-61.55
-62.54
-61.94
-60.54
-59.43
-59.69
-62.09
-66.85
-73.72
-82.01
-90.8
-99.06
-105.73
-109.75
-110.1
-105.87
-96.42
-81.55
-61.86
-38.88
-14.86
7.56
26.09
39.19
46.11
46.78
41.52
31.14
17.04
1.46
-12.79
-23
-27.57
-26.72
-22.53
-18.15
-16.56
-19.46
-26.8
-37.19
-48.76
-59.99
-70.11
-78.74
-85.52
-89.65
-90.04
-85.71
-76.35
-62.54
-45.67
-27.55
-9.87
5.95
18.89
28.25
33.6
34.79
32.18
26.66
19.68
13.05
8.53
7.38
10.01
15.74
23.02
29.84
34.39
35.57
33.16
27.71
20.16
11.47
2.45
-6.27
-14.21
-21.05
-26.74
-31.54
-35.96
-40.45
-45.16
-49.78
-53.55
-55.62
-55.32
-52.27
-46.42
-37.83
-26.66
-13.31
1.43
16.25
29.43
39.25
44.45
44.58
40.22
32.93
25.04
19.27
18.22
23.52
35.26
51.69
69.54
85.08
95.28
98.68
95.61
87.62
76.64
64.27
51.5
38.9
26.87
15.94
6.69
-0.41
-5.15
-7.6
-7.97
-6.54
-3.58
0.69
5.97
11.9
17.97
23.51
27.76
29.95
29.52
26.25
20.42
12.79
4.37
-3.83
-11.1
-17.02
-21.62
-25.12
-27.94
-30.58
-33.5
-37.07
-41.37
-46.2
-51.01
-55.19
-58.22
-59.96
-60.61
-60.51
-59.83
-58.36
-55.54
-50.71
-43.47
-33.78
-22.05
-8.92
4.83
18.4
30.96
41.58
49.32
53.33
53.2
49.04
41.63
32.17
22.09
12.63
4.67
-1.49
-6.04
-9.57
-12.87
-16.54
-20.91
-25.8
-30.68
-34.89
-37.91
-39.54
-40.02
-39.87
-39.66
-39.71
-39.94
-39.89
-38.81
-35.95
-30.8
-23.37
-14.23
-4.41
4.85
12.45
17.7
20.42
20.91
19.76
17.61
15.01
12.43
10.26
8.84
8.35
8.69
9.47
10.12
10.08
9.13
7.35
5.11
2.81
0.78
-0.81
-1.84
-2.2
-1.79
-0.71
0.76
2.17
3.1
3.42
3.4
3.56
4.5
6.62
9.96
14.21
18.85
23.27
26.98
29.62
30.95
30.9
29.44
26.6
22.4
16.81
9.76
1.33
-8.19
-18.29
-28.24
-37.35
-45.2
-51.63
-56.75
-60.74
-63.64
-65.3
-65.49
-64.04
-60.99
-56.67
-51.54
-46.3
-41.66
-38.24
-36.36
-35.89
-36.17
-36.26
-35.22
-32.27
-27.02
-19.44
-9.85
1.03
12.14
22.29
30.53
36.54
40.88
44.67
48.97
54.13
59.47
63.63
65.4
64.42
61.41
57.82
55.08
53.91
54.06
54.5
53.88
51.06
45.51
37.31
27.07
15.76
4.54
-5.35
-12.76
-16.91
-17.71
-15.98
-13.55
-12.82
-16.01
-24.16
-36.37
-49.85
-60.68
-65.14
-61.06
-48.56
-29.79
-8.19
12.78
30.43
43.21
50.67
53.16
51.62
47.46
42.34
37.79
34.77
33.3
32.51
30.97
27.31
20.76
11.49
0.49
-10.81
-21
-29.05
-34.39
-36.87
-36.51
-33.42
-27.69
-19.53
-9.44
1.65
12.36
21.14
26.62
28.04
25.41
19.42
11.16
1.75
-7.83
-16.76
-24.33
-29.9
-33.01
-33.43
-31.28
-26.94
-20.92
-13.81
-6.18
1.23
7.55
11.84
13.3
11.59
7
0.44
-6.89
-13.8
-19.51
-23.68
-26.32
-27.63
-27.81
-27.11
-25.81
-24.29
-22.94
-22.02
-21.5
-21.06
-20.31
-19.03
-17.31
-15.48
-13.83
-12.35
-10.63
-7.93
-3.54
2.84
10.94
20.03
29.13
37.39
44.34
49.89
54.08
56.97
58.41
58.15
56
52.04
46.73
40.78
34.97
29.95
26.1
23.56
22.35
22.36
23.38
25.04
26.83
28.1
28.25
26.91
24.03
19.9
15.11
10.55
7.35
6.63
9.14
14.78
22.37
29.9
35.11
36.37
33.28
26.72
18.32
9.61
1.32
-6.66
-14.84
-23.29
-31.14
-36.65
-37.86
-33.55
-23.91
-10.75
3.08
14.58
21.54
23.05
19.43
11.84
1.71
-9.57
-20.83
-31.11
-39.61
-45.72
-49.03
-49.43
-47.19
-42.87
-37.35
-31.63
-26.6
-22.78
-20.27
-18.63
-17.19
-15.28
-12.55
-9.04
-5.12
-1.26
2.17
4.97
7.2
9.01
10.56
11.96
13.23
14.34
15.23
15.89
16.34
16.68
17.01
17.36
17.7
17.85
17.6
16.78
15.37
13.57
11.67
9.94
8.48
7.23
6
4.65
3.21
1.8
0.58
-0.4
-1.29
-2.32
-3.67
-5.34
-7.22
-9.12
-10.96
-12.78
-14.73
-16.92
-19.28
-21.58
-23.5
-24.68
-24.99
-24.47
-23.42
-22.28
-21.54
-21.67
-23.01
-25.63
-29.13
-32.63
-34.79
-34.19
-29.8
-21.55
-10.41
1.79
13.12
22.15
28.36
32.14
34.31
35.65
36.52
36.94
36.86
36.52
36.52
37.67
40.65
45.67
52.31
59.66
66.54
71.77
74.4
73.81
69.82
62.68
53.13
42.17
30.95
20.45
11.28
3.67
-2.44
-7.24
-10.94
-13.74
-15.94
-17.87
-19.85
-22.19
-24.99
-28.17
-31.49
-34.59
-37.1
-38.73
-39.4
-39.19
-38.36
-37.06
-35.28
-32.91
-29.86
-26.26
-22.53
-19.22
-16.76
-15.25
-14.55
-14.59
-15.76
-18.72
-24.12
-31.89
-40.84
-48.84
-53.54
-53.23
-47.5
-37.2
-23.89
-9.32
5.05
18
28.42
35.25
37.67
35.42
29.09
20.08
10.17
1
-6.27
-11.26
-14.23
-15.77
-16.59
-17.27
-18.22
-19.61
-21.45
-23.47
-25.32
-26.58
-26.92
-26.18
-24.46
-21.99
-18.97
-15.37
-10.85
-4.93
2.7
11.81
21.47
30.2
36.47
39.25
38.43
34.81
29.83
25.04
21.67
20.27
20.56
21.35
20.86
17.18
9.11
-3.05
-17.15
-29.58
-36.44
-34.97
-24.63
-7.31
13.31
32.96
48.02
56.42
57.97
54.09
47.39
40.87
37.3
38.54
45.11
56.16
69.73
83.3
94.5
101.64
104.09
102.29
97.42
90.97
84.21
77.87
71.99
66.1
59.46
51.37
41.43
29.67
16.68
3.63
-7.95
-16.51
-21.09
-21.72
-19.63
-17.04
-16.39
-19.66
-27.77
-40.41
-56.27
-73.5
-90.22
-104.84
-116.37
-124.33
-128.71
-129.76
-127.74
-122.6
-113.99
-101.36
-84.45
-63.72
-40.54
-17
4.68
22.58
35.59
43.23
45.64
43.26
36.84
27.43
16.33
5.02
-5.27
-13.8
-20.25
-24.41
-25.84
-23.9
-18.27
-9.57
0.31
8.7
13.13
12.36
6.91
-1.34
-10.13
-17.82
-23.87
-28.54
-32.3
-35.06
-36.15
-34.56
-29.51
-20.99
-9.71
3
15.76
27.47
37.55
45.68
51.49
54.39
53.6
48.69
40.04
28.95
17.4
7.3
-0.1
-4.51
-6.49
-6.95
-6.71
-6.32
-6.05
-6.07
-6.61
-7.86
-9.87
-12.47
-15.28
-17.8
-19.59
-20.45
-20.35
-19.57
-18.45
-17.32
-16.41
-15.76
-15.3
-14.94
-14.68
-14.62
-14.95
-15.75
-16.94
-18.27
-19.35
-19.87
-19.72
-18.98
-17.86
-16.56
-15.22
-13.9
-12.73
-11.87
-11.46
-11.56
-11.99
-12.37
-12.22
-11.16
-9.02
-5.99
-2.42
1.23
4.64
7.65
10.18
12.24
13.8
14.84
15.38
15.52
15.4
15.12
14.69
14.02
12.97
11.52
9.77
7.97
6.38
5.14
4.27
3.69
3.22
2.74
2.13
1.33
0.35
-0.81
-2.07
-3.36
-4.57
-5.68
-6.64
-7.45
-8.04
-8.35
-8.31
-7.9
-7.17
-6.24
-5.23
-4.25
-3.33
-2.43
-1.5
-0.51
0.51
1.49
2.28
2.78
2.92
2.76
2.37
1.86
1.32
0.8
0.3
-0.18
-0.62
-1
-1.3
-1.52
-1.69
-1.83
-1.99
-2.14
-2.29
-2.37
-2.35
-2.24
-2.08
-1.93
-1.86
-1.85
-1.85
-1.8
-1.67
-1.53
-1.51
-1.72
-2.19
-2.83
-3.46
-3.96
-4.32
-4.72
-5.38
-6.5
-8.05
-9.84
-11.54
-12.83
-13.5
-13.52
-12.96
-11.99
-10.75
-9.38
-8.01
-6.75
-5.65
-4.7
-3.86
-2.94
-1.84
-0.49
1.08
2.76
4.44
6.06
7.61
9.06
10.4
11.61
12.65
13.58
14.48
15.4
16.29
16.95
17.04
16.27
14.5
11.88
8.81
5.82
3.46
2.2
2.31
3.93
7
11.27
16.25
21.32
25.79
29.19
31.28
32.29
32.73
33.26
34.34
36.05
37.97
39.44
39.96
39.45
38.32
37.21
36.4
35.54
33.63
29.47
22.31
12.32
0.42
-12.14
-24.3
-35.5
-45.54
-54.22
-61.13
-65.66
-67.27
-65.79
-61.47
-54.86
-46.61
-37.29
-27.37
-17.22
-7.23
2.24
10.82
18.09
23.64
27.07
28.2
27.08
24.25
20.5
16.73
13.69
11.85
11.41
12.38
14.58
17.69
21.2
24.47
26.8
27.56
26.29
22.77
17.02
9.4
0.67
-8.04
-15.39
-20.22
-21.88
-20.51
-16.84
-11.83
-6.18
-0.09
6.56
13.81
21.25
27.99
32.93
35.34
35.21
33.16
29.97
26.15
21.62
16.01
9.22
1.84
-4.76
-8.88
-9.37
-6.23
-0.74
5.02
9.06
10.2
8.33
4.16
-1.51
-8.26
-16.39
-26.52
-38.94
-53.15
-67.73
-80.72
-90.29
-95.37
-95.74
-91.95
-84.87
-75.43
-64.37
-52.36
-40.18
-28.6
-18.39
-10.07
-3.86
0.27
2.6
3.59
3.98
4.76
6.93
11.07
16.95
23.37
28.65
31.4
31.13
28.63
25.43
23.04
22.08
22.15
22.24
21.39
19.39
16.71
14.18
12.42
11.54
11.14
10.69
9.81
8.38
6.43
3.93
0.83
-2.88
-6.9
-10.65
-13.34
-14.36
-13.55
-11.22
-8.03
-4.66
-1.61
0.98
3.15
4.94
6.19
6.53
5.57
3.14
-0.54
-4.86
-9.09
-12.64
-15.19
-16.6
-16.88
-15.94
-13.76
-10.55
-6.9
-3.58
-1.29
-0.17
0.26
0.96
2.9
6.63
12.01
18.47
25.3
31.96
38.21
43.77
48.11
50.3
49.12
43.5
32.94
17.85
-0.31
-19.26
-36.31
-49.14
-56.37
-57.96
-55.23
-50.18
-44.79
-40.15
-36.2
-32.02
-26.62
-19.63
-11.58
-3.65
3.16
8.45
12.58
16.32
20.17
24.03
27.21
28.78
28.12
25.29
20.93
16.05
11.56
8
5.41
3.52
2
0.7
-0.24
-0.53
-0.05
0.93
1.82
1.96
0.97
-0.99
-3.28
-5.13
-6
-5.89
-5.18
-4.39
-3.81
-3.42
-2.95
-2.15
-0.97
0.39
1.61
2.38
2.44
1.62
-0.25
-3.21
-7.17
-11.75
-16.33
-20.18
-22.7
-23.63
-23.08
-21.5
-19.43
-17.3
-15.24
-13.11
-10.57
-7.25
-3.03
1.93
7.06
11.61
14.76
16
15.28
13.07
10.14
7.2
4.55
1.96
-1.2
-5.56
-11.39
-18.34
-25.65
-32.39
-37.68
-40.7
-40.67
-36.82
-28.67
-16.45
-1.34
14.69
29.51
41.58
50.39
56.27
59.74
60.91
59.34
54.35
45.79
34.44
22.06
10.8
2.57
-1.56
-1.55
1.75
6.93
12.43
16.86
19.28
19.36
17.31
13.7
9.16
4.21
-0.89
-5.87
-10.4
-13.98
-16.11
-16.56
-15.5
-13.56
-11.57
-10.15
-9.45
-9.07
-8.3
-6.5
-3.49
0.45
4.62
8.28
10.86
12.1
12.05
10.97
9.16
6.88
4.37
1.77
-0.81
-3.42
-6.22
-9.46
-13.34
-17.84
-22.5
-26.28
-27.67
-25.05
-17.37
-4.77
11.13
27.5
41.11
49.47
51.59
48.04
40.53
30.99
20.87
11
1.8
-6.29
-12.6
-16.43
-17.48
-16.23
-13.81
-11.61
-10.67
-11.22
-12.75
-14.31
-15.07
-14.72
-13.57
-12.34
-11.79
-12.34
-13.92
-15.98
-17.73
-18.44
-17.71
-15.63
-12.69
-9.75
-7.66
-7.12
-8.44
-11.33
-14.99
-18.14
-19.33
-17.36
-11.73
-2.84
7.96
18.76
27.65
33.23
34.9
32.83
27.66
20.23
11.21
1.12
-9.53
-19.97
-29.04
-35.26
-37.28
-34.48
-27.26
-17.06
-5.87
4.37
12.39
17.71
20.56
21.54
21.31
20.54
19.95
20.22
21.88
24.97
28.89
32.52
34.61
34.23
31.1
25.65
18.71
11.21
3.84
-3.03
-9.25
-14.78
-19.58
-23.61
-26.84
-29.33
-31.16
-32.38
-32.9
-32.53
-31.02
-28.24
-24.24
-19.36
-14.06
-8.83
-4.04
0.15
3.8
7.09
10.3
13.63
17.17
20.89
24.52
27.64
29.72
30.29
29.12
26.36
22.51
18.3
14.38
11.04
8.05
4.68
-0.04
-6.79
-15.48
-25
-33.3
-38.07
-37.59
-31.41
-20.65
-7.73
4.49
13.56
18.1
18.01
14.18
8
0.91
-5.76
-10.92
-13.65
-13.4
-10.05
-4.17
3.02
9.87
14.75
16.59
15.14
11.06
5.53
-0.15
-4.86
-7.83
-8.63
-7.04
-3.04
3.2
11.27
20.6
30.56
40.53
49.94
58.23
64.89
69.42
71.42
70.69
67.29
61.49
53.82
45.11
36.47
29.13
24.14
21.96
22.23
23.9
25.57
26.01
24.53
21.03
15.81
9.31
2.06
-5.22
-11.56
-15.85
-17.16
-15.23
-10.68
-4.99
0.07
3.04
3.3
1.26
-1.94
-4.96
-6.84
-7.23
-6.41
-5.02
-3.7
-2.91
-2.88
-3.61
-5.03
-6.97
-9.2
-11.39
-13.17
-14.22
-14.48
-14.12
-13.55
-13.13
-13.08
-13.23
-13.1
-12.05
-9.45
-5.02
1
7.74
13.84
17.68
17.93
14.01
6.43
-3.35
-13.36
-21.73
-27.21
-29.35
-28.34
-24.75
-19.31
-12.81
-6.14
-0.31
3.75
5.46
4.73
2.11
-1.53
-5.33
-8.84
-12.06
-15.4
-19.31
-23.98
-29.13
-33.96
-37.5
-38.87
-37.73
-34.39
-29.63
-24.35
-19.26
-14.54
-9.95
-5.08
0.44
6.67
13.36
20.06
26.26
31.39
34.99
36.72
36.53
34.67
31.76
28.58
25.9
24.24
23.72
24.02
24.44
24.1
22.21
18.25
12.21
4.59
-3.71
-11.68
-18.46
-23.54
-26.73
-28.07
-27.75
-26.03
-23.29
-20.02
-16.82
-14.32
-13.02
-13.21
-14.81
-17.42
-20.38
-22.92
-24.38
-24.32
-22.64
-19.54
-15.49
-11.04
-6.8
-3.18
-0.38
1.61
2.96
3.81
4.31
4.47
4.33
3.93
3.45
3.1
3.02
3.24
3.61
3.93
4.04
3.86
3.48
3.01
2.56
2.11
1.52
0.68
-0.49
-1.89
-3.31
-4.51
-5.36
-5.81
-5.97
-5.99
-6.03
-6.19
-6.5
-6.91
-7.31
-7.57
-7.61
-7.43
-7.2
-7.18
-7.71
-8.96
-10.95
-13.39
-15.88
-17.95
-19.27
-19.76
-19.56
-19
-18.45
-18.19
-18.29
-18.63
-18.9
-18.75
-17.86
-16.08
-13.58
-10.79
-8.27
-6.58
-5.93
-6.14
-6.66
-6.76
-5.9
-4.05
-1.8
-0.18
-0.26
-2.56
-6.9
-12.29
-17.34
-20.59
-20.88
-17.49
-10.22
0.53
13.68
27.42
39.49
47.77
51.06
49.43
44.15
37.07
29.8
23.25
17.53
12.4
7.6
3.08
-1.05
-4.75
-8.11
-11.19
-13.78
-15.33
-15.15
-12.78
-8.35
-2.53
3.65
9.24
13.64
16.74
18.72
19.94
20.65
20.98
20.99
20.73
20.3
19.83
19.41
19.06
18.75
18.38
17.88
17.22
16.49
15.81
15.31
15.03
14.9
14.76
14.47
13.91
13.05
11.93
10.59
9.07
7.38
5.59
3.76
1.96
0.22
-1.47
-3.15
-4.84
-6.49
-8.08
-9.59
-11
-12.29
-13.46
-14.52
-15.47
-16.31
-16.95
-17.3
-17.22
-16.56
-15.28
-13.45
-11.22
-8.78
-6.3
-3.9
-1.74
0.03
1.24
1.85
1.96
1.8
1.57
1.31
0.94
0.3
-0.65
-1.8
-2.87
-3.57
-3.76
-3.52
-3.1
-2.79
-2.76
-3.04
-3.5
-4.02
-4.47
-4.8
-5.03
-5.23
-5.42
-5.61
-5.77
-5.88
-5.93
-5.96
-6.04
-6.23
-6.59
-7.12
-7.83
-8.74
-9.89
-11.35
-13.13
-15.17
-17.21
-18.96
-20.22
-20.97
-21.42
-21.9
-22.71
-23.96
-25.56
-27.27
-28.81
-30.02
-30.87
-31.43
-31.89
-32.46
-33.36
-34.65
-36.16
-37.43
-37.74
-36.38
-32.91
-27.39
-20.36
-12.66
-5.1
1.75
7.66
12.65
16.88
20.54
23.72
26.38
28.3
29
27.88
24.43
18.41
10.2
0.83
-8.2
-15.15
-18.64
-18.02
-13.45
-5.87
3.34
12.72
21.08
27.61
31.94
34.19
34.88
34.82
34.82
35.5
37.04
39.29
41.96
44.95
48.36
52.33
56.59
60.28
62.14
61.12
56.84
49.9
41.57
33.21
25.75
19.5
14.32
10.04
6.7
4.45
3.37
3.14
3.02
2.09
-0.44
-4.94
-11.29
-18.88
-26.91
-34.52
-40.99
-45.85
-48.83
-49.83
-48.81
-45.85
-41.14
-35.17
-28.63
-22.33
-16.98
-12.96
-10.33
-9.01
-8.98
-10.39
-13.38
-17.59
-21.81
-24.16
-22.62
-16.07
-4.88
9
22.76
33.81
40.79
43.93
44.72
45.16
46.89
50.79
56.8
64.07
71.15
76.26
77.7
74.4
66.48
55.44
43.77
34.19
28.62
27.46
29.54
32.63
34.41
33.38
29.22
22.74
15.33
8.38
2.85
-0.93
-3.19
-4.45
-5.32
-6.44
-8.34
-11.5
-16.18
-22.22
-28.96
-35.22
-39.7
-41.24
-39.33
-34.28
-27.24
-20
-14.58
-12.78
-15.59
-22.76
-32.59
-42.28
-48.72
-49.57
-44.17
-33.89
-21.69
-11.02
-4.61
-3.54
-7.16
-13.54
-20.35
-25.65
-28.32
-28.24
-26.07
-23.03
-20.51
-19.68
-21.18
-24.82
-29.68
-34.22
-36.71
-35.86
-31.26
-23.68
-14.84
-6.86
-1.44
0.71
0.2
-1.3
-1.78
0.32
5.4
12.61
20.16
26.2
29.47
29.82
28.14
25.95
24.71
25.25
27.43
30.26
32.35
32.43
29.87
24.65
17.31
8.75
-0
-8.02
-14.65
-19.69
-23.48
-26.83
-30.72
-35.86
-42.33
-49.34
-55.46
-59.04
-58.67
-53.71
-44.4
-31.91
-18.11
-5.22
4.65
9.91
9.97
5.3
-2.53
-11.39
-19.09
-23.91
-24.96
-22.22
-16.34
-8.34
0.68
9.8
18.34
25.86
32.08
36.65
39.15
39.03
35.96
30.26
23.2
16.97
14.02
16.15
23.61
34.8
46.72
56.04
60.35
58.9
52.71
44.03
35.51
29.24
26.24
26.22
27.78
28.98
28.06
24.04
17.1
8.45
-0.14
-6.85
-10.38
-10.27
-7
-1.89
3.31
6.87
7.6
5.09
-0.12
-6.84
-13.72
-19.67
-24.21
-27.47
-29.96
-32.29
-34.93
-37.99
-41.28
-44.42
-46.92
-48.37
-48.54
-47.46
-45.41
-42.92
-40.61
-39.1
-38.77
-39.59
-40.9
-41.43
-39.72
-34.6
-25.8
-14.19
-1.5
10.38
20.05
27.02
31.49
33.77
33.92
31.64
26.93
20.54
14.1
9.63
8.55
11
15.65
20.26
22.65
21.53
16.86
9.8
2.14
-4.11
-7.29
-6.32
-1.03
7.74
18.27
28.28
35.54
38.4
36.15
29.14
18.52
5.94
-6.86
-18.46
-27.94
-34.91
-39.39
-41.73
-42.3
-41.39
-39.12
-35.55
-30.73
-24.91
-18.48
-11.92
-5.7
-0.2
4.34
7.69
9.63
10.07
9.09
7.04
4.5
2.13
0.4
-0.52
-0.88
-1.21
-2.04
-3.74
-6.33
-9.52
-12.91
-16.11
-18.86
-21.11
-22.87
-24.13
-24.82
-24.79
-23.86
-21.93
-19.01
-15.32
-11.27
-7.33
-3.95
-1.4
0.31
1.43
2.28
3.17
4.2
5.23
5.96
6.08
5.34
3.66
1.15
-1.88
-4.95
-7.54
-9.29
-10.24
-10.82
-11.7
-13.33
-15.6
-17.82
-18.97
-18.25
-15.4
-10.75
-4.92
1.47
7.89
13.81
18.6
21.71
22.89
22.5
21.39
20.51
20.35
20.65
20.64
19.63
17.62
15.5
14.75
16.66
21.73
29.29
37.66
44.69
48.27
46.91
40.06
28.23
12.71
-4.69
-22
-37.26
-48.56
-54.12
-52.55
-43.3
-27.07
-6.04
16.43
36.6
51.27
58.65
58.66
52.56
42.31
29.91
16.88
4.31
-6.96
-16.07
-22.21
-24.73
-23.51
-19.15
-12.94
-6.44
-1.02
2.6
4.36
4.68
4.02
2.58
0.35
-2.77
-6.65
-10.9
-14.97
-18.41
-21.09
-23.13
-24.78
-26.2
-27.37
-28.06
-28.06
-27.25
-25.84
-24.2
-22.82
-22.11
-22.18
-22.79
-23.37
-23.22
-21.76
-18.77
-14.5
-9.64
-5.14
-1.86
-0.35
-0.55
-1.72
-2.58
-1.66
2.36
10.06
21.11
34.22
47.49
59.01
67.39
72.17
73.77
73.21
71.57
69.58
67.48
64.95
61.49
56.55
49.81
41.36
31.86
22.49
14.7
9.76
8.13
9.26
11.67
13.51
13.34
10.6
5.7
-0.52
-7.28
-14.44
-22.46
-32.02
-43.44
-56.27
-69.14
-79.99
-86.52
-86.79
-79.89
-66.35
-48.25
-28.93
-12.11
-0.96
3.06
0.54
-6.09
-13.58
-19
-20.75
-18.81
-14.27
-8.74
-3.56
0.33
2.46
2.61
0.83
-2.48
-6.48
-9.86
-11.16
-9.19
-3.5
5.43
16.25
27.01
35.64
40.54
41.01
37.42
31.15
24.01
17.64
12.93
9.82
7.63
5.58
3.39
1.43
0.47
1.26
3.95
8.02
12.44
16.06
18.01
17.92
15.85
12.29
8.06
4.16
1.65
1.24
3.05
6.44
10.15
12.73
12.97
10.27
4.75
-2.91
-11.82
-21.02
-29.72
-37.33
-43.34
-47.25
-48.51
-46.66
-41.46
-33.22
-22.84
-11.62
-0.91
8.27
15.48
20.67
23.94
25.23
24.31
20.99
15.49
8.53
1.25
-5.16
-9.84
-12.52
-13.44
-13.14
-12.17
-10.75
-8.76
-5.83
-1.58
3.92
9.98
15.22
17.83
16.2
9.5
-1.87
-16.18
-30.62
-41.92
-47.12
-44.35
-33.32
-15.51
6.13
27.87
46.07
58.13
63.02
61.37
55.04
46.31
37.07
28.18
19.57
10.62
1.03
-8.64
-16.89
-21.77
-21.75
-16.36
-6.4
6.47
20.26
33.17
43.74
50.74
53.37
51.35
45.29
36.82
28.14
21.14
16.58
13.81
11.07
6.45
-1.24
-12.12
-25.39
-39.81
-54.18
-67.34
-77.99
-84.69
-86.08
-81.47
-71.24
-56.94
-40.85
-25.24
-11.72
-0.94
7.12
12.91
16.81
19.03
19.62
18.45
15.36
10.22
3.11
-5.5
-14.55
-22.52
-27.81
-29.2
-26.3
-19.79
-11.14
-2.18
5.46
10.76
13.39
13.54
11.64
8.13
3.39
-2.13
-7.98
-13.61
-18.58
-22.7
-26.02
-28.76
-31.17
-33.32
-35.08
-36.18
-36.26
-35.06
-32.54
-28.94
-24.76
-20.67
-17.31
-15.14
-14.28
-14.52
-15.43
-16.51
-17.36
-17.72
-17.57
-16.96
-15.94
-14.55
-12.72
-10.29
-7.02
-2.62
3.18
10.43
18.9
27.98
36.79
44.31
49.74
52.66
53.21
51.97
49.76
47.3
44.93
42.52
39.59
35.65
30.52
24.51
18.34
12.87
8.76
6.2
4.91
4.3
3.83
3.02
1.55
-0.86
-4.63
-10.06
-17.23
-25.65
-34.24
-41.55
-46.07
-46.69
-42.85
-34.65
-22.78
-8.49
6.43
19.86
29.77
34.87
35.11
31.77
26.87
22.42
19.61
18.59
18.8
19.48
20.23
21.06
22.17
23.51
24.71
25.2
24.53
22.67
20.07
17.35
15.01
13.17
11.52
9.53
6.85
3.48
-0.13
-3.29
-5.35
-6.05
-5.72
-5.22
-5.75
-8.44
-14.02
-22.52
-33.07
-44
-53.17
-58.41
-58.21
-52.11
-40.79
-25.81
-9.08
7.7
23.37
37.32
49.23
58.77
65.51
69.03
69.21
66.39
61.29
54.75
47.43
39.7
31.71
23.64
15.94
9.48
5.31
4.31
6.71
11.94
18.77
25.56
30.82
33.56
33.44
30.7
25.9
19.66
12.48
4.75
-3.24
-11.12
-18.3
-24.03
-27.51
-28.23
-26.24
-22.3
-17.57
-13.2
-9.88
-7.59
-5.97
-4.64
-3.68
-3.54
-4.85
-7.88
-12.36
-17.55
-22.68
-27.29
-31.23
-34.52
-36.98
-38.19
-37.63
-35.05
-30.7
-25.42
-20.26
-16.1
-13.26
-11.44
-9.83
-7.38
-2.98
4.25
14.74
28.1
42.87
56.72
66.84
70.84
67.46
56.98
41.05
22.03
2.37
-16.01
-31.82
-44.31
-52.99
-57.52
-57.78
-53.91
-46.62
-37.07
-26.89
-17.76
-11.14
-7.88
-8.09
-11.2
-16.11
-21.55
-26.34
-29.57
-30.61
-29.22
-25.51
-19.88
-12.98
-5.53
1.76
8.29
13.62
17.43
19.53
19.96
18.95
17.01
14.78
12.85
11.61
11.21
11.56
12.47
13.72
15.02
16
16.29
15.64
14.17
12.39
11.03
10.66
11.36
12.61
13.6
13.54
12.06
9.26
5.55
1.44
-2.63
-6.17
-8.76
-10.14
-10.49
-10.54
-11.41
-14.1
-18.96
-25.42
-32.2
-37.88
-41.31
-41.77
-38.69
-31.5
-19.73
-3.58
15.55
34.93
51.17
61.28
63.81
59.25
49.81
38.43
27.9
20.06
15.61
14.27
15.1
16.95
18.81
20.11
20.84
21.51
22.76
25.05
28.27
31.46
32.93
30.5
22.24
7.24
-13.75
-38.24
-62.51
-82.8
-96.54
-103.08
-103.64
-100.34
-95
-88.23
-79.42
-67.5
-51.91
-33.45
-14.14
3.57
17.86
28.2
35.25
40.02
42.85
42.92
38.43
27.67
10.13
-12.79
-37.96
-61.28
-78.88
-88.08
-87.89
-79
-63.5
-44.12
-23.49
-3.57
14.45
29.81
41.78
49.36
51.77
49.09
42.92
36.19
32.07
32.5
36.9
42.2
44.19
39.35
26.59
7.69
-13.47
-32.37
-45.31
-50.23
-47.04
-37.36
-23.94
-9.97
1.79
9.64
13.47
14.75
15.86
18.75
23.94
30.17
35.06
36.43
33.49
27.19
19.64
13.12
9.1
8.13
10.13
14.94
22.44
32.24
43.13
52.85
58.5
57.52
48.83
33.49
14.67
-3.16
-15.52
-19.55
-15.11
-4.93
6.43
14.53
16.81
13.44
6.85
0.22
-4.2
-5.96
-6.27
-6.93
-9.18
-12.96
-16.97
-19.36
-18.56
-13.95
-6.11
3.59
13.35
21.7
27.69
30.82
30.73
27.01
19.4
8.48
-3.93
-14.81
-20.98
-20.54
-14.04
-4.4
4.26
8.58
7.35
1.8
-5.43
-11.87
-16.43
-19.43
-21.7
-23.39
-23.46
-20.11
-11.99
0.79
16.23
31.15
42.42
47.98
47.41
41.61
32.14
20.75
9.19
-0.65
-6.93
-8.36
-5.06
1.15
7.28
10.39
9
3.63
-3.74
-11.01
-17.13
-22.33
-27.31
-32.12
-35.65
-36.06
-32
-23.6
-12.75
-2.34
4.95
7.61
5.59
0.09
-6.94
-13.34
-17.24
-17.44
-13.74
-7.09
0.71
7.57
11.86
12.88
10.91
6.8
1.53
-4.13
-9.57
-14.08
-16.78
-16.89
-14.21
-9.41
-3.77
1.44
5.65
9.3
13.28
18.23
23.83
28.8
31.49
30.71
26.22
18.77
9.86
1.32
-4.92
-7.22
-4.8
1.67
9.87
16.54
18.77
15.5
8.13
-0.15
-6.07
-7.98
-6.53
-3.98
-2.57
-3.21
-5
-6.05
-4.86
-1.16
3.84
8.33
10.64
9.99
6.44
0.63
-6.36
-12.87
-16.54
-14.84
-6.13
9
27.25
43.35
52.21
51.06
40.65
24.66
7.78
-6.3
-16.13
-22.01
-24.93
-25.44
-23.29
-18
-9.54
1.28
13.09
24.56
34.92
44.04
51.98
58.45
62.45
62.42
56.93
45.63
29.79
12.16
-4.11
-16.8
-25.33
-30.89
-35.38
-40.29
-46.03
-51.94
-56.94
-60.3
-61.88
-61.84
-60.31
-57
-51.46
-43.54
-33.78
-23.53
-14.49
-8.11
-5
-4.72
-5.85
-6.48
-4.87
-0.01
7.96
17.69
27.11
34.1
37.2
35.96
30.88
23.03
13.62
3.55
-6.63
-16.56
-25.86
-34.01
-40.47
-44.91
-47.37
-48.22
-47.86
-46.39
-43.39
-38.12
-29.91
-18.7
-5.31
8.71
21.65
32.19
39.81
44.82
47.98
50.16
51.95
53.65
55.21
56.36
56.61
55.42
52.27
46.99
39.77
31.16
21.76
12
2
-8.18
-18.26
-27.63
-35.47
-41.06
-44.13
-44.92
-43.95
-41.73
-38.56
-34.56
-29.87
-24.81
-19.83
-15.32
-11.49
-8.33
-5.66
-3.21
-0.61
2.57
6.68
11.78
17.38
22.44
25.84
26.95
26
23.94
21.79
19.98
18.07
15.05
10.06
2.91
-5.88
-15.39
-24.78
-33.58
-41.54
-48.3
-53.34
-56.1
-56.35
-54.28
-50.5
-45.68
-40.16
-33.89
-26.48
-17.56
-7.08
4.5
16.21
26.89
35.6
41.94
46.26
49.43
52.29
55.12
57.43
58.04
55.65
49.52
39.79
27.54
14.43
2.17
-8.11
-16.05
-22.06
-27.02
-31.76
-36.65
-41.54
-45.8
-48.85
-50.51
-51.15
-51.47
-52.02
-52.69
-52.57
-50.39
-45.13
-36.69
-26.02
-14.78
-4.6
3.64
10
15.23
20.14
25.13
30.04
34.41
37.83
40.12
41.3
41.54
40.95
39.69
38.01
36.37
35.32
35.39
36.91
40.01
44.49
49.86
55.26
59.59
61.7
60.86
57.13
51.39
45
39.04
33.76
28.28
21.01
10.51
-3.69
-20.62
-38.16
-53.85
-65.74
-72.97
-75.72
-74.72
-70.71
-64.19
-55.55
-45.43
-34.97
-25.63
-18.7
-14.68
-12.95
-12.02
-10.24
-6.54
-0.96
5.47
11.26
15.15
16.44
15.07
11.36
5.66
-1.72
-10.57
-20.64
-31.6
-42.93
-54.03
-64.24
-72.86
-79.17
-82.47
-82.12
-77.7
-69.14
-56.84
-41.68
-24.98
-8.26
7.08
20.04
30.35
38.42
45.2
51.73
58.8
66.65
74.97
82.96
89.68
94.2
95.92
94.55
90.09
82.67
72.52
59.9
45.2
29.06
12.32
-4.13
-19.6
-33.82
-47
-59.69
-72.46
-85.6
-98.82
-111.29
-121.66
-128.41
-130.12
-125.9
-115.7
-100.4
-81.75
-61.85
-42.68
-25.57
-10.98
1.33
11.97
21.45
29.97
37.4
43.47
47.95
50.85
52.44
53.29
54.22
56.09
59.61
65.06
72.04
79.47
85.9
89.93
90.65
87.79
81.62
72.76
61.91
49.81
37.26
25.08
14.09
4.81
-2.59
-8.4
-13.12
-17.18
-20.82
-23.96
-26.43
-28.07
-29
-29.46
-29.88
-30.68
-32.1
-34.18
-36.77
-39.56
-42.14
-44.19
-45.48
-46.07
-46.24
-46.47
-47.17
-48.51
-50.23
-51.7
-52.05
-50.53
-46.77
-40.95
-33.79
-26.27
-19.31
-13.53
-9.1
-5.84
-3.4
-1.46
0.24
1.87
3.53
5.34
7.41
9.78
12.4
15.18
17.95
20.43
22.29
23.26
23.25
22.48
21.47
20.82
20.9
21.76
23.19
25.06
27.45
30.72
35.07
40.22
45.17
48.54
49.16
46.65
41.69
35.68
30.13
25.99
23.45
22
20.9
19.5
17.5
14.91
11.91
8.65
5.16
1.36
-2.84
-7.41
-12.27
-17.41
-22.96
-29.24
-36.45
-44.43
-52.36
-58.94
-62.82
-63.26
-60.49
-55.53
-49.76
-44.42
-40.2
-37.37
-35.95
-35.91
-37.22
-39.75
-43.06
-46.35
-48.56
-48.59
-45.53
-38.98
-29.19
-17.1
-4.08
8.38
19.18
27.86
34.57
39.82
44.17
47.96
51.29
54.03
55.96
56.77
56.17
54.03
50.46
45.79
40.53
35.2
30.12
25.45
21.17
17.2
13.43
9.74
5.99
2.11
-1.93
-5.99
-9.84
-13.12
-15.59
-17.11
-17.76
-17.73
-17.24
-16.51
-15.7
-14.85
-13.92
-12.74
-11.11
-8.85
-5.8
-1.88
2.89
8.21
13.46
17.67
19.87
19.5
16.75
12.74
9.15
7.67
9.35
14.46
22.45
32.26
42.35
50.76
55.21
53.66
45.2
30.71
13.02
-3.95
-16.53
-22.72
-22.73
-18.51
-12.51
-6.49
-0.9
4.81
11.47
19.45
28.46
37.81
46.95
55.7
64.19
72.56
80.5
87.25
91.75
93.1
90.84
85
76.05
64.69
51.68
37.92
24.39
12.22
2.55
-3.74
-6.26
-5.37
-2.1
2.13
5.89
8.19
8.62
7.15
3.96
-0.82
-7.07
-14.55
-22.78
-31.15
-39.03
-45.99
-51.82
-56.5
-59.96
-62.12
-62.83
-62.03
-59.84
-56.58
-52.74
-48.83
-45.39
-42.82
-41.28
-40.56
-40
-38.73
-35.91
-31.09
-24.48
-16.92
-9.62
-3.87
-0.52
0.34
-0.53
-1.65
-1.23
2.11
8.78
17.89
27.42
34.95
38.48
36.96
30.6
20.53
8.55
-3.32
-13.06
-18.98
-20.15
-16.81
-10.55
-3.94
0.41
0.88
-2.55
-8.53
-15.14
-20.77
-24.58
-26.41
-26.29
-24.15
-19.9
-13.69
-6.21
1.35
7.71
11.9
13.56
12.9
10.4
6.59
1.97
-2.93
-7.47
-10.97
-12.88
-12.98
-11.48
-8.93
-6.01
-3.28
-1.05
0.7
2.14
3.45
4.65
5.53
5.71
4.74
2.38
-1.32
-5.94
-10.8
-15.26
-18.93
-21.84
-24.22
-26.28
-27.92
-28.63
-27.68
-24.49
-18.91
-11.42
-2.91
5.54
12.88
18.26
21.12
21.39
19.83
18.24
19.13
24.83
36.23
51.82
67.74
78.82
80.44
70.32
49.34
21.09
-9.42
-37.35
-59.23
-73.19
-78.89
-77.07
-69.2
-57.28
-43.65
-30.73
-20.69
-15.09
-14.51
-18.38
-25.05
-32.11
-37.03
-37.88
-33.91
-25.7
-14.88
-3.39
7.27
16.44
24.33
31.52
38.38
44.74
49.86
52.74
52.61
49.21
42.95
34.8
26.06
18.13
12.28
9.4
9.71
12.68
17.02
20.98
22.93
21.79
17.31
10.11
1.28
-7.91
-16.34
-23.21
-28.04
-30.63
-31.03
-29.55
-26.61
-22.71
-18.28
-13.61
-8.86
-4.11
0.54
4.97
9
12.45
15.15
16.91
17.66
17.38
16.26
14.61
12.81
11.16
9.79
8.64
7.54
6.35
5.03
3.68
2.37
1.15
-0.08
-1.44
-3.12
-5.26
-7.95
-11.22
-15
-19.06
-23.02
-26.36
-28.54
-29.18
-28.14
-25.54
-21.7
-17
-11.78
-6.28
-0.69
4.8
9.97
14.53
18.23
20.85
22.27
22.58
22.06
21.11
20.17
19.55
19.33
19.33
19.21
18.66
17.54
15.91
14.02
12.21
10.72
9.72
9.15
8.77
8.15
6.7
3.91
-0.46
-6.1
-12.15
-17.26
-19.98
-19.14
-14.23
-5.5
6.12
19.19
32.06
43.06
50.79
54.3
53.29
48.13
39.74
29.39
18.35
7.69
-1.87
-9.98
-16.55
-21.7
-25.7
-28.81
-31.22
-32.96
-33.88
-33.72
-32.27
-29.52
-25.67
-20.96
-15.58
-9.62
-3.09
3.89
10.95
17.45
22.65
25.91
26.96
25.91
23.23
19.51
15.28
10.89
6.53
2.31
-1.67
-5.27
-8.32
-10.72
-12.49
-13.77
-14.77
-15.67
-16.49
-17.14
-17.49
-17.59
-17.67
-18.14
-19.37
-21.46
-24.14
-26.81
-28.84
-29.76
-29.57
-28.65
-27.58
-26.9
-26.86
-27.47
-28.44
-29.29
-29.42
-28.15
-24.89
-19.22
-11.16
-1.17
9.75
20.36
29.45
36.23
40.58
43.01
44.49
45.99
48.09
50.76
53.28
54.62
53.84
50.61
45.46
39.89
35.97
35.71
40.27
49.24
60.48
70.6
75.96
74
64.16
48.13
29.33
11.76
-1.33
-8.3
-9.37
-6.28
-1.55
2.28
3.32
0.8
-4.63
-11.1
-16.02
-17.1
-13.34
-5.59
3.59
10.98
13.98
11.66
5.05
-3.57
-11.64
-17.39
-20.04
-19.74
-16.98
-12.36
-6.45
-0.1
5.54
9.07
9.26
5.65
-1.32
-10.26
-19.3
-26.76
-31.65
-33.87
-34.09
-33.31
-32.38
-31.77
-31.47
-31.21
-30.8
-30.26
-29.93
-30.34
-31.85
-34.34
-37.15
-39.25
-39.7
-38.17
-35.08
-31.45
-28.28
-26.12
-24.71
-23.36
-21.35
-18.43
-14.96
-11.59
-8.81
-6.65
-4.7
-2.42
0.38
3.46
6.25
8.11
8.76
8.34
7.35
6.36
5.82
5.83
6.27
6.87
7.4
7.73
7.89
8.01
8.16
8.29
8.2
7.65
6.61
5.36
4.43
4.34
5.21
6.62
7.74
7.73
6.2
3.42
0.2
-2.47
-3.91
-3.97
-2.99
-1.47
0.12
1.54
2.74
3.68
4.3
4.55
4.39
3.92
3.37
3.01
3.03
3.48
4.18
4.84
5.22
5.21
4.92
4.59
4.5
4.8
5.49
6.33
7.02
7.31
7.08
6.42
5.55
4.63
3.79
3.05
2.38
1.78
1.3
0.97
0.79
0.68
0.51
0.17
-0.39
-1.17
-2.14
-3.3
-4.66
-6.23
-7.98
-9.81
-11.59
-13.13
-14.3
-14.97
-15.2
-15.12
-15.04
-15.2
-15.81
-16.82
-18.07
-19.35
-20.41
-21.25
-21.98
-22.87
-24.13
-25.83
-27.82
-29.74
-31.1
-31.32
-29.84
-26.12
-19.75
-10.63
0.77
13.27
25.06
34.13
38.88
38.68
34.01
26.24
17.1
8.05
-0.02
-6.78
-12.27
-16.65
-20.11
-22.81
-24.92
-26.56
-27.77
-28.45
-28.45
-27.69
-26.24
-24.37
-22.28
-19.91
-16.9
-12.59
-6.38
2.02
12.31
23.76
35.37
46.09
54.91
61.02
63.75
62.74
57.99
49.93
39.37
27.35
14.9
2.95
-7.74
-16.59
-23.24
-27.67
-30.34
-32.07
-33.88
-36.59
-40.54
-45.41
-50.37
-54.36
-56.54
-56.43
-54.09
-49.92
-44.47
-38.19
-31.28
-23.8
-15.68
-6.94
2.2
11.36
19.99
27.51
33.37
37.12
38.43
37.29
33.96
29.15
23.8
18.9
15.24
13.13
12.4
12.39
12.04
10.21
5.92
-1.29
-11.13
-22.56
-34.03
-43.79
-50.35
-52.71
-50.42
-43.59
-32.86
-19.45
-5.02
8.67
20.23
29.1
35.61
40.63
44.88
48.4
50.46
50.05
46.52
40.27
32.73
25.9
21.39
19.67
19.82
19.98
18.3
13.64
5.99
-3.83
-14.73
-25.82
-36.52
-46.32
-54.31
-59.01
-58.73
-52.09
-38.86
-20.13
1.92
24.53
45.06
61.41
72.17
76.64
74.9
67.76
56.78
44.12
32.07
22.58
16.74
14.56
15.02
16.44
16.99
15.13
10.04
1.75
-8.8
-20.18
-30.97
-40.27
-47.81
-53.74
-58.1
-60.41
-59.71
-54.95
-45.76
-32.97
-18.47
-4.7
6.29
13.49
17.2
18.51
18.68
18.5
18.05
16.97
14.74
11.01
5.76
-0.68
-7.64
-14
-18.26
-18.79
-14.36
-4.85
8.51
23.28
36.81
47.2
54.04
58.23
61.09
63.38
64.55
63.02
57.1
46.09
30.88
13.75
-2.56
-15.91
-25.26
-30.56
-32.14
-30.19
-24.71
-16.06
-5.41
5.08
12.81
15.66
12.82
5.13
-5.35
-16.17
-25.34
-31.83
-35.55
-37.1
-37.34
-37.24
-37.73
-39.69
-43.8
-50.31
-58.82
-68.16
-76.69
-82.68
-84.81
-82.35
-75.26
-63.96
-49.06
-31.6
-13.22
3.86
17.49
26.48
31.4
34.44
38.49
45.75
56.78
70.43
84.64
97.55
108.18
116.41
122.45
126.28
127.62
126.23
122.27
116.49
109.99
103.71
98.13
93.12
88.06
81.9
73.5
62.07
47.55
30.63
12.5
-5.56
-22.5
-37.58
-50.01
-58.85
-63.04
-61.94
-55.92
-46.66
-36.86
-29.49
-26.76
-29.44
-36.68
-46.4
-56.05
-63.38
-66.81
-65.7
-60.42
-52.28
-43.26
-35.52
-30.66
-29.26
-30.62
-33.04
-34.44
-33.17
-28.59
-21.19
-12.23
-3.17
4.89
11.33
15.92
18.42
18.51
15.85
10.4
2.67
-6.26
-14.94
-21.96
-26.28
-27.33
-25.05
-19.87
-12.71
-5.07
1.21
4.35
3.27
-1.88
-9.62
-17.55
-23.16
-24.79
-22.1
-16.16
-9
-2.93
0.18
-0.74
-5.78
-14.11
-24.31
-34.64
-43.39
-49.26
-51.49
-50.03
-45.43
-38.69
-30.93
-23.22
-16.38
-10.86
-6.81
-4.09
-2.37
-1.24
-0.31
0.75
2.16
4.06
6.45
9.17
11.84
13.94
14.9
14.38
12.39
9.29
5.65
2
-1.4
-4.56
-7.64
-10.74
-13.76
-16.43
-18.4
-19.46
-19.7
-19.53
-19.61
-20.53
-22.67
-25.86
-29.49
-32.72
-34.66
-34.68
-32.44
-27.92
-21.35
-13.26
-4.55
3.54
9.74
13.1
13.36
11.14
7.67
4.18
1.41
-0.73
-2.97
-6.19
-10.74
-16.09
-20.81
-23.07
-21.5
-15.8
-6.97
3.02
11.95
18.14
20.93
20.75
18.73
16.2
14.24
13.43
13.92
15.61
18.31
21.81
25.81
29.86
33.43
35.98
37.15
37.01
36.1
35.31
35.6
37.68
41.68
47.04
52.65
57.03
58.7
56.59
50.36
40.49
28.35
15.93
5.42
-1.31
-3.42
-1.26
3.58
8.78
11.85
10.67
4.02
-8.18
-24.79
-43.5
-61.21
-74.61
-80.86
-78.43
-67.59
-50.53
-30.83
-12.43
1.48
9.26
10.98
8.12
2.76
-3.16
-8.29
-11.94
-13.82
-13.76
-11.55
-7.26
-1.3
5.49
12.08
17.6
21.57
23.96
24.99
24.86
23.62
21.22
17.74
13.43
8.81
4.36
0.36
-3.36
-7.19
-11.42
-15.8
-19.4
-20.86
-18.99
-13.43
-5.08
4.02
11.47
15.36
15.16
11.83
7.33
3.74
2.34
3.25
5.71
8.75
11.76
14.72
17.9
21.44
25.06
28.08
29.83
29.97
28.56
25.98
22.58
18.58
14.05
9.04
3.77
-1.4
-5.93
-9.39
-11.46
-12.17
-11.82
-10.97
-10.32
-10.38
-11.33
-12.85
-14.25
-14.71
-13.71
-11.31
-8.12
-5.17
-3.37
-3.1
-3.95
-4.8
-4.14
-0.76
5.79
14.96
25.18
34.27
39.93
40.28
34.32
22.35
6
-11.96
-28.32
-40.4
-46.8
-47.89
-45.5
-42.21
-40.32
-41.21
-45.03
-50.97
-57.61
-62.99
-64.85
-60.91
-49.49
-30.32
-5.04
22.95
49.33
70.1
82.79
87
84.14
76.7
67.27
57.85
49.52
42.55
36.66
31.34
26.07
20.41
14.05
6.82
-1.21
-9.54
-17.14
-22.7
-25.14
-24.22
-20.83
-16.65
-13.42
-12.24
-13.15
-15.46
-18.3
-21.1
-23.79
-26.38
-28.6
-29.68
-28.72
-25.23
-19.65
-13.27
-7.73
-4.29
-3.32
-4.36
-6.62
-9.57
-13.2
-17.66
-22.71
-27.29
-29.58
-27.71
-20.66
-8.87
5.78
20.73
33.6
42.93
48.37
50.37
49.72
47.19
43.38
38.81
33.97
29.42
25.61
22.78
20.86
19.56
18.5
17.38
16.13
14.85
13.83
13.31
13.4
14
14.8
15.43
15.59
15.18
14.27
13.15
12.19
11.77
12.24
13.78
16.18
18.8
20.54
20.24
17.13
11.22
3.46
-4.55
-11.1
-14.87
-15.35
-12.81
-8.12
-2.5
2.72
6.37
7.64
6.31
2.83
-1.8
-6.38
-9.96
-12.11
-12.99
-13.09
-12.98
-13
-13.22
-13.39
-13.16
-12.23
-10.41
-7.71
-4.24
-0.29
3.78
7.56
10.67
12.89
14.35
15.58
17.44
20.75
25.93
32.68
40.04
46.68
51.44
53.81
54.1
53.19
52.17
51.88
52.8
55.06
58.59
63.19
68.5
73.77
77.87
79.49
77.52
71.42
61.41
48.35
33.46
17.94
2.72
-11.68
-25.1
-37.61
-49.33
-60.17
-69.73
-77.32
-82.11
-83.62
-82
-78.4
-74.75
-73.32
-75.83
-82.73
-92.77
-103.07
-110.01
-110.11
-101.25
-83.36
-58.52
-30.46
-3.52
18.38
32.68
38.53
36.73
29.22
18.41
6.56
-4.48
-13.47
-19.73
-22.92
-23.15
-20.82
-16.65
-11.57
-6.55
-2.36
0.62
2.43
3.43
3.93
4.07
3.65
2.26
-0.44
-4.59
-9.92
-15.95
-22.08
-27.83
-32.86
-36.96
-39.97
-41.76
-42.18
-41.22
-39.01
-35.75
-31.8
-27.55
-23.44
-19.85
-16.93
-14.6
-12.52
-10.2
-7.19
-3.36
1.08
5.6
9.67
13
15.47
17.11
17.86
17.46
15.54
11.91
6.7
0.46
-6.04
-12.12
-17.29
-21.33
-24.13
-25.51
-25.25
-23.16
-19.39
-14.42
-9.03
-4.05
-0.03
2.85
4.83
6.35
7.84
9.52
11.35
13.12
14.6
15.72
16.52
17.2
17.92
18.76
19.72
20.84
22.17
23.87
26.07
28.8
31.85
34.78
36.91
37.49
35.85
31.58
24.73
15.88
6.1
-3.15
-10.34
-14.24
-14.25
-10.62
-4.42
2.64
8.75
12.39
12.76
9.86
4.36
-2.64
-10.01
-16.83
-22.51
-26.84
-29.83
-31.66
-32.49
-32.36
-31.23
-29.1
-26.14
-22.8
-19.73
-17.57
-16.63
-16.82
-17.69
-18.55
-18.83
-18.18
-16.63
-14.48
-12.16
-10.07
-8.34
-6.92
-5.69
-4.61
-3.88
-3.79
-4.56
-6.09
-7.91
-9.38
-9.94
-9.43
-8.14
-6.57
-5.26
-4.5
-4.44
-5.05
-6.34
-8.26
-10.72
-13.48
-16.14
-18.19
-19.11
-18.42
-15.88
-11.53
-5.81
0.48
6.39
11.15
14.39
16.33
17.56
18.76
20.39
22.61
25.3
28.26
31.34
34.36
37.14
39.44
40.93
41.29
40.36
38.13
34.79
30.62
26
21.3
16.83
12.71
8.97
5.53
2.36
-0.35
-2.27
-3.13
-2.77
-1.41
0.48
2.32
3.65
4.26
4.21
3.72
2.95
2.06
1.06
-0.05
-1.2
-2.27
-3.15
-3.73
-4.05
-4.18
-4.23
-4.29
-4.41
-4.6
-4.88
-5.35
-6.16
-7.51
-9.44
-11.9
-14.69
-17.48
-19.98
-22.03
-23.59
-24.82
-25.89
-26.92
-27.85
-28.45
-28.39
-27.44
-25.53
-22.84
-19.67
-16.45
-13.62
-11.58
-10.76
-11.47
-13.74
-17
-20.09
-21.38
-19.48
-13.82
-4.91
5.82
16.73
26.73
35.48
43.22
50.04
55.44
58.38
57.88
53.76
47.01
39.43
32.82
28.22
25.55
23.88
22.12
19.65
16.54
13.32
10.45
7.84
4.8
0.41
-5.89
-13.83
-22.22
-29.43
-33.97
-35.05
-32.91
-28.54
-23.24
-18.04
-13.51
-9.71
-6.44
-3.59
-1.19
0.58
1.57
1.83
1.7
1.74
2.44
4.04
6.31
8.71
10.59
11.56
11.61
11.22
10.93
11.19
12.03
13.16
14.05
14.19
13.38
11.77
9.82
8.01
6.76
6.13
6.01
6.17
6.38
6.58
6.74
6.86
6.86
6.64
6.2
5.62
5.09
4.77
4.79
5.09
5.54
6.11
6.95
8.48
11.2
15.57
21.77
29.53
38.11
46.39
53.04
56.82
56.73
52.3
43.71
31.81
18.07
4.28
-7.77
-16.65
-21.51
-22.17
-19.07
-13.14
-5.69
1.85
8.12
12.09
13.29
11.88
8.54
4.23
-0.12
-3.93
-6.99
-9.41
-11.48
-13.48
-15.51
-17.44
-18.9
-19.39
-18.51
-16.04
-12.08
-6.91
-0.97
5.21
10.98
15.61
18.38
18.78
16.61
12.19
6.21
-0.4
-6.76
-12.22
-16.46
-19.54
-21.79
-23.63
-25.33
-26.76
-27.41
-26.52
-23.54
-18.45
-11.95
-5.25
0.33
3.79
4.72
3.47
1.17
-0.46
0.52
5.49
14.61
26.32
37.65
45.15
46.13
39.57
26.39
9.03
-9.38
-25.75
-37.64
-43.33
-41.96
-33.24
-17.45
4.79
32.45
64.07
97.34
128.92
154.72
170.73
174.2
164.58
143.69
114.98
82.35
49.19
17.85
-10.07
-33.18
-50.09
-59.57
-61.18
-55.77
-45.6
-33.78
-23.43
-16.83
-14.9
-17.08
-21.43
-25.14
-25.15
-19
-5.58
14.22
37.64
60.76
79.71
91.85
96.28
93.75
85.99
74.93
62.27
49.43
37.64
27.9
20.94
16.93
15.43
15.37
15.45
14.47
11.71
6.97
0.43
-7.55
-16.65
-26.64
-37.34
-48.42
-59.26
-68.84
-75.89
-79.13
-77.69
-71.48
-61.47
-49.48
-37.63
-27.67
-20.49
-16.13
-14.34
-15.07
-18.93
-26.73
-38.8
-54.15
-70.4
-84.54
-94.1
-98.39
-98.54
-96.83
-95.3
-94.67
-94.11
-91.94
-86.8
-78.37
-67.51
-55.48
-43.23
-30.96
-18.42
-5.58
6.77
17.16
24.02
26.5
25.04
21.2
16.91
13.71
12.13
11.81
11.88
11.6
10.53
8.61
5.98
2.73
-1.06
-5.34
-9.89
-14.36
-18.31
-21.42
-23.64
-25.1
-26.11
-26.93
-27.77
-28.74
-29.9
-31.33
-33.09
-35.16
-37.44
-39.68
-41.52
-42.65
-42.78
-41.78
-39.57
-36.02
-31.09
-24.75
-17.34
-9.5
-2.28
3.21
6.16
6.38
4.4
1.17
-2.19
-4.89
-6.59
-7.36
-7.61
-7.85
-8.67
-10.6
-13.98
-18.69
-24.01
-28.64
-31.04
-29.95
-24.88
-16.49
-6.33
3.57
11.43
16.31
18.23
18.01
16.67
15.04
13.47
11.94
10.31
8.59
6.92
5.41
4.02
2.44
0.34
-2.39
-5.45
-8.29
-10.39
-11.51
-11.79
-11.64
-11.48
-11.55
-11.89
-12.37
-12.9
-13.42
-13.92
-14.37
-14.65
-14.58
-13.95
-12.57
-10.31
-7.2
-3.38
0.9
5.27
9.27
12.39
14.19
14.43
13.14
10.67
7.54
4.32
1.48
-0.54
-1.28
-0.15
3.39
9.56
18.03
27.69
36.86
43.72
46.89
45.74
40.53
32.24
22.34
12.7
5.14
0.93
0.21
1.49
1.99
-1.45
-10.87
-26.19
-44.9
-62.95
-76.27
-82.06
-79.38
-68.53
-50.23
-25.03
6.4
42.55
80.44
116.01
145.03
164.37
172.81
170.98
160.56
143.45
121.42
96.08
69.41
43.82
21.69
4.69
-6.85
-14.04
-18.68
-22.53
-26.56
-30.83
-34.74
-37.56
-38.89
-38.7
-37.2
-34.44
-30.25
-24.39
-16.91
-8.41
-0.02
7.06
12.01
14.71
15.79
16.09
16.25
16.34
15.92
14.34
11.17
6.49
0.82
-4.98
-10.05
-13.79
-15.86
-16.29
-15.32
-13.46
-11.22
-9.05
-7.19
-5.63
-4.28
-3.07
-2.08
-1.52
-1.64
-2.45
-3.77
-5.21
-6.37
-7
-7.08
-6.71
-6.05
-5.25
-4.44
-3.92
-4.06
-5.19
-7.47
-10.76
-14.76
-19.22
-24.12
-29.63
-35.93
-42.93
-50.1
-56.63
-61.76
-65.05
-66.47
-66.23
-64.54
-61.51
-57.23
-51.86
-45.85
-39.77
-34.08
-28.88
-23.73
-17.85
-10.47
-1.24
9.57
20.99
31.74
40.59
46.62
49.44
49.19
46.4
41.87
36.52
31.34
27.2
24.75
24.13
24.95
26.42
27.53
27.43
25.71
22.41
18.07
13.56
9.82
7.66
7.39
8.66
10.5
11.65
10.87
7.5
1.63
-6.05
-14.45
-22.57
-29.7
-35.5
-39.75
-42.26
-42.8
-41.25
-37.81
-33.05
-27.88
-23.22
-19.73
-17.56
-16.33
-15.18
-13.04
-8.81
-1.69
8.5
20.95
33.9
44.95
51.86
53.41
50.01
43.51
36.54
31.43
29.41
30.47
33.71
37.94
42.11
45.45
47.38
47.48
45.6
42.01
37.43
32.78
28.68
25.09
21.29
16.15
8.74
-1.2
-13
-25.27
-36.35
-44.75
-49.42
-49.83
-46.13
-38.99
-29.57
-19.31
-9.72
-2.11
2.56
3.86
1.78
-3.32
-10.85
-19.82
-28.78
-35.86
-39.39
-38.54
-33.89
-27.35
-21.3
-17.37
-15.67
-14.93
-13.38
-9.99
-5.07
-0.02
3.56
4.83
4.1
2.38
0.55
-1.19
-3.24
-6.06
-9.57
-13.06
-15.47
-16.05
-14.88
-12.85
-11.43
-11.93
-15.06
-20.56
-27.39
-34.16
-39.61
-42.94
-43.92
-42.66
-39.37
-34.24
-27.49
-19.48
-10.87
-2.47
5.08
11.63
17.74
24.36
32.35
41.96
52.56
62.79
70.98
75.53
75.39
70.24
60.65
48.03
34.4
21.96
12.58
7.33
6.19
8.11
11.45
14.45
15.71
14.58
11.28
6.87
2.95
1.1
2.33
6.56
12.41
17.52
19.48
16.68
9.17
-1.14
-11.06
-17.1
-16.81
-9.62
2.86
17.29
29.67
36.58
36.27
29.1
17.45
4.92
-4.78
-9.05
-7.24
-0.84
7.13
13.2
14.65
10.42
1.38
-9.98
-20.41
-26.96
-27.89
-23.16
-14.47
-4.65
3.2
6.7
5
-1.12
-9.55
-17.6
-22.77
-23.39
-18.78
-9.26
3.97
19.1
33.95
46.29
54.35
57.24
55.18
49.47
42
34.6
28.45
23.79
20.1
16.53
12.43
7.65
2.56
-2.24
-6.19
-8.94
-10.43
-10.72
-10
-8.49
-6.6
-4.86
-3.92
-4.33
-6.3
-9.62
-13.72
-17.89
-21.51
-24.26
-25.92
-26.36
-25.37
-22.56
-17.62
-10.41
-1.3
8.85
18.79
27.27
33.4
36.97
38.41
38.69
39.07
40.72
44.5
50.54
58.21
66.15
72.7
76.36
76.12
71.72
63.57
52.51
39.63
26.12
13.31
2.57
-4.96
-8.84
-9.59
-8.58
-7.53
-7.8
-9.85
-13.24
-16.98
-20.08
-21.94
-22.44
-21.87
-20.72
-19.6
-19.11
-19.88
-22.34
-26.58
-32.23
-38.43
-43.99
-47.59
-48.04
-44.48
-36.68
-25.2
-11.42
2.73
15.25
24.49
29.56
30.3
27.15
20.81
12.15
2.1
-8.33
-18.1
-26.38
-32.68
-36.89
-39.09
-39.47
-38.14
-35.27
-31.26
-26.88
-23.09
-20.74
-20.15
-20.97
-22.37
-23.46
-23.69
-23
-21.63
-19.84
-17.68
-15.03
-11.85
-8.36
-5.13
-2.8
-1.82
-2.2
-3.62
-5.5
-7.35
-8.87
-9.96
-10.62
-10.88
-10.74
-10.16
-9.17
-7.82
-6.24
-4.6
-3.07
-1.81
-0.96
-0.65
-0.89
-1.57
-2.41
-3.11
-3.41
-3.2
-2.57
-1.78
-1.14
-0.9
-1.14
-1.77
-2.62
-3.45
-4.06
-4.36
-4.34
-4.04
-3.5
-2.75
-1.73
-0.39
1.27
3.16
5.12
6.94
8.41
9.39
9.76
9.54
8.97
8.6
9.26
11.65
15.99
21.64
27.09
30.47
30.15
25.28
16.08
3.6
-10.66
-25.15
-38.41
-49.27
-56.79
-60.41
-59.89
-55.4
-47.38
-36.52
-23.74
-10.2
2.65
13.36
20.72
24.17
23.9
20.76
15.95
10.57
5.37
0.62
-3.67
-7.52
-10.87
-13.46
-15.06
-15.55
-15.03
-13.69
-11.69
-9.1
-5.88
-2.11
1.92
5.65
8.52
10.12
10.45
9.88
9
8.4
8.52
9.57
11.55
14.33
17.66
21.21
24.62
27.52
29.7
31.01
31.43
30.93
29.47
27.02
23.61
19.38
14.56
9.45
4.36
-0.44
-4.76
-8.52
-11.81
-14.96
-18.53
-23.09
-28.88
-35.59
-42.2
-47.23
-49.27
-47.47
-41.79
-33.1
-22.74
-12.1
-2.22
6.34
13.52
19.52
24.74
29.51
34.07
38.45
42.39
45.36
46.69
45.77
42.3
36.39
28.65
19.96
11.36
3.85
-1.76
-4.97
-5.59
-3.83
-0.28
4.15
8.31
11.2
12.15
11.12
8.69
5.84
3.54
2.36
2.38
3.16
4.12
4.71
4.7
4.02
2.76
0.94
-1.45
-4.27
-7.26
-9.96
-11.97
-13.04
-13.22
-12.75
-11.94
-11.1
-10.32
-9.67
-9.11
-8.6
-8.05
-7.35
-6.42
-5.2
-3.82
-2.45
-1.36
-0.69
-0.47
-0.53
-0.66
-0.68
-0.53
-0.32
-0.17
-0.15
-0.24
-0.33
-0.33
-0.2
0.04
0.31
0.42
0.25
-0.35
-1.48
-3.18
-5.4
-7.96
-10.55
-12.78
-14.36
-15.09
-15.03
-14.41
-13.56
-12.8
-12.3
-12.13
-12.26
-12.65
-13.25
-14.01
-14.91
-15.85
-16.75
-17.5
-17.98
-18.02
-17.46
-16.11
-13.97
-11.24
-8.36
-5.79
-3.83
-2.41
-1.09
0.65
3.12
6.18
9.34
11.94
13.54
14.08
13.85
13.21
12.54
12.1
12.16
13.18
15.76
20.33
26.83
34.54
42
47.58
49.95
48.59
43.85
36.66
27.98
18.63
9.3
0.85
-5.5
-8.38
-6.87
-1.08
7.51
16.45
23.18
25.99
24.56
19.91
13.84
8.1
3.91
1.7
1.22
1.89
3.05
4.2
5.16
6.02
6.98
8.19
9.59
11.03
12.21
12.98
13.26
13.07
12.41
11.21
9.33
6.68
3.44
0.05
-2.84
-4.57
-4.76
-3.42
-0.98
1.87
4.44
6.31
7.32
7.67
7.65
7.54
7.48
7.44
7.33
7.09
6.72
6.28
5.84
5.46
5.12
4.8
4.38
3.72
2.66
1
-1.55
-5.1
-9.66
-15.01
-20.69
-26.23
-31.23
-35.46
-38.84
-41.34
-42.82
-42.99
-41.56
-38.32
-33.37
-27.09
-20.15
-13.33
-7.36
-2.82
-0.05
0.93
0.43
-0.97
-2.58
-3.79
-4.33
-4.3
-4.22
-4.76
-6.4
-9.07
-12.1
-14.31
-14.45
-11.8
-6.51
0.39
7.26
12.44
14.86
14.33
11.56
7.72
3.91
0.76
-1.59
-3.29
-4.37
-4.68
-3.93
-1.99
0.9
4.14
6.99
8.98
10.01
10.32
10.17
9.53
8.14
5.7
2.23
-1.81
-5.59
-8.25
-9.14
-8.05
-5.19
-1.05
3.85
9.09
14.46
19.9
25.37
30.79
35.94
40.54
44.19
46.49
47.03
45.55
41.86
35.99
28.2
18.98
9.14
-0.38
-8.72
-15.29
-19.95
-23
-24.95
-26.26
-27.16
-27.6
-27.48
-26.9
-26.25
-26.14
-27.13
-29.38
-32.45
-35.47
-37.38
-37.42
-35.34
-31.46
-26.45
-21.13
-16.17
-11.98
-8.66
-6.02
-3.74
-1.46
1.09
3.97
7.02
10.02
12.69
14.85
16.42
17.35
17.62
17.52
17.76
19.42
23.58
30.69
40.17
50.45
59.5
65.57
67.82
66.25
61.19
52.89
41.35
26.77
10.15
-6.45
-20.29
-28.84
-30.83
-26.74
-18.58
-9.01
-0.43
5.69
8.9
9.52
8.09
5.12
1
-3.92
-9.13
-13.93
-17.59
-19.58
-19.84
-18.8
-17.23
-15.8
-14.82
-14.18
-13.49
-12.44
-10.99
-9.41
-8.08
-7.28
-7.04
-7.14
-7.33
-7.36
-7.09
-6.4
-5.18
-3.49
-1.55
0.15
0.99
0.42
-1.76
-5.21
-8.99
-11.77
-12.33
-9.98
-5.03
1.28
7.1
10.63
10.78
7.53
1.89
-4.55
-10.22
-14.06
-15.71
-15.42
-13.71
-11.17
-8.31
-5.54
-3.23
-1.72
-1.18
-1.5
-2.16
-2.3
-1.02
2.28
7.61
14.33
21.44
27.92
33.02
36.55
38.73
40.02
40.83
41.33
41.3
40.25
37.62
33.03
26.67
19.31
12.33
7.38
5.84
8.29
14.3
22.31
30.04
35.05
35.39
30.18
19.9
6.29
-7.97
-19.97
-27.33
-28.65
-23.87
-14.24
-1.93
10.54
20.78
27.02
28.43
25.26
18.87
11.33
4.72
0.4
-1.5
-2.07
-3.18
-6.73
-13.99
-25.13
-39.15
-54.03
-67.27
-76.29
-79.07
-74.59
-63.11
-46.33
-26.88
-7.89
7.82
18.38
23.04
22.25
17.34
10.07
2.08
-5.41
-11.72
-16.69
-20.41
-23.07
-24.83
-25.8
-26.09
-25.88
-25.36
-24.56
-23.32
-21.18
-17.61
-12.26
-5.21
2.93
11.11
18.31
23.87
27.69
30.13
31.63
32.4
32.31
31.11
28.77
25.75
22.92
21.16
20.92
22.07
24.01
26.08
27.94
29.63
31.31
32.99
34.38
35.02
34.58
33.03
30.78
28.4
26.4
25.01
24.14
23.53
22.85
21.83
20.33
18.32
15.86
13.05
9.94
6.58
3
-0.73
-4.52
-8.27
-11.88
-15.25
-18.28
-20.83
-22.76
-23.99
-24.55
-24.6
-24.44
-24.32
-24.42
-24.71
-25.09
-25.45
-25.75
-26.07
-26.49
-27.05
-27.63
-28.05
-28.14
-27.85
-27.29
-26.71
-26.41
-26.56
-27.22
-28.3
-29.57
-30.75
-31.61
-31.97
-31.78
-31.12
-30.2
-29.24
-28.46
-28.06
-28.09
-28.42
-28.7
-28.32
-26.55
-22.84
-16.99
-9.41
-1.03
7
13.65
18.42
21.35
22.89
23.61
23.85
23.71
23.14
22.11
20.79
19.53
18.71
18.52
18.83
19.27
19.38
18.86
17.75
16.31
14.93
13.81
12.91
11.94
10.48
8.24
5.19
1.61
-2.11
-5.51
-8.38
-10.73
-12.78
-14.92
-17.42
-20.43
-23.9
-27.57
-31.05
-33.9
-35.73
-36.42
-36.21
-35.71
-35.63
-36.51
-38.37
-40.67
-42.42
-42.61
-40.46
-35.74
-28.75
-20.18
-11.01
-2.29
4.93
9.76
11.67
10.6
6.9
1.23
-5.63
-12.93
-19.89
-25.71
-29.69
-31.29
-30.43
-27.5
-23.28
-18.67
-14.27
-10.16
-5.89
-0.64
6.57
16.6
29.98
46.59
65.46
84.66
101.62
113.65
118.7
115.9
105.75
89.78
70.13
49.06
28.67
10.91
-2.56
-10.65
-13.04
-10.48
-4.68
2.19
8.06
11.52
11.94
9.48
4.74
-1.41
-8.1
-14.48
-19.86
-23.79
-26.11
-27.03
-26.95
-26.29
-25.28
-24.06
-22.62
-20.98
-19.24
-17.48
-15.7
-13.74
-11.51
-9.07
-6.91
-5.81
-6.66
-10.07
-15.91
-23.18
-30.23
-35.35
-37.49
-36.68
-34.1
-31.56
-30.83
-32.97
-38.04
-45.05
-52.38
-58.06
-60.26
-57.56
-49.26
-35.64
-17.98
1.52
20.33
36.11
47.28
53.34
54.77
52.75
48.72
44.03
39.6
35.91
33.03
30.74
28.76
26.81
24.65
22.08
19.01
15.37
11.27
6.97
2.94
-0.18
-1.83
-1.64
0.39
3.9
8.39
13.36
18.47
23.47
28.08
31.88
34.24
34.59
32.6
28.43
22.78
16.61
10.83
6.04
2.42
-0.19
-2.09
-3.56
-4.79
-5.79
-6.57
-7.09
-7.41
-7.64
-7.99
-8.7
-10
-12.07
-14.92
-18.49
-22.64
-27.2
-31.92
-36.34
-39.7
-41.1
-39.67
-34.92
-27.01
-16.86
-5.99
3.81
10.9
14.18
13.37
9.07
2.74
-3.6
-7.8
-8.11
-3.71
4.8
15.47
25.44
31.72
32.38
27.19
17.86
7.44
-0.8
-4.58
-3.42
1.38
7.29
11.71
12.87
10.38
5.27
-0.66
-5.34
-7.13
-5.16
0.6
9.44
20.09
30.98
40.53
47.39
50.64
50.05
46.09
39.87
32.98
27.1
23.51
22.79
24.59
27.74
30.66
31.85
30.37
26.2
20.19
13.77
8.37
4.8
2.74
0.73
-3.28
-11.04
-23.11
-38.36
-54.24
-67.68
-76.1
-78.27
-74.44
-65.91
-54.42
-41.66
-29.01
-17.66
-8.54
-2.23
1.2
2.34
2.28
2.18
2.81
4.3
6.03
7.03
6.44
3.85
-0.48
-5.72
-10.85
-14.95
-17.51
-18.58
-18.73
-18.67
-19.03
-19.97
-21.15
-21.79
-20.9
-17.65
-11.81
-4.06
4.03
10.36
13.06
11.21
5.22
-3.4
-12.76
-21.39
-28.65
-34.66
-39.8
-44.18
-47.33
-48.48
-46.88
-42.15
-34.48
-24.41
-12.78
-0.56
11.3
21.96
30.78
37.47
42.15
45.32
47.73
50.15
53.22
57.37
62.84
69.54
77.03
84.43
90.46
93.7
92.92
87.51
77.79
64.92
50.53
36.19
22.88
10.76
-0.65
-12.05
-23.96
-36.34
-48.56
-59.52
-67.98
-72.92
-73.76
-70.55
-63.9
-54.82
-44.44
-33.76
-23.41
-13.7
-4.68
3.61
10.93
16.83
20.7
22.01
20.55
16.63
11.16
5.59
1.7
1.06
4.39
11.17
19.56
27
31.12
30.52
25.08
15.68
3.52
-10.26
-24.74
-38.92
-51.51
-61
-66.01
-65.95
-61.24
-53.27
-43.8
-34.44
-26.21
-19.48
-14.14
-9.84
-6.34
-3.57
-1.71
-0.95
-1.34
-2.56
-4.07
-5.17
-5.34
-4.44
-2.67
-0.44
1.89
4.23
6.77
9.83
13.61
18.08
22.93
27.78
32.32
36.35
39.67
41.92
42.43
40.47
35.54
27.8
18.26
8.57
0.46
-4.81
-6.84
-6.03
-3.26
0.55
4.65
8.54
11.79
14.07
15.08
14.73
13.18
10.96
8.72
7.03
6.28
6.51
7.54
9.03
10.64
12.12
13.35
14.32
15.01
15.43
15.45
14.97
13.91
12.31
10.43
8.6
7.17
6.35
6.18
6.49
7.05
7.72
8.45
9.28
10.24
11.23
12.01
12.3
11.91
10.85
9.37
7.79
6.35
5.17
4.13
3.13
2.1
1.11
0.31
-0.06
0.17
1.1
2.68
4.69
6.81
8.65
9.81
10.05
9.35
7.96
6.28
4.81
4.01
4.18
5.36
7.16
8.86
9.55
8.53
5.66
1.43
-3.1
-6.84
-9.09
-9.83
-9.58
-9.02
-8.61
-8.28
-7.61
-6.17
-3.85
-0.94
1.88
3.86
4.48
3.63
1.65
-0.85
-3.26
-5.18
-6.46
-7.28
-7.85
-8.41
-9.09
-9.94
-10.88
-11.66
-11.77
-10.58
-7.68
-3.27
1.57
5.05
5.25
1.04
-7.31
-18.08
-28.8
-37.22
-42.16
-43.76
-43.14
-41.65
-40.28
-39.29
-38.5
-37.63
-36.71
-36.12
-36.3
-37.47
-39.31
-41.02
-41.59
-40.23
-36.64
-31.11
-24.43
-17.58
-11.55
-7.09
-4.6
-3.98
-4.64
-5.6
-5.7
-4.05
-0.29
5.19
11.47
17.42
22.07
24.92
25.93
25.38
23.66
21.1
17.96
14.5
10.98
7.57
4.3
1
-2.64
-6.8
-11.4
-15.94
-19.64
-21.72
-21.75
-19.75
-16.08
-11.18
-5.39
1.17
8.35
15.92
23.33
29.93
35.24
39.13
41.82
43.56
44.3
43.62
40.95
35.97
28.93
20.61
11.94
3.64
-3.96
-10.87
-17.11
-22.58
-27.08
-30.46
-32.65
-33.68
-33.29
-30.91
-25.88
-17.99
-7.9
2.75
11.89
17.77
19.63
17.86
13.76
8.79
4.16
0.49
-2.07
-3.63
-4.38
-4.49
-4.19
-3.77
-3.64
-4.08
-5.1
-6.28
-6.85
-5.98
-3.22
1.18
6.2
10.33
12.15
10.81
6.27
-0.72
-9.07
-17.74
-26.02
-33.52
-40.05
-45.44
-49.56
-52.34
-53.81
-54.21
-53.97
-53.59
-53.42
-53.58
-53.8
-53.55
-52.36
-50.03
-46.77
-42.9
-38.49
-33
-25.5
-15.11
-1.77
13.34
27.94
39.46
46.1
47.48
44.67
39.5
33.8
28.7
24.65
21.65
19.65
18.79
19.24
20.88
23.11
24.84
24.73
21.73
15.44
6.39
-4.01
-13.74
-20.73
-23.31
-20.71
-13.31
-2.64
9.07
19.41
26.56
29.72
29.16
25.93
21.23
15.96
10.45
4.77
-1.03
-6.61
-11.47
-15.16
-17.57
-18.92
-19.52
-19.51
-18.79
-17.12
-14.34
-10.59
-6.16
-1.34
3.81
9.47
15.81
22.75
29.87
36.49
41.91
45.62
47.38
47.22
45.32
42.02
37.88
33.58
29.83
26.9
24.29
20.59
13.97
3.01
-12.41
-30.68
-48.67
-62.71
-69.71
-68.07
-58.19
-42.32
-23.94
-6.95
5.31
10.86
9.57
3.28
-4.83
-11.33
-13.66
-11.04
-4.58
3.28
9.73
12.52
10.72
4.82
-3.51
-11.93
-18.14
-20.5
-18.47
-12.83
-5.47
1.2
4.96
4.5
-0.1
-7.34
-14.78
-19.72
-20.16
-15.42
-6.41
4.58
14.64
21.18
22.69
19.23
12.36
4.49
-1.87
-4.93
-4.07
0.06
5.84
11.25
14.5
14.57
11.42
5.92
-0.46
-6.11
-9.66
-10.31
-7.9
-2.94
3.6
10.51
16.55
20.81
22.76
22.52
20.65
17.99
15.26
12.81
10.56
8.19
5.47
2.51
-0.03
-1.29
-0.49
2.66
7.88
14.35
21.04
26.85
30.8
32.14
30.35
25.23
16.99
6.37
-5.42
-16.84
-26.44
-33.18
-36.85
-38.02
-37.86
-37.62
-38.09
-39.23
-40.22
-39.86
-37.18
-31.91
-24.62
-16.4
-8.36
-1.27
4.69
9.78
14.35
18.46
21.81
23.68
23.37
20.43
15.07
8.07
0.65
-5.97
-10.9
-13.86
-15.17
-15.5
-15.55
-15.8
-16.56
-17.83
-19.33
-20.4
-20.05
-17.31
-11.7
-3.6
5.68
14.26
20.31
22.68
21.12
16.14
8.68
-0.2
-9.39
-17.7
-23.95
-27.18
-26.87
-23.25
-17.25
-10.22
-3.48
1.95
5.59
7.56
8.5
9.36
11.03
13.99
18.17
22.97
27.56
31.37
34.43
37.43
41.37
47.06
54.58
63.07
70.98
76.56
78.58
76.8
71.96
65.45
58.65
52.41
46.77
41.25
35.22
28.44
21.11
13.74
6.79
0.6
-4.64
-8.65
-10.97
-11.25
-9.43
-6.06
-2.2
1.02
2.8
2.98
2.01
0.58
-0.74
-1.61
-2.02
-2.06
-1.9
-1.75
-1.91
-2.68
-4.32
-6.9
-10.23
-13.91
-17.44
-20.31
-22.12
-22.61
-21.76
-19.75
-16.97
-13.88
-10.93
-8.45
-6.55
-5.17
-4.17
-3.39
-2.75
-2.26
-1.95
-1.87
-2
-2.22
-2.4
-2.4
-2.16
-1.68
-1.07
-0.5
-0.15
-0.14
-0.49
-1.15
-1.96
-2.75
-3.34
-3.65
-3.7
-3.58
-3.44
-3.37
-3.43
-3.6
-3.84
-4.1
-4.4
-4.74
-5.11
-5.48
-5.78
-5.94
-5.96
-5.83
-5.63
-5.44
-5.32
-5.33
-5.46
-5.61
-5.67
-5.5
-5.01
-4.16
-3.02
-1.67
-0.24
1.15
2.33
3.18
3.64
3.75
3.66
3.57
3.63
3.88
4.26
4.67
4.99
5.17
5.22
5.22
5.24
5.34
5.55
5.8
5.93
5.8
5.31
4.5
3.57
2.73
2.08
1.61
1.19
0.66
-0.05
-0.88
-1.7
-2.35
-2.79
-3.05
-3.22
-3.44
-3.84
-4.47
-5.4
-6.65
-8.23
-10.03
-11.75
-12.96
-13.09
-11.74
-8.83
-4.76
-0.23
3.97
7.34
9.77
11.44
12.63
13.59
14.47
15.52
17.24
20.27
25.15
31.88
39.75
47.42
53.51
57.1
58.04
56.84
54.25
50.83
46.73
41.79
35.89
29.14
21.89
14.46
6.98
-0.72
-8.87
-17.4
-25.74
-32.85
-37.66
-39.57
-38.78
-36.16
-32.9
-29.92
-27.59
-25.67
-23.7
-21.41
-18.97
-16.92
-15.85
-16.04
-17.36
-19.38
-21.55
-23.46
-24.84
-25.47
-25.02
-23.1
-19.44
-14.09
-7.5
-0.43
6.23
11.77
15.72
17.86
18.18
16.78
13.85
9.75
5.06
0.56
-2.85
-4.33
-3.36
0.14
5.67
12.3
18.82
24.06
27.14
27.64
25.66
21.65
16.36
10.74
5.83
2.68
2.02
4.01
8.18
13.54
18.9
23.28
26.17
27.51
27.53
26.48
24.56
21.89
18.64
15.1
11.63
8.51
5.85
3.52
1.26
-1.17
-3.83
-6.59
-9.14
-11.23
-12.78
-13.96
-15.13
-16.66
-18.69
-21.07
-23.36
-25.05
-25.74
-25.3
-23.86
-21.63
-18.76
-15.2
-10.82
-5.5
0.55
6.82
12.56
17.13
20.25
22.13
23.34
24.53
26.1
28.13
30.41
32.63
34.52
35.95
36.81
37
36.34
34.74
32.28
29.26
26.15
23.4
21.23
19.56
18.02
16.09
13.32
9.58
5.09
0.45
-3.63
-6.56
-8.17
-8.76
-9.04
-9.81
-11.61
-14.44
-17.79
-20.8
-22.68
-23.09
-22.29
-21.17
-20.79
-21.96
-24.84
-28.78
-32.51
-34.74
-34.68
-32.47
-29.11
-26.22
-25.36
-27.39
-32.22
-38.69
-44.7
-47.84
-45.85
-37.51
-23.08
-4.45
15.31
32.64
44.57
49.5
47.72
41.21
32.84
25.29
20.19
17.7
16.81
16.06
14.27
10.97
6.28
0.46
-6.5
-14.79
-24.54
-35.06
-44.18
-48.28
-43.05
-24.82
7.69
52.2
102.99
152.06
191.53
215.84
222.82
213.57
191.19
159.39
121.4
79.7
36.2
-7.41
-49.51
-88.59
-123.39
-153.16
-177.63
-197.01
-211.58
-221.3
-225.55
-223.44
-214.55
-199.68
-181.08
-161.84
-144.77
-131.17
-120.53
-111.07
-100.89
-88.96
-75.46
-61.42
-48.03
-36.15
-26.1
-17.73
-10.65
-4.37
1.61
7.74
14.43
22.04
30.86
40.97
52.07
63.27
73.19
80.39
83.82
83.41
80.14
75.6
71.18
67.43
63.75
58.84
51.35
40.65
27.1
11.73
-4.16
-19.53
-33.62
-45.75
-55.11
-60.84
-62.35
-59.74
-53.85
-46.02
-37.44
-28.42
-18.05
-4.38
14.73
40.33
71.58
105.44
137.4
162.85
178.49
183.21
178.01
165.34
147.94
128.12
107.46
86.9
67.11
48.48
31.12
14.88
-0.65
-15.86
-30.95
-45.74
-59.74
-72.12
-82.04
-88.82
-92.18
-92.41
-90.37
-87.28
-84.33
-82.34
-81.42
-81.1
-80.51
-78.78
-75.27
-69.81
-62.77
-55.07
-47.92
-42.52
-39.46
-38.46
-38.25
-37
-33.14
-26.01
-16.21
-5.29
4.92
13.05
18.57
21.76
23.28
23.91
24.29
24.97
26.4
28.89
32.52
36.94
41.46
45.21
47.5
47.98
46.71
44
40.26
35.85
31.02
25.98
20.87
15.77
10.66
5.46
0.04
-5.61
-11.32
-16.8
-21.74
-25.93
-29.38
-32.26
-34.7
-36.7
-38.1
-38.73
-38.65
-38.16
-37.67
-37.46
-37.48
-37.33
-36.51
-34.75
-32.1
-28.96
-25.73
-22.7
-19.88
-17.15
-14.49
-12.04
-10.04
-8.64
-7.79
-7.16
-6.39
-5.21
-3.57
-1.69
0.07
1.35
1.87
1.52
0.4
-1.3
-3.26
-5.2
-6.91
-8.28
-9.3
-10.07
-10.7
-11.3
-11.9
-12.51
-13.05
-13.44
-13.59
-13.45
-13.01
-12.29
-11.33
-10.2
-8.96
-7.8
-6.98
-6.76
-7.33
-8.69
-10.57
-12.56
-14.24
-15.35
-16
-16.56
-17.59
-19.45
-22.15
-25.28
-28.17
-30.12
-30.67
-29.83
-28.02
-26.03
-24.68
-24.68
-26.28
-28.92
-31.02
-30.19
-24
-11.06
8.2
31.56
55.89
78.45
97.87
114.14
127.93
139.58
148.6
153.98
154.97
151.75
145.51
138.03
130.99
125.54
122.28
121.45
122.61
124.42
124.4
119.25
105.84
82.55
50.29
12.59
-25.49
-59.17
-85.57
-104.55
-118.13
-129.01
-138.83
-147.27
-152.27
-151.32
-143.07
-128.07
-108.71
-88.12
-68.96
-52.68
-39.51
-28.98
-20.7
-14.72
-11.37
-11.06
-13.91
-19.53
-27.11
-35.38
-42.73
-47.58
-48.74
-45.96
-40.11
-33.03
-26.87
-23.36
-23.23
-25.98
-30.1
-33.59
-34.53
-31.57
-24.38
-13.88
-2.1
8.13
14.03
13.6
6.23
-6.98
-23.65
-40.9
-56.27
-68.76
-78.92
-88.09
-97.11
-104.92
-108.22
-102.63
-85.08
-56.12
-20.57
14.23
41.84
59.68
70.02
78.15
88.99
104.21
121.44
135.92
143.44
142.75
135.83
126.32
117.3
109.45
101.3
90.64
76.15
58.49
40.13
24.06
12.76
7.23
6.81
9.64
13.39
15.97
16.14
13.7
9.45
4.74
0.83
-1.69
-3.11
-4.3
-6.05
-8.5
-11.11
-12.96
-13.3
-11.9
-9.07
-5.34
-1.24
2.65
5.71
7.3
6.9
4.5
0.51
-4.33
-9.21
-13.62
-17.28
-20.02
-21.66
-22.02
-21.06
-19.11
-16.71
-14.42
-12.47
-10.77
-8.99
-6.92
-4.77
-3.07
-2.53
-3.61
-6.4
-10.57
-15.49
-20.41
-24.59
-27.52
-28.89
-28.79
-27.59
-25.87
-24.02
-22.08
-19.46
-15.2
-8.22
2.27
16.41
33.52
52.05
69.82
84.55
94.57
99.29
99.38
96.56
92.81
89.71
87.99
87.47
87.4
86.92
85.26
81.77
75.87
67.19
55.93
42.97
29.7
17.28
6.26
-3.6
-13.01
-22.43
-31.73
-40
-46.49
-50.98
-54.46
-58.36
-64.07
-72.18
-82.08
-92.44
-101.31
-107.46
-110.3
-110.72
-110.06
-109.8
-110.82
-112.85
-114.82
-115.03
-113.14
-109.51
-105.44
-101.8
-98.86
-96.6
-95.47
-97.08
-103.33
-116.92
-131.58
-139.22
-131.39
-104.07
-59.93
-6.25
43.87
88.11
126.75
160.36
188.12
208.6
220.1
221.62
214.21
200.6
185.13
170.66
158.53
147.78
136.07
120.38
98.52
70.27
37.6
4.64
-24.96
-48.33
-64.4
-73.58
-77.45
-77.86
-76.23
-73.33
-69.13
-64
-58.39
-52.8
-47.41
-41.94
-35.67
-27.76
-17.71
-5.66
7.2
19.4
29.93
38.8
47.06
56.11
66.82
78.86
90.59
99.54
103.51
101.47
93.77
81.85
67.56
52.56
38.06
24.9
13.94
6.08
2.17
2.5
6.5
12.63
18.65
22.33
22.03
17.2
8.37
-3.04
-15.28
-26.84
-36.89
-45.51
-53.44
-61.68
-70.89
-80.85
-90.53
-98.42
-103.18
-104.3
-102.26
-98.16
-93.1
-87.63
-81.65
-74.9
-67.08
-57.79
-46.25
-31.1
-10.89
14.79
44.28
73.75
98.23
113.47
117.6
111.6
98.36
81.1
62.06
42.29
22.39
3.48
-12.58
-23.86
-29.43
-30.07
-27.98
-25.87
-25.63
-27.58
-30.55
-32.68
-32.65
-30.39
-27.08
-24.44
-23.86
-25.61
-28.78
-31.92
-33.71
-33.61
-32.05
-29.93
-28.05
-26.53
-24.85
-22.1
-17.7
-11.71
-4.89
1.74
7.27
11.19
13.31
13.56
11.86
8.09
2.4
-4.6
-11.79
-17.85
-21.6
-22.44
-20.48
-16.33
-10.88
-4.99
0.65
5.63
9.7
12.77
14.83
15.91
16.08
15.48
14.31
12.79
11.17
9.7
8.56
7.89
7.78
8.2
9.11
10.52
12.45
14.99
18.15
21.8
25.5
28.5
29.77
28.24
23.15
14.35
2.51
-10.97
-24.24
-35.47
-43.31
-47.28
-47.72
-45.56
-41.92
-37.74
-33.71
-30.25
-27.66
-26.14
-25.86
-26.8
-28.73
-31.35
-34.48
-38.24
-42.99
-48.82
-55.03
-60.01
-61.68
-58.39
-49.77
-36.86
-21.79
-6.78
6.55
17.41
25.56
30.95
33.7
34.27
33.79
33.95
36.51
42.5
51.71
62.71
73.49
82.11
87.27
88.64
86.8
83.03
78.86
75.66
74.16
74.38
75.73
77.15
77.51
75.69
70.91
62.84
51.83
39.01
26.04
14.59
5.77
-0.32
-4.45
-7.88
-11.73
-16.58
-22.46
-28.97
-35.65
-42.05
-47.79
-52.64
-56.46
-59.3
-61.35
-63
-64.56
-66.23
-67.98
-69.41
-70.05
-69.44
-67.37
-63.98
-59.75
-55.33
-51.41
-48.35
-46.13
-44.38
-42.57
-40.28
-37.38
-34.1
-30.86
-28.11
-26.14
-25.03
-24.73
-25.12
-26.04
-27.28
-28.56
-29.46
-29.58
-28.56
-26.19
-22.45
-17.51
-11.68
-5.41
0.82
6.59
11.62
15.86
19.51
23.04
27.02
32.04
38.39
45.95
54.09
61.81
68
71.81
72.94
71.73
69.06
66.02
63.56
62.2
61.84
61.9
61.57
60.07
56.96
52.26
46.43
40.17
34.23
29.17
25.35
22.87
21.63
21.39
21.83
22.61
23.35
23.73
23.55
22.78
21.58
20.24
19.09
18.3
17.85
17.49
16.83
15.54
13.5
10.98
8.62
7.36
8.1
11.47
17.43
25.25
33.66
41.1
46.23
48.23
46.97
42.95
37
30.07
22.96
16.37
10.76
6.47
3.69
2.38
2.36
3.3
4.82
6.56
8.3
9.9
11.33
12.69
14
15.19
15.99
16.02
14.84
12.26
8.33
3.45
-1.77
-6.73
-11
-14.32
-16.72
-18.33
-19.29
-19.72
-19.66
-19.2
-18.49
-17.82
-17.48
-17.68
-18.47
-19.65
-20.9
-21.83
-22.24
-22.15
-21.81
-21.59
-21.79
-22.52
-23.7
-25.09
-26.41
-27.45
-28.1
-28.38
-28.33
-28.03
-27.55
-26.92
-26.21
-25.49
-24.77
-23.98
-22.95
-21.49
-19.44
-16.76
-13.55
-10.04
-6.58
-3.45
-0.92
0.94
2.15
2.82
3.1
3.16
3.12
3.03
2.91
2.69
2.3
1.56
0.3
-1.54
-3.88
-6.42
-8.81
-10.73
-12.07
-12.88
-13.31
-13.48
-13.43
-13.16
-12.72
-12.22
-11.83
-11.61
-11.49
-11.2
-10.53
-9.4
-7.99
-6.63
-5.73
-5.48
-5.89
-6.79
-7.93
-9.12
-10.27
-11.33
-12.21
-12.82
-13.02
-12.81
-12.22
-11.28
-9.88
-7.69
-4.25
0.81
7.47
15.29
23.62
31.96
40.16
48.33
56.4
63.85
69.68
72.86
72.98
70.63
67.15
64.03
61.9
60.43
58.66
55.76
51.63
46.79
41.84
37.08
32.44
27.94
24.13
22.04
22.58
25.62
29.61
31.95
30.08
22.71
10.42
-4.75
-20.26
-34.16
-45.51
-54.31
-60.85
-65.27
-67.37
-66.78
-63.35
-57.37
-49.68
-41.31
-33.22
-26.03
-19.9
-14.5
-9.15
-3.03
4.42
13.33
23.35
33.69
43.39
51.47
57.04
59.37
57.83
52.13
42.45
29.74
15.45
1.21
-11.67
-22.58
-31.57
-39.13
-45.77
-51.74
-57
-61.34
-64.5
-66.27
-66.62
-65.62
-63.43
-60.19
-56.02
-50.93
-44.82
-37.55
-29.01
-19.32
-8.77
2.1
12.74
22.58
31.13
38.03
43.08
46.24
47.63
47.56
46.45
44.72
42.69
40.59
38.51
36.49
34.57
32.67
30.64
28.24
25.28
21.77
17.91
13.98
10.17
6.47
2.57
-1.96
-7.58
-14.52
-22.79
-32.1
-41.87
-51.22
-59.06
-64.27
-65.97
-63.87
-58.38
-50.54
-41.73
-33.24
-25.97
-20.31
-16.13
-12.97
-10.16
-7.2
-3.81
-0.16
3.16
5.23
5.11
2.16
-3.56
-11.15
-19.07
-25.52
-29.1
-29.19
-26.26
-21.66
-17.31
-15.1
-16.24
-20.92
-28.18
-36.22
-42.82
-45.85
-43.77
-36.15
-23.91
-9.26
4.72
15.03
19.48
17.32
9.27
-2.93
-17.22
-31.62
-44.34
-53.73
-58.19
-56.55
-48.64
-35.76
-20.59
-6.51
3.76
9.07
10.06
8.78
7.72
8.87
13.27
21.11
31.92
45.06
59.84
75.51
91.36
106.65
120.5
131.63
138.16
137.65
127.77
107.51
78.39
45.04
14.33
-7.02
-15.17
-11.19
-1.01
6.8
4.55
-11.39
-38.97
-71.65
-101.22
-121.45
-130.21
-129.35
-122.58
-112.65
-99.81
-82.17
-58.09
-28.42
2.78
29.66
47.17
53.01
47.91
34.34
14.83
-8.87
-35.36
-62.57
-87.2
-105.29
-113.55
-110.49
-96.75
-74.4
-46.24
-15.12
16.1
44.44
67.34
83.2
91.92
94.46
92.36
87.06
79.57
70.78
61.39
52.16
43.71
36.38
30.47
26.34
24.43
24.85
26.98
29.35
30.04
27.62
21.87
13.92
5.91
-0.07
-2.73
-1.88
1.61
6.38
10.71
13.18
13.3
11.95
11.06
12.88
18.87
29.22
42.59
56.74
69.72
81.03
91.44
101.8
111.85
119.68
123.45
121.8
114.58
102.9
89.17
76.75
68.53
66.09
68.81
75.13
81.28
81.32
68.13
36.84
-11.87
-70.54
-126.55
-165.99
-175.95
-149.94
-90.67
-9.33
78.3
156.85
214.92
246.6
240.6
195.2
121.25
39.84
-28.02
-70.49
-86.73
-83.86
-71.58
-60.62
-56.29
-59.87
-70.12
-85.18
-103.28
-122.68
-142.24
-161.95
-184.28
-209.23
-235.25
-259.61
-278.86
-288.22
-280.66
-249.55
-192.38
-114.36
-24.28
66.22
145.46
204.56
234.24
232.28
205.86
175.39
148.45
126.01
103.86
79.89
53.55
25.84
-0.5
-23.05
-41.14
-56.76
-69.99
-79
-80.95
-74.26
-59.61
-39.45
-17.81
0.7
11.49
13.53
8.78
0.72
-7.67
-14.67
-19.38
-21.57
-21.5
-20.26
-18.19
-15.29
-11.56
-7.52
-3.86
-0.92
1.3
2.9
3.73
3.89
3.65
3.26
2.83
2.42
2.13
2.09
2.27
2.29
1.59
-0.53
-4.78
-11.59
-20.93
-32.17
-44.29
-56.22
-67.14
-76.54
-83.97
-88.86
-90.43
-87.88
-80.93
-70.04
-56.42
-41.71
-27.43
-14.59
-3.68
5.2
12.08
17
20.13
21.77
22.38
22.41
22.22
22
21.88
21.97
22.43
23.35
24.65
25.94
26.6
26.08
24.05
20.64
16.44
12.52
10.41
11.64
17.29
27.3
40.19
53.27
63.57
68.97
69.05
65.12
59.43
53.85
48.92
43.67
36.41
26.03
13.01
-0.49
-11.49
-17.53
-17.68
-12.86
-5.23
2.87
9.72
14.58
17.29
17.73
15.58
10.5
2.49
-7.7
-18.54
-28.1
-34.62
-36.99
-35.05
-29.46
-21.5
-12.67
-4.38
2.33
6.91
9.28
9.57
7.94
4.52
-0.62
-7.29
-15.03
-23.03
-30.35
-36.07
-39.6
-40.71
-39.52
-36.37
-31.75
-26.17
-20.21
-14.46
-9.46
-5.59
-2.99
-1.52
-0.93
-0.88
-1.05
-1.22
-1.15
-0.67
0.25
1.43
2.48
3.01
2.87
2.29
1.78
1.93
3.23
5.96
10.2
15.86
22.71
30.21
37.4
42.92
45.39
43.76
37.83
28.2
16.13
3.07
-9.69
-21.14
-30.7
-38.08
-43.32
-46.78
-49
-50.55
-51.73
-52.37
-51.94
-49.77
-45.41
-38.91
-30.83
-21.96
-13.07
-4.65
2.99
9.62
15.08
19.16
21.77
23.04
23.3
23.05
22.75
22.68
22.9
23.35
23.99
24.79
25.72
26.76
27.81
28.63
28.87
28.19
26.34
23.31
19.34
14.71
9.56
3.81
-2.8
-10.41
-18.74
-27.05
-34.31
-39.57
-42.36
-42.74
-41.24
-38.44
-34.69
-30.11
-24.74
-18.81
-12.81
-7.33
-2.76
0.84
3.8
6.62
9.61
12.76
15.76
18.16
19.69
20.35
20.45
20.46
20.88
22.06
24.07
26.67
29.32
31.29
31.92
30.75
27.54
22.27
15.13
6.51
-2.89
-12.14
-20.13
-25.93
-29.05
-29.53
-27.91
-24.86
-20.96
-16.64
-12.25
-8.21
-5.07
-3.36
-3.28
-4.52
-6.19
-7.14
-6.3
-3.18
2.02
8.38
14.72
20.03
23.89
26.46
28.29
29.91
31.44
32.54
32.57
30.92
27.13
20.98
12.46
1.82
-10.25
-22.56
-33.44
-41.2
-44.6
-43.36
-38.21
-30.58
-22.01
-13.74
-6.57
-0.92
2.87
4.61
4.28
2.21
-0.83
-3.82
-5.96
-6.86
-6.64
-5.7
-4.47
-3.11
-1.57
0.31
2.66
5.46
8.57
11.76
14.82
17.53
19.69
21.09
21.52
20.82
18.92
15.84
11.62
6.31
-0.06
-7.33
-15.15
-22.82
-29.3
-33.44
-34.37
-31.85
-26.4
-19.17
-11.52
-4.53
1.17
5.41
8.26
9.79
10.05
9.12
7.37
5.35
3.73
3.01
3.32
4.42
5.81
7.09
8.13
9.15
10.56
12.61
15.09
17.36
18.54
17.89
15.27
11.24
6.88
3.32
1.26
0.79
1.35
2.09
2.11
0.7
-2.64
-8.15
-15.66
-24.42
-33.07
-39.85
-43.12
-41.97
-36.65
-28.46
-19.25
-10.69
-3.79
1.25
4.8
7.3
9.1
10.26
10.84
10.98
11.05
11.41
12.35
13.8
15.46
16.92
17.8
17.94
17.43
16.47
15.35
14.27
13.31
12.43
11.55
10.51
9.25
7.75
6.11
4.5
3.09
1.91
0.85
-0.32
-1.86
-3.89
-6.29
-8.79
-11.04
-12.83
-14.12
-15.08
-15.96
-16.88
-17.79
-18.44
-18.52
-17.91
-16.66
-15.08
-13.47
-12.03
-10.68
-9.19
-7.37
-5.22
-3.1
-1.57
-1.11
-1.88
-3.67
-5.94
-8.14
-9.95
-11.3
-12.32
-13.09
-13.55
-13.5
-12.8
-11.57
-10.22
-9.3
-9.15
-9.78
-10.86
-11.96
-12.78
-13.14
-12.95
-11.97
-9.91
-6.5
-1.83
3.63
9.05
13.54
16.38
17.17
15.85
12.71
8.38
3.7
-0.35
-2.93
-3.65
-2.61
-0.29
2.71
5.97
9.3
12.56
15.48
17.55
18.22
17.12
14.28
10.13
5.43
1.18
-1.57
-1.95
0.42
5.24
11.48
17.58
21.87
23.14
20.88
15.44
7.74
-1.11
-10.08
-18.4
-25.48
-30.83
-34.09
-35.07
-33.86
-30.89
-26.79
-22.23
-17.83
-13.93
-10.62
-7.86
-5.61
-3.93
-2.91
-2.67
-3.2
-4.32
-5.77
-7.15
-8.12
-8.39
-7.85
-6.61
-5
-3.43
-2.27
-1.58
-0.99
0.22
2.9
7.67
14.47
22.55
30.61
37.27
41.58
43.28
42.81
40.96
38.57
36.18
34.11
32.51
31.33
30.33
29.07
26.96
23.51
18.65
12.76
6.6
1.02
-3.4
-6.36
-7.79
-7.72
-6.17
-3.17
0.96
5.7
10.32
14.12
16.67
17.9
17.96
17.09
15.49
13.15
9.97
5.64
-0.31
-8.37
-18.81
-31.36
-44.92
-57.54
-66.88
-70.94
-68.88
-61.36
-50.35
-38.28
-27.2
-18.05
-10.74
-4.59
0.94
5.88
9.75
11.98
12.22
10.6
7.68
4.14
0.56
-2.66
-5.29
-7.23
-8.29
-8.31
-7.16
-4.77
-1.22
3.2
8
12.6
16.37
18.96
20.32
20.77
20.8
20.88
21.26
22.09
23.57
26.03
29.9
35.34
42.02
48.99
55.03
59.19
61.19
61.46
60.68
59.36
57.51
54.83
51
45.98
39.98
33.05
25.05
15.77
5.59
-4.31
-12.16
-16.47
-17.05
-15.3
-13.67
-14.32
-18.18
-24.58
-31.99
-39.02
-45.03
-49.97
-53.75
-55.74
-54.86
-50.23
-41.83
-30.62
-18.12
-5.61
6.26
17.38
27.63
36.42
42.56
44.74
42.15
34.93
24.26
11.99
0.18
-9.48
-15.88
-18.57
-17.79
-14.32
-9.36
-4.33
-0.51
1.3
0.85
-1.57
-5.38
-10.03
-15.19
-20.59
-25.91
-30.63
-34
-35.36
-34.42
-31.43
-27.23
-22.93
-19.61
-18.08
-18.68
-21.26
-25.25
-29.67
-33.4
-35.33
-34.63
-31.09
-25.17
-17.86
-10.38
-3.77
1.36
4.85
6.93
8.04
8.69
9.4
10.69
13.04
16.76
21.93
28.44
36.06
44.57
53.77
63.36
72.69
80.86
86.81
89.78
89.69
87.11
83.13
78.85
75.05
72.06
69.92
68.57
68.08
68.5
69.77
71.64
73.67
75.46
76.62
76.77
75.56
72.6
67.61
60.53
51.58
41.14
29.55
17.04
3.8
-9.83
-23.04
-34.53
-42.85
-46.94
-46.62
-42.88
-37.55
-32.74
-30.16
-30.59
-33.86
-39.05
-45.03
-50.81
-55.81
-59.81
-62.73
-64.47
-64.91
-63.97
-61.73
-58.58
-55.1
-51.92
-49.51
-47.99
-47.09
-46.24
-44.81
-42.38
-38.94
-34.8
-30.55
-26.7
-23.48
-20.85
-18.52
-16.25
-14
-12
-10.66
-10.37
-11.32
-13.39
-16.2
-19.15
-21.66
-23.25
-23.68
-22.97
-21.34
-19.07
-16.33
-13.18
-9.47
-5.05
0.09
5.67
11.09
15.62
18.61
19.77
19.23
17.47
15.13
12.73
10.52
8.52
6.57
4.59
2.6
0.7
-1.05
-2.65
-4.13
-5.44
-6.41
-6.83
-6.57
-5.75
-4.69
-3.83
-3.56
-4.01
-5.13
-6.76
-8.69
-10.73
-12.61
-13.9
-14.1
-12.76
-9.74
-5.32
-0.15
4.9
9.02
11.58
12.23
10.84
7.48
2.4
-3.83
-10.28
-15.79
-19.34
-20.37
-19.14
-16.59
-14.03
-12.61
-12.77
-14.18
-15.85
-16.59
-15.33
-11.29
-4.02
6.51
19.81
34.85
50.09
63.93
75.23
83.61
89.57
93.91
97.16
99.13
99.06
96.13
90.13
81.66
71.81
61.54
51.22
40.69
29.68
18.42
7.75
-1.06
-6.94
-9.71
-10.27
-10.42
-12.09
-16.6
-24.1
-33.57
-43.21
-51.16
-56.25
-58.32
-58.16
-57.05
-56.05
-55.55
-55.25
-54.49
-52.69
-49.83
-46.43
-43.37
-41.52
-41.33
-42.63
-44.64
-46.26
-46.48
-44.71
-40.95
-35.79
-30.14
-24.82
-20.22
-16.12
-11.76
-6.24
1.01
9.83
19.3
27.91
34.2
37.39
37.63
35.93
33.6
31.65
30.49
29.91
29.48
28.83
27.93
26.82
25.52
23.92
22.04
20.43
20.27
22.98
29.34
38.75
49.01
56.94
59.66
55.61
45.07
29.75
11.88
-6.59
-24.22
-39.94
-52.66
-61.26
-65.06
-64.37
-60.72
-56.51
-54.12
-55.06
-59.45
-66.2
-73.54
-79.75
-83.56
-84.26
-81.5
-75.1
-65.02
-51.54
-35.42
-17.85
-0.35
15.7
29.28
39.97
47.93
53.65
57.61
60.09
61.04
60.24
57.54
53.01
47.01
39.98
32.39
24.54
16.71
9.27
2.75
-2.14
-4.83
-5.03
-2.91
0.99
5.84
10.77
14.96
17.77
18.94
18.61
17.38
16
15.15
15.11
15.69
16.48
17.03
17.24
17.26
17.37
17.64
17.78
17.22
15.37
11.98
7.31
2.22
-2.23
-5.06
-5.71
-4.16
-0.91
3.32
7.78
11.8
14.87
16.44
16.16
14.06
10.79
7.7
6.38
8.08
12.92
19.71
26.23
30.15
29.99
25.59
18.07
9.17
0.49
-7.01
-13
-17.55
-20.73
-22.43
-22.48
-20.74
-17.38
-12.92
-8.09
-3.65
-0.12
2.27
3.57
3.9
3.39
2.17
0.55
-0.87
-1.28
0.08
3.57
8.86
15.04
20.92
25.52
28.46
30.1
31.29
33.05
36.16
40.83
46.7
53.03
59.05
64.26
68.52
71.96
74.74
76.82
77.88
77.31
74.39
68.53
59.65
48.51
36.83
26.94
20.95
19.73
22.25
25.83
27.14
23.69
14.66
1.08
-15.15
-32.15
-48.71
-64.18
-77.99
-89.39
-97.58
-102.33
-104.36
-105.25
-106.61
-109.21
-112.52
-115.07
-115.27
-112.21
-106.03
-97.72
-88.47
-79.2
-70.34
-62.02
-54.3
-47.44
-41.76
-37.37
-34.06
-31.3
-28.52
-25.42
-22.06
-18.75
-15.89
-13.66
-11.92
-10.36
-8.67
-6.78
-4.97
-3.65
-3.23
-3.86
-5.35
-7.31
-9.26
-10.76
-11.48
-11.12
-9.56
-6.87
-3.47
-0.01
2.76
4.32
4.62
4.04
3.2
2.62
2.46
2.58
2.71
2.77
2.98
3.74
5.36
7.77
10.47
12.74
13.93
13.81
12.71
11.26
10.09
9.45
9.2
8.92
8.28
7.25
6.24
5.88
6.79
9.33
13.5
19.03
25.27
31.34
36.16
38.64
37.99
34.11
27.79
20.74
15.05
12.56
13.98
18.63
24.65
29.73
32.06
30.9
26.58
20.04
12.13
3.24
-6.71
-17.71
-29.23
-40.06
-48.65
-53.75
-54.96
-52.75
-48.17
-42.34
-36.05
-29.68
-23.53
-18.02
-13.9
-12.02
-12.97
-16.79
-22.97
-30.66
-39.02
-47.43
-55.47
-62.82
-69.09
-73.7
-75.9
-74.81
-69.59
-59.63
-44.87
-25.95
-4.31
18.1
39.27
57.73
72.75
84.28
92.51
97.57
99.38
97.85
93.09
85.61
76.17
65.67
54.97
44.88
36.17
29.42
24.89
22.39
21.3
20.88
20.65
20.52
20.77
21.58
22.8
23.84
23.92
22.53
19.68
15.99
12.35
9.6
8.12
7.81
8.18
8.58
8.56
7.88
6.65
5.12
3.75
3.04
3.53
5.68
9.65
15.08
21.02
25.99
28.39
27.01
21.56
12.86
2.61
-7.23
-15.11
-20.34
-23.09
-23.91
-23.23
-21.17
-17.81
-13.71
-10.16
-8.86
-11.05
-16.77
-24.76
-33.01
-39.9
-44.84
-48.34
-51.29
-54.14
-56.5
-57.59
-56.73
-53.96
-49.93
-45.56
-41.52
-38.02
-34.85
-31.49
-27.33
-21.6
-13.56
-2.8
10.24
24.2
36.91
46.22
50.71
50.19
45.54
38.18
29.3
19.63
9.58
-0.42
-9.52
-16.54
-20.36
-20.52
-17.4
-12.07
-5.81
0.39
5.97
10.71
14.45
16.97
18.07
17.72
16.28
14.32
12.48
11.1
10.19
9.51
8.69
7.52
5.92
3.93
1.67
-0.8
-3.39
-6.01
-8.54
-10.93
-13.18
-15.43
-17.78
-20.2
-22.44
-24.14
-25
-24.93
-24.14
-22.97
-21.71
-20.46
-19.15
-17.66
-15.97
-14.15
-12.27
-10.27
-7.98
-5.31
-2.4
0.29
2.19
2.95
2.65
1.82
1.18
1.24
2.1
3.5
5.06
6.56
8.18
10.36
13.59
18.1
23.79
30.14
36.49
42.18
46.7
49.71
50.99
50.39
47.82
43.27
36.98
29.43
21.23
12.97
5.01
-2.51
-9.58
-16.16
-22.14
-27.31
-31.59
-35.05
-37.9
-40.34
-42.41
-43.94
-44.71
-44.64
-43.95
-43.02
-42.26
-41.88
-41.82
-41.89
-41.88
-41.77
-41.6
-41.42
-41.08
-40.24
-38.54
-35.82
-32.32
-28.72
-25.93
-24.7
-25.27
-27.11
-29.09
-29.79
-28.04
-23.34
-16
-6.98
2.54
11.48
19.15
25.33
30.12
33.74
36.48
38.57
40.21
41.54
42.63
43.38
43.56
42.89
41.17
38.4
34.83
30.89
26.95
23.28
19.98
17.14
14.82
13.2
12.39
12.35
12.83
13.38
13.56
13.09
11.97
10.45
8.86
7.43
6.2
5.09
3.92
2.6
1.22
-0.02
-0.85
-1.08
-0.6
0.49
1.96
3.51
4.86
5.81
6.28
6.4
6.43
6.83
7.94
9.94
12.66
15.64
18.24
19.94
20.49
19.89
18.36
16.12
13.37
10.38
7.52
5.31
4.17
4.2
4.97
5.61
5.15
2.93
-1.12
-6.55
-12.63
-18.7
-24.34
-29.31
-33.37
-36.16
-37.22
-36.25
-33.35
-29.07
-24.27
-19.86
-16.49
-14.47
-13.73
-14.03
-14.99
-16.29
-17.58
-18.53
-18.87
-18.49
-17.45
-16
-14.48
-13.13
-12.06
-11.18
-10.3
-9.26
-8.04
-6.73
-5.52
-4.58
-3.92
-3.43
-2.94
-2.28
-1.39
-0.3
0.93
2.32
3.92
5.78
7.84
9.78
11.16
11.5
10.56
8.43
5.57
2.52
-0.23
-2.49
-4.39
-6.23
-8.38
-11.04
-14.24
-17.77
-21.29
-24.35
-26.47
-27.17
-26.13
-23.32
-19.17
-14.53
-10.49
-8.02
-7.57
-8.79
-10.55
-11.26
-9.43
-4.26
4.17
14.85
26.23
36.74
45.23
51.24
54.95
57.01
58.15
58.98
59.78
60.5
60.83
60.24
58.12
54
47.75
39.89
31.66
24.95
21.78
23.58
30.47
40.92
52.08
60.58
63.64
60.03
50.26
36.23
20.3
4.41
-10.5
-24.33
-37.44
-50.02
-61.82
-72.23
-80.55
-86.27
-89.05
-88.6
-84.49
-76.23
-63.6
-47.18
-28.64
-10.57
4.17
13.41
16.37
13.86
7.89
0.88
-5.08
-8.74
-9.73
-8.4
-5.4
-1.54
2.41
5.77
8.04
8.9
8.31
6.42
3.56
0.08
-3.6
-7
-9.66
-11.14
-11.17
-9.78
-7.24
-4.03
-0.67
2.45
5.11
7.26
8.91
10.08
10.72
10.79
10.29
9.32
8.17
7.18
6.7
6.91
7.73
8.82
9.72
10.05
9.69
8.75
7.46
6.06
4.64
3.09
1.25
-0.96
-3.52
-6.23
-8.85
-11.13
-12.87
-13.9
-14.14
-13.59
-12.36
-10.63
-8.64
-6.55
-4.4
-2.13
0.38
3.16
6.1
8.91
11.12
12.27
12.02
10.3
7.45
4.13
1.23
-0.39
-0.08
2.43
6.98
13.03
19.74
26.14
31.29
34.5
35.47
34.33
31.62
28.07
24.48
21.48
19.47
18.61
18.79
19.66
20.72
21.39
21.19
19.9
17.66
14.87
12.11
9.82
8.19
7.04
6.06
4.92
3.46
1.83
0.34
-0.68
-1.11
-1.03
-0.71
-0.44
-0.35
-0.42
-0.48
-0.42
-0.23
-0.07
-0.12
-0.57
-1.4
-2.41
-3.31
-3.78
-3.65
-2.97
-1.99
-1.04
-0.37
-0.1
-0.17
-0.46
-0.81
-1.17
-1.61
-2.24
-3.15
-4.35
-5.71
-7.02
-8.08
-8.73
-9
-9.04
-9.11
-9.42
-10.04
-10.87
-11.68
-12.33
-12.76
-13.08
-13.44
-13.93
-14.53
-15.11
-15.53
-15.72
-15.83
-16.03
-16.56
-17.46
-18.59
-19.66
-20.41
-20.79
-20.96
-21.32
-22.2
-23.75
-25.82
-28.07
-30.09
-31.67
-32.79
-33.58
-34.19
-34.58
-34.67
-34.29
-33.35
-31.91
-30.17
-28.31
-26.42
-24.47
-22.25
-19.6
-16.5
-13.14
-9.85
-6.94
-4.52
-2.34
0.01
3.04
7.05
12.07
17.83
23.9
29.69
34.42
37.18
36.98
33.23
26.17
17.21
8.71
3.22
2.59
7.17
15.87
26.61
37.2
45.88
51.51
53.34
50.82
43.77
32.68
19.06
5.18
-6.47
-14.18
-17.49
-17.16
-14.53
-10.83
-6.64
-1.98
3.24
8.88
14.39
18.93
21.89
23.02
22.58
21.02
18.79
16.06
12.84
9.08
4.87
0.52
-3.57
-6.94
-9.27
-10.4
-10.42
-9.54
-7.99
-6.06
-3.95
-1.87
0.02
1.54
2.59
3.1
3.12
2.78
2.21
1.56
0.9
0.33
-0.06
-0.2
-0.01
0.47
1.15
1.83
2.33
2.5
2.37
2.05
1.77
1.72
1.9
2.14
2.05
1.16
-0.89
-4.22
-8.63
-13.66
-18.78
-23.57
-27.74
-31.13
-33.58
-34.91
-34.92
-33.51
-30.67
-26.53
-21.36
-15.61
-9.83
-4.76
-1.21
0.14
-0.98
-4.24
-8.74
-13.21
-16.4
-17.49
-16.19
-12.85
-8.15
-2.91
2.22
6.8
10.71
14.04
17.1
20.27
23.88
28.06
32.53
36.68
39.61
40.49
38.82
34.65
28.54
21.38
14.08
7.34
1.59
-3.03
-6.54
-9.06
-10.78
-11.98
-12.95
-13.97
-15.16
-16.45
-17.55
-18.15
-18.01
-17.11
-15.67
-14
-12.4
-11.04
-9.94
-9.03
-8.3
-7.77
-7.58
-7.86
-8.64
-9.85
-11.3
-12.81
-14.21
-15.39
-16.27
-16.82
-17.09
-17.29
-17.83
-19.06
-21.14
-23.64
-25.56
-25.61
-22.81
-16.95
-8.74
0.43
9.09
16.16
21.06
23.45
23.02
19.36
12.3
2.29
-9.41
-20.78
-29.6
-33.94
-32.79
-26.07
-14.63
0.09
16.46
32.88
48.04
61
71.19
78.31
82.2
82.76
80.06
74.45
66.63
57.62
48.43
39.82
32.06
24.99
18.26
11.69
5.48
-0
-4.38
-7.74
-10.7
-14.21
-19.18
-26.17
-35.29
-46.28
-58.66
-71.67
-84.17
-94.64
-101.29
-102.44
-97
-84.85
-66.98
-45.27
-22.14
-0
19.13
34.01
44.21
50.01
52.07
51.25
48.42
44.34
39.63
34.74
29.91
25.11
20.25
15.29
10.52
6.5
4
3.6
5.47
9.2
13.95
18.59
22.04
23.48
22.47
19.09
13.87
7.64
1.29
-4.43
-8.97
-12.06
-13.64
-13.86
-13.06
-11.66
-10.11
-8.76
-7.77
-7.04
-6.31
-5.3
-3.83
-1.95
0.12
2.13
3.9
5.38
6.57
7.45
7.95
7.92
7.29
6.2
5.01
4.3
4.65
6.42
9.64
14.08
19.3
24.89
30.62
36.46
42.54
49.01
55.86
62.79
69.24
74.44
77.7
78.57
77.07
73.52
68.56
62.81
56.72
50.38
43.46
35.26
24.92
11.76
-4.44
-23.15
-43.12
-62.59
-79.69
-92.87
-101.31
-104.91
-104.28
-100.43
-94.41
-87.14
-79.25
-71.17
-63.08
-55.12
-47.31
-39.64
-32.06
-24.61
-17.5
-11.23
-6.45
-3.65
-2.91
-3.72
-5.25
-6.68
-7.51
-7.67
-7.4
-6.93
-6.2
-4.89
-2.57
0.99
5.63
10.86
15.91
20.11
23.05
24.67
25.23
25.19
25
24.98
25.24
25.74
26.32
26.76
26.82
26.18
24.58
21.9
18.24
14.09
10.12
7.03
5.29
4.85
5.25
5.81
5.88
5.12
3.5
1.2
-1.46
-4.15
-6.57
-8.4
-9.34
-9.17
-7.79
-5.31
-2.01
1.72
5.44
8.75
11.26
12.61
12.52
10.74
7.18
1.87
-4.97
-12.86
-21.15
-29
-35.69
-40.77
-44.29
-46.77
-48.85
-50.96
-53.05
-54.7
-55.4
-55
-53.79
-52.38
-51.32
-50.64
-49.88
-48.24
-45.05
-39.97
-33.06
-24.62
-14.98
-4.54
6.24
16.72
26.3
34.62
41.8
48.31
54.77
61.54
68.4
74.56
79.01
80.93
79.92
76.12
70.26
63.48
57.09
52.13
49.02
47.33
45.96
43.52
38.93
31.84
22.7
12.59
2.71
-5.94
-12.7
-17.23
-19.44
-19.41
-17.44
-14.15
-10.31
-6.76
-4.12
-2.6
-1.99
-1.81
-1.55
-0.93
-0.18
0.26
-0.06
-1.23
-2.93
-4.68
-6.07
-6.96
-7.52
-7.98
-8.43
-8.79
-8.91
-8.75
-8.54
-8.76
-9.97
-12.55
-16.61
-21.78
-27.38
-32.54
-36.33
-38.11
-37.56
-34.73
-30.07
-24.3
-18.27
-12.81
-8.56
-5.74
-4.26
-3.66
-3.44
-3.26
-3.01
-2.8
-2.78
-3.02
-3.43
-3.84
-4.12
-4.21
-4.2
-4.14
-4
-3.71
-3.21
-2.53
-1.89
-1.61
-1.99
-3.2
-5.15
-7.54
-9.96
-12.04
-13.57
-14.5
-14.92
-14.97
-14.77
-14.4
-13.89
-13.21
-12.24
-10.83
-8.82
-6.12
-2.86
0.64
3.83
6.07
6.84
5.93
3.59
0.54
-2.18
-3.5
-2.63
0.73
6.25
13.11
20.13
26.15
30.22
31.93
31.47
29.64
27.57
26.29
26.35
27.45
28.67
28.8
26.87
22.51
16.04
8.21
-0.09
-8.14
-15.54
-22.13
-28.01
-33.41
-38.69
-44.23
-50.21
-56.43
-62.17
-66.31
-67.66
-65.29
-58.92
-48.91
-36.29
-22.42
-8.73
3.53
13.42
20.33
23.91
24.04
20.84
14.69
6.23
-3.53
-13.4
-22.09
-28.5
-31.93
-32.2
-29.66
-25.13
-19.62
-14.23
-9.88
-7.19
-6.35
-7.13
-9.06
-11.69
-14.75
-18.1
-21.7
-25.41
-28.81
-31.27
-31.94
-29.94
-24.51
-15.22
-2.23
13.53
30.42
46.32
59.15
67.39
70.41
68.49
62.66
54.36
45.28
37.14
31.47
29.31
30.8
35.02
40.22
44.53
46.62
46.3
44.49
42.85
43.04
46
51.67
58.95
66.17
71.5
73.47
71.35
65.22
55.93
44.76
33.08
21.95
11.96
3.19
-4.58
-11.73
-18.58
-25.24
-31.58
-37.16
-41.41
-43.69
-43.56
-40.89
-35.93
-29.24
-21.57
-13.61
-5.96
0.92
6.59
10.73
13.08
13.59
12.42
9.98
6.75
3.14
-0.6
-4.4
-8.18
-11.83
-15.1
-17.72
-19.58
-20.85
-21.94
-23.37
-25.52
-28.51
-32.15
-36.02
-39.67
-42.61
-44.44
-44.72
-43.18
-39.8
-34.98
-29.48
-24.1
-19.43
-15.49
-11.89
-8.01
-3.45
1.8
7.38
12.86
18.04
23.1
28.37
33.95
39.45
43.92
46.25
45.76
42.49
37.35
31.72
26.95
23.97
23.07
24.08
26.53
29.8
33.15
35.85
37.31
37.31
36.1
34.25
32.34
30.57
28.75
26.37
23.03
18.67
13.59
8.21
2.88
-2.31
-7.35
-12.12
-16.39
-19.81
-22.18
-23.65
-24.62
-25.62
-27.01
-28.83
-30.84
-32.65
-33.95
-34.6
-34.68
-34.36
-33.89
-33.52
-33.47
-33.82
-34.5
-35.25
-35.72
-35.64
-34.93
-33.77
-32.58
-31.8
-31.74
-32.47
-33.77
-35.15
-35.96
-35.48
-32.99
-27.96
-20.25
-10.21
1.3
13.14
24.11
33.35
40.46
45.49
48.7
50.25
50.12
48.12
44.15
38.37
31.29
23.64
16.22
9.72
4.67
1.46
0.46
2.02
6.35
13.31
22.21
31.84
40.75
47.68
51.95
53.56
52.93
50.53
46.55
40.94
33.63
24.92
15.46
6.08
-2.67
-10.78
-18.65
-26.7
-34.97
-42.99
-50.04
-55.45
-58.95
-60.54
-60.38
-58.49
-54.86
-49.61
-43.17
-36.29
-29.8
-24.3
-19.98
-16.61
-13.76
-11.12
-8.62
-6.46
-4.86
-3.94
-3.57
-3.39
-3.04
-2.38
-1.64
-1.49
-2.76
-6.09
-11.58
-18.69
-26.2
-32.58
-36.24
-35.92
-31.02
-21.78
-9.32
4.54
17.68
28.29
35.23
38.25
37.86
34.97
30.49
25.07
19.11
12.87
6.66
0.83
-4.29
-8.44
-11.5
-13.34
-13.83
-12.75
-9.75
-4.58
2.76
11.83
21.8
31.52
39.84
45.87
49.15
49.72
47.93
44.25
39.18
33.2
26.76
20.38
14.53
9.6
5.73
2.87
0.84
-0.54
-1.32
-1.53
-1.23
-0.58
0.1
0.49
0.36
-0.28
-1.3
-2.5
-3.75
-4.98
-6.22
-7.47
-8.68
-9.76
-10.66
-11.48
-12.49
-13.98
-16.1
-18.67
-21.18
-22.95
-23.47
-22.61
-20.69
-18.37
-16.29
-14.88
-14.15
-13.86
-13.58
-12.94
-11.72
-9.85
-7.42
-4.54
-1.41
1.79
4.94
7.96
10.84
13.59
16.17
18.48
20.29
21.32
21.33
20.16
17.85
14.71
11.25
8.12
5.91
4.91
5.09
6.04
7.16
7.91
8.1
7.98
8.16
9.3
11.77
15.46
19.81
24.02
27.36
29.41
30.04
29.32
27.34
24.07
19.54
13.89
7.45
0.74
-5.76
-11.71
-16.9
-21.21
-24.48
-26.5
-27.25
-26.97
-26.26
-25.93
-26.66
-28.73
-31.86
-35.33
-38.1
-39.22
-38.07
-34.43
-28.66
-21.57
-14.17
-7.54
-2.47
0.58
1.59
0.77
-1.52
-4.84
-8.73
-12.61
-15.95
-18.4
-19.84
-20.45
-20.59
-20.61
-20.69
-20.8
-20.79
-20.46
-19.71
-18.5
-16.88
-14.94
-12.77
-10.52
-8.29
-6.18
-4.23
-2.36
-0.48
1.58
3.88
6.45
9.16
11.77
13.98
15.48
16.1
15.81
14.74
13.14
11.29
9.47
7.89
6.67
5.83
5.26
4.76
4.09
3.09
1.72
0.11
-1.52
-2.98
-4.17
-5.08
-5.83
-6.52
-7.28
-8.16
-9.11
-10.05
-10.87
-11.48
-11.83
-11.85
-11.38
-10.14
-7.87
-4.44
-0.05
4.73
9.22
12.99
16.12
19.27
23.38
29.26
37.17
46.53
56.02
63.93
68.6
68.93
64.6
56.2
44.98
32.57
20.58
10.31
2.61
-2.18
-4.21
-3.95
-2.15
0.35
2.8
4.63
5.61
5.81
5.53
5.19
5.11
5.5
6.34
7.38
8.24
8.53
8.01
6.63
4.61
2.31
0.15
-1.56
-2.7
-3.33
-3.66
-3.95
-4.31
-4.72
-4.94
-4.68
-3.72
-2.08
0.07
2.43
4.74
6.91
8.95
10.93
12.86
14.65
16.2
17.37
18
17.81
16.45
13.51
8.88
2.99
-3.03
-7.64
-9.43
-7.75
-3.06
3.13
8.82
12.29
12.71
10.34
6.34
2.15
-1.08
-2.87
-3.45
-3.72
-4.7
-7.3
-11.82
-17.87
-24.5
-30.64
-35.51
-38.98
-41.6
-44.17
-47.19
-50.49
-53.14
-53.9
-51.76
-46.49
-38.7
-29.62
-20.62
-12.8
-6.83
-2.88
-0.84
-0.39
-1.09
-2.39
-3.69
-4.31
-3.75
-1.82
1.24
4.7
7.6
9
8.3
5.48
1.12
-3.89
-8.65
-12.53
-15.36
-17.34
-18.87
-20.38
-22.07
-23.86
-25.46
-26.51
-26.73
-26.08
-24.71
-22.9
-20.94
-19.11
-17.58
-16.47
-15.79
-15.42
-15.12
-14.61
-13.68
-12.29
-10.62
-8.94
-7.47
-6.25
-5.14
-3.93
-2.49
-0.78
1.16
3.32
5.79
8.73
12.18
16.02
19.86
23.19
25.58
26.87
27.19
26.82
25.86
23.95
20.32
14.15
5.15
-6.03
-17.87
-28.43
-36
-39.58
-38.97
-34.46
-26.54
-15.82
-3.08
10.42
23.04
33.11
39.5
42
41.36
38.85
35.65
32.45
29.33
26
22.22
18.07
13.98
10.53
8.12
6.67
5.73
4.67
3.03
0.74
-1.89
-4.35
-6.2
-7.25
-7.52
-7.15
-6.26
-4.97
-3.36
-1.55
0.26
1.85
3.05
3.73
3.87
3.52
2.77
1.8
0.78
-0.13
-0.87
-1.45
-1.96
-2.43
-2.8
-2.95
-2.8
-2.42
-2.04
-1.91
-2.22
-2.87
-3.5
-3.56
-2.58
-0.29
3.19
7.41
11.83
15.91
19.33
21.96
23.76
24.58
24.27
22.59
19.48
15.09
9.76
3.87
-2.28
-8.44
-14.06
-18.26
-20.1
-19.18
-16.35
-13.8
-14.26
-19.74
-30.34
-43.93
-57.04
-66.4
-70.28
-68.82
-63.48
-55.7
-46.22
-34.91
-21.46
-6.17
9.78
24.69
37.03
46.06
52.06
55.84
58.32
59.96
60.65
59.96
57.5
53.22
47.48
40.97
34.34
28.06
22.21
16.52
10.57
4.08
-2.9
-9.83
-15.84
-19.95
-21.39
-19.92
-15.94
-10.39
-4.64
-0.06
2.2
1.59
-1.79
-7.19
-13.49
-19.55
-24.45
-27.83
-29.81
-30.96
-32.04
-33.73
-36.32
-39.57
-42.67
-44.43
-43.7
-39.71
-32.27
-21.87
-9.41
4.02
17.36
29.71
40.36
48.73
54.42
57.23
57.23
54.76
50.4
44.87
38.81
32.73
26.86
21.33
16.24
11.78
8.16
5.58
4.06
3.44
3.39
3.55
3.77
4.11
4.84
6.31
8.75
12.13
16.13
20.12
23.33
24.97
24.42
21.38
15.93
8.48
-0.29
-9.6
-18.66
-26.84
-33.71
-39.02
-42.57
-44.15
-43.54
-40.56
-35.32
-28.3
-20.33
-12.41
-5.39
0.22
4.4
7.42
9.68
11.43
12.73
13.54
13.75
13.43
12.72
11.9
11.19
10.73
10.55
10.55
10.65
10.74
10.77
10.73
10.58
10.27
9.73
8.9
7.77
6.45
5.05
3.71
2.51
1.4
0.32
-0.8
-1.92
-2.86
-3.32
-2.96
-1.57
0.84
3.94
7.21
10.03
11.97
12.9
12.99
12.56
11.9
11.2
10.41
9.5
8.43
7.24
6.07
5.02
4.09
3.14
2
0.47
-1.44
-3.48
-5.14
-5.77
-4.9
-2.55
0.59
3.34
4.47
3.23
-0.34
-5.46
-11.11
-16.53
-21.42
-25.75
-29.21
-31
-30.05
-25.69
-18.22
-8.92
0.68
9.84
19.08
29.67
42.44
56.72
70.02
79.24
82.15
78.69
71.04
62.41
55.5
51.39
49.48
48.36
46.96
45.12
43.5
42.86
43.27
43.77
42.65
37.99
28.5
14.16
-3.53
-21.85
-37.58
-48.06
-52.05
-50.09
-44.28
-37.45
-32.01
-29.23
-28.95
-29.99
-30.96
-31
-30.07
-28.74
-27.72
-27.24
-26.92
-25.89
-23.25
-18.58
-12.17
-4.91
2.12
8.09
12.69
15.92
17.87
18.47
17.73
16.19
15.23
16.81
22.65
33.1
46.49
59.44
67.96
68.9
60.98
45.03
23.61
0.4
-20.47
-35.1
-40.71
-36.56
-24.68
-9.69
2.38
5.98
-1.96
-21.08
-47.72
-76.12
-100.05
-114.43
-116.33
-105.6
-84.7
-58.18
-31.64
-10.32
2.15
4.59
-1.56
-12.75
-24.5
-32.63
-34.35
-28.81
-17.04
-1.35
15.46
30.77
42.66
50.11
52.97
51.88
48.04
42.97
38.17
34.74
33.09
32.99
33.74
34.51
34.65
33.72
31.47
27.57
21.62
13.25
2.42
-10.26
-23.53
-35.74
-45.35
-51.41
-53.83
-53.19
-50.59
-47.29
-44.67
-43.99
-46.18
-51.4
-58.73
-66.03
-70.35
-68.85
-59.72
-42.83
-19.72
6.99
34.39
59.66
80.15
93.26
96.73
89.38
71.97
47.48
20.63
-3.49
-20.95
-30.03
-31.24
-26.8
-19.47
-11.87
-6.1
-3.42
-4.17
-7.52
-11.71
-14.54
-14.23
-10.14
-3.01
5.31
12.67
17.26
18.14
15.19
9.01
0.47
-9.38
-19.55
-29.13
-37.28
-43.49
-47.6
-49.78
-50.48
-50.22
-49.29
-47.73
-45.33
-41.82
-37.09
-31.35
-25.07
-18.86
-13.34
-9.01
-6.25
-5.31
-6.11
-8.14
-10.34
-11.25
-9.42
-3.96
5.17
17.05
30.16
42.81
53.58
61.51
66.09
66.95
63.84
56.7
46.07
33.36
20.81
10.96
5.71
5.51
8.94
13.01
14.17
9.56
-1.97
-19.51
-40.53
-61.73
-79.89
-92.41
-97.64
-94.84
-84.42
-67.99
-48.3
-28.89
-13.11
-3.16
0.52
-0.92
-5.4
-10.94
-16.2
-20.47
-23.22
-23.65
-20.66
-13.33
-1.64
13.26
29.26
43.92
55.28
62.35
65.17
64.48
61.23
56.24
49.94
42.57
34.36
25.85
18.01
12.22
9.91
12.07
18.81
28.97
40.27
49.88
55.25
54.82
48.37
36.87
22.03
5.71
-10.43
-25.16
-37.62
-47.33
-54.2
-58.47
-60.64
-61.2
-60.37
-58.07
-54
-47.92
-39.92
-30.6
-20.98
-12.29
-5.67
-1.86
-1.04
-2.77
-6.16
-10.16
-13.83
-16.6
-18.22
-18.69
-18.07
-16.41
-13.73
-10.11
-5.74
-0.86
4.17
9.02
13.32
16.83
19.39
21.02
21.77
21.68
20.74
18.85
15.97
12.24
8.1
4.2
1.29
-0.07
0.35
2.38
5.59
9.55
13.94
18.71
24.05
30.17
37.1
44.4
51.02
55.42
55.89
51.18
41.14
27.01
11.41
-2.31
-10.98
-12.66
-7.39
2.66
13.78
21.84
23.74
18.49
7.6
-5.37
-16.15
-21.41
-19.91
-12.95
-3.68
4.22
7.96
6.57
0.99
-6.5
-13.28
-17.25
-17.49
-14.27
-8.89
-3.18
0.99
2.27
0.17
-4.75
-10.98
-16.44
-19.16
-17.93
-12.87
-5.41
2.03
6.85
7.09
2.26
-6.54
-16.7
-24.98
-28.37
-25.01
-14.61
1.32
19.88
37.44
50.54
56.76
55.32
47.31
35.29
22.66
12.53
6.93
6.16
8.74
12.18
13.89
12.25
6.99
-0.84
-9.49
-17.17
-22.71
-25.64
-26.05
-24.36
-21.27
-17.75
-15.18
-15.07
-18.57
-26.09
-36.87
-49.11
-60.42
-68.43
-71.47
-69.03
-61.86
-51.71
-40.68
-30.6
-22.46
-16.34
-11.66
-7.67
-3.96
-0.63
2.01
3.71
4.64
5.4
6.65
8.81
11.81
15.06
17.71
18.93
18.24
15.61
11.46
6.57
1.82
-1.91
-4.08
-4.5
-3.44
-1.34
1.43
4.84
9.17
14.83
21.85
29.64
37.02
42.7
45.74
46.07
44.42
42.06
40.4
40.56
43.19
48.3
55.09
61.9
66.41
66.2
59.48
45.96
27
5.25
-16.24
-35.02
-49.78
-60.29
-66.89
-69.81
-68.91
-63.84
-54.61
-42.18
-28.57
-16.47
-8.43
-5.9
-8.74
-15.43
-23.67
-31.32
-37.05
-40.45
-41.85
-41.83
-40.95
-39.58
-37.99
-36.36
-34.63
-32.32
-28.56
-22.44
-13.6
-2.64
8.84
18.69
25.09
27.28
25.91
22.81
20.25
20.18
23.8
31.48
42.98
57.81
75.14
93.65
111.46
126.21
135.67
138.17
133.22
121.48
104.68
85.2
65.47
47.55
32.68
20.95
11.38
2.29
-8.05
-20.74
-36.01
-53.41
-72.14
-91.28
-109.69
-125.58
-136.33
-138.69
-129.73
-108.06
-75.01
-34.83
6.04
40.63
63.41
71.82
66.74
51.79
31.95
11.86
-5.21
-17.64
-25.24
-28.62
-28.88
-27.33
-25.39
-24.4
-25.25
-28.17
-32.62
-37.57
-41.79
-44.23
-44.3
-41.83
-37.17
-31.05
-24.4
-18.28
-13.56
-10.73
-9.75
-10.15
-11.26
-12.31
-12.57
-11.44
-8.47
-3.5
3.17
10.74
18
23.72
26.94
27.33
25.08
20.79
15.21
9.08
3.08
-2.2
-6.29
-8.87
-9.97
-9.9
-9.29
-8.77
-8.88
-9.94
-12.03
-14.98
-18.61
-22.65
-26.85
-30.99
-34.77
-37.83
-39.71
-39.97
-38.22
-34.35
-28.56
-21.43
-13.76
-6.26
0.6
6.82
12.65
18.47
24.6
31.02
37.43
43.23
47.71
50.11
49.83
46.52
40.17
31.17
20.24
8.29
-3.75
-15.02
-24.86
-32.72
-38.13
-40.68
-40.12
-36.4
-29.84
-21.23
-11.64
-2.29
5.89
12.42
17.27
20.72
23.08
24.58
25.27
25.2
24.62
23.96
23.72
24.23
25.52
27.28
29.1
30.63
31.68
32.23
32.24
31.72
30.78
29.8
29.52
30.99
35.13
42.2
51.41
60.81
67.75
69.63
64.86
53.41
37.03
18.78
2.31
-9.22
-14.02
-12.17
-5.68
2.28
8.29
9.91
6.4
-1.1
-10.05
-17.53
-21.27
-20.37
-15.43
-8.17
-0.85
4.48
6.44
4.67
-0.22
-6.82
-13.29
-17.84
-19.28
-17.31
-12.67
-6.89
-1.74
1.23
1.18
-1.99
-7.86
-15.71
-24.78
-34.36
-43.78
-52.38
-59.59
-65.01
-68.42
-69.84
-69.38
-67.18
-63.28
-57.6
-50.07
-40.77
-30.02
-18.42
-6.85
3.79
12.76
19.61
24.22
26.66
27.14
25.92
23.27
19.54
15.13
10.48
5.93
1.71
-2.08
-5.43
-8.28
-10.49
-11.88
-12.34
-11.94
-11.09
-10.43
-10.63
-12.12
-14.78
-17.98
-20.73
-22.12
-21.66
-19.46
-16.22
-12.96
-10.77
-10.48
-12.33
-15.68
-18.95
-19.97
-16.6
-7.64
6.47
23.48
39.93
52.28
58.1
56.86
49.92
39.94
29.95
22.38
18.55
18.58
21.69
26.65
32.23
37.4
41.37
43.45
43.13
40.17
34.74
27.58
19.82
12.55
6.43
1.47
-2.78
-6.81
-10.68
-13.98
-15.93
-15.88
-13.69
-9.81
-5.14
-0.65
2.91
5.21
6.29
6.4
5.91
5.16
4.42
3.87
3.45
2.98
2.21
0.99
-0.67
-2.51
-4.15
-5.32
-6.09
-7.04
-9.21
-13.72
-21.34
-31.99
-44.53
-56.97
-67.07
-73.05
-74.2
-71.03
-64.96
-57.78
-51
-45.48
-41.48
-38.91
-37.55
-37.26
-37.92
-39.34
-41.22
-43.18
-44.77
-45.51
-44.71
-41.49
-34.79
-23.71
-7.97
11.65
33.38
54.78
73.41
87.45
95.98
98.89
96.6
89.74
79.08
65.53
50.17
34.19
18.59
4.05
-9.25
-21.37
-32.28
-41.6
-48.58
-52.4
-52.56
-49.15
-42.84
-34.55
-24.9
-13.96
-1.21
14
31.85
51.65
71.81
90.18
104.63
113.4
115.43
110.47
99.2
83.31
65.36
48.26
34.46
25.18
19.91
16.54
12.13
3.79
-10.23
-29.94
-53.54
-77.68
-98.32
-111.59
-114.75
-106.93
-89.32
-64.89
-37.6
-11.52
10.01
24.92
32.49
33.35
29.01
21.36
12.24
3.18
-4.75
-10.85
-14.81
-16.74
-17.18
-17.02
-17.44
-19.48
-23.69
-29.92
-37.12
-43.68
-47.9
-48.42
-44.66
-36.9
-26.1
-13.65
-0.96
10.85
21.1
29.62
36.57
42.18
46.42
48.93
49.04
46.1
39.88
30.84
20.22
9.96
2.26
-1.01
1.08
8.01
17.76
27.21
33.01
32.67
25.47
12.77
-2.43
-16.54
-26.42
-30.24
-27.58
-19.19
-6.54
8.53
23.95
37.5
47.04
50.91
48.5
40.46
28.51
14.77
1.05
-11.75
-23.5
-34.43
-44.66
-53.78
-60.93
-65.1
-65.58
-62.3
-55.87
-47.39
-37.93
-28.15
-17.98
-6.82
6.04
20.79
36.74
52.35
65.69
75.03
79.27
77.99
71.37
60.13
45.64
30.21
16.9
8.87
8.38
15.66
28.68
43.64
56.39
63.77
64.4
58.63
47.68
32.94
15.6
-3.08
-21.36
-36.94
-47.51
-51.56
-49.17
-42.12
-33.11
-24.67
-18.03
-12.74
-7.13
0.58
11.24
24.23
37.67
49.23
56.93
59.65
57.24
50.26
39.76
27.16
14.19
2.75
-5.47
-9.59
-9.86
-7.57
-4.75
-3.58
-5.88
-12.81
-24.61
-40.39
-58.19
-75.19
-88.15
-94.08
-90.97
-78.19
-56.87
-29.89
-1.38
24.16
42.97
53.2
55.29
51.65
45.54
39.91
36.45
35.51
36.52
38.42
39.99
40.09
37.95
33.48
27.61
22.21
19.43
20.86
26.89
36.59
48.18
59.69
69.47
76.22
79.05
77.47
71.53
62.01
50.4
38.46
27.68
18.85
12.01
6.79
2.74
-0.46
-3.07
-5.47
-8.12
-11.47
-15.6
-20.21
-24.81
-29.02
-32.81
-36.41
-40.05
-43.62
-46.6
-48.34
-48.33
-46.53
-43.36
-39.5
-35.61
-32.15
-29.31
-27.12
-25.55
-24.56
-24.17
-24.34
-24.92
-25.68
-26.35
-26.78
-27.06
-27.42
-28.11
-29.15
-30.22
-30.79
-30.41
-28.99
-26.87
-24.67
-22.97
-22.07
-21.78
-21.56
-20.7
-18.53
-14.59
-8.84
-1.69
5.99
13.06
18.42
21.32
21.49
19.17
14.97
9.61
3.89
-1.46
-5.8
-8.75
-10.36
-11.14
-11.98
-13.71
-16.8
-21.01
-25.48
-29.03
-30.62
-29.78
-26.64
-21.79
-15.96
-9.74
-3.36
3.21
10.11
17.45
25.17
33.05
40.7
47.54
52.87
55.98
56.32
53.68
48.35
41.02
32.67
24.33
16.83
10.76
6.45
3.99
3.23
3.73
4.79
5.57
5.3
3.61
0.7
-2.62
-5.2
-5.96
-4.38
-0.74
3.91
8.04
10.05
8.67
3.25
-6.19
-18.92
-33.54
-48.11
-60.45
-68.64
-71.61
-69.66
-64.51
-58.81
-55.24
-55.56
-60.06
-67.56
-75.99
-82.94
-86.26
-84.25
-75.83
-60.76
-39.84
-15.07
10.51
33.54
51.21
62.06
66.18
64.98
60.45
54.39
48.06
42.13
36.95
32.67
29.35
26.97
25.38
24.48
24.2
24.61
25.82
27.89
30.67
33.75
36.61
38.79
40.01
40.23
39.49
37.87
35.42
32.18
28.27
23.87
19.22
14.56
10.11
6.11
2.76
0.27
-1.28
-1.87
-1.57
-0.55
0.99
2.81
4.63
6.15
7.06
7.2
6.52
5.2
3.52
1.78
0.25
-0.92
-1.67
-2.02
-2.06
-1.91
-1.74
-1.75
-2.11
-2.83
-3.77
-4.68
-5.27
-5.35
-4.97
-4.31
-3.73
-3.56
-4.05
-5.32
-7.32
-9.89
-12.75
-15.63
-18.23
-20.41
-22.23
-24.04
-26.33
-29.53
-33.66
-38.27
-42.43
-45.04
-45.26
-42.74
-37.73
-30.97
-23.35
-15.69
-8.62
-2.54
2.36
6.06
8.74
10.76
12.59
14.61
17.01
19.71
22.45
24.92
26.86
28.15
28.73
28.61
27.78
26.3
24.31
21.99
19.59
17.25
15.03
12.97
11.16
9.78
9.08
9.22
10.16
11.68
13.47
15.15
16.52
17.43
17.79
17.52
16.56
14.92
12.75
10.27
7.71
5.23
2.76
0.19
-2.54
-5.35
-8.01
-10.18
-11.44
-11.36
-9.52
-5.7
-0.01
6.99
14.28
20.72
25.48
28.32
29.68
30.34
31.07
32.37
34.55
37.81
42.36
48.12
54.44
59.88
62.62
61.01
54.37
43.22
29.06
13.78
-0.92
-13.66
-23.37
-29.02
-29.72
-25.1
-15.64
-2.88
10.94
23.4
32.59
37.46
37.88
34.38
27.82
19.18
9.38
-0.72
-10.5
-19.55
-27.72
-35.13
-42.01
-48.53
-54.58
-59.73
-63.3
-64.68
-63.42
-59.56
-53.55
-46.13
-38.08
-30.04
-22.5
-15.81
-10.3
-6.35
-4.26
-4.11
-5.65
-8.21
-10.93
-13.01
-13.86
-13.28
-11.38
-8.54
-5.16
-1.7
1.32
3.45
4.4
4.46
4.55
6.09
10.42
18.07
28.31
39.21
48.23
53.15
52.77
47.07
37.05
24.22
10.19
-3.39
-14.8
-22.36
-24.7
-21.23
-12.54
-0.3
13.09
25.24
34.3
39.36
40.46
38.33
34.04
28.62
22.8
16.77
10.18
2.45
-6.92
-17.93
-29.95
-42.03
-53.35
-63.69
-73.38
-82.95
-92.47
-101.22
-107.78
-110.58
-108.73
-102.43
-92.77
-81.18
-68.66
-55.43
-41.11
-25.34
-8.45
8.21
22.54
32.39
36.38
34.53
28.18
19.51
10.79
3.65
-1.17
-3.74
-4.56
-4.27
-3.39
-2.42
-1.73
-1.45
-1.13
0.36
4.56
12.66
24.72
39.19
53.31
64.03
69.22
68.4
62.68
54.02
44.2
34.25
24.38
14.58
5.08
-3.35
-9.65
-12.94
-13.09
-11
-8.44
-7.56
-10.14
-16.96
-27.44
-39.91
-52.12
-62.03
-68.38
-70.89
-70.12
-67.12
-62.89
-58.21
-53.36
-48.15
-41.94
-33.81
-22.81
-8.48
8.68
27.11
44.33
57.88
66
68.44
66.46
62.27
58.04
54.97
52.95
50.79
47.02
40.63
31.48
20.12
7.35
-6.1
-19.67
-32.7
-44.27
-53.23
-58.46
-59.49
-56.71
-51.32
-44.73
-38
-31.53
-25.11
-18.32
-11
-3.48
3.44
8.68
11.33
10.85
7.14
0.62
-7.82
-16.94
-25.18
-30.94
-32.88
-30.22
-22.94
-11.84
1.74
16.09
29.4
39.98
46.35
47.52
43.17
34.07
22.04
9.72
-0.09
-5.26
-4.85
0.72
9.83
20.2
29.35
35.08
35.96
31.61
22.86
11.47
-0.36
-10.71
-18.3
-22.64
-23.79
-22.04
-17.74
-11.24
-2.93
6.77
17.5
29.01
41.05
53.09
64.14
72.74
77.43
77.37
72.67
64.36
53.9
42.52
30.85
18.92
6.55
-6.18
-18.65
-29.91
-39.05
-45.66
-49.97
-52.55
-53.98
-54.47
-53.83
-51.64
-47.67
-41.96
-34.89
-26.95
-18.61
-10.27
-2.4
4.41
9.53
12.64
13.94
14.15
14.26
15.01
16.62
18.68
20.41
21.08
20.32
18.18
15.01
11.26
7.38
3.81
1.01
-0.68
-1.25
-1.18
-1.39
-2.93
-6.39
-11.57
-17.45
-22.64
-25.94
-26.86
-25.66
-22.99
-19.65
-16.23
-13.29
-11.43
-11.34
-13.66
-18.58
-25.72
-34.07
-42.29
-48.94
-52.74
-52.78
-48.71
-40.92
-30.51
-19.08
-8.12
1.4
9.42
16.44
23
29.05
33.75
35.89
34.56
29.86
23.11
16.48
12.1
11.32
14.19
19.54
25.51
30.13
31.84
29.91
24.38
15.91
5.53
-5.63
-16.57
-26.39
-34.25
-39.35
-40.97
-38.65
-32.36
-22.58
-10.26
3.36
17.04
29.57
39.86
46.9
49.79
47.93
41.25
30.44
17.01
3.15
-8.74
-16.57
-19.1
-16.26
-9.11
0.61
11.12
21.04
29.72
36.95
42.75
47.01
49.38
49.49
47.17
42.62
36.27
28.7
20.37
11.8
3.68
-2.96
-6.85
-6.89
-2.88
4.15
11.92
17.67
19.16
15.54
7.69
-2.37
-12.37
-20.76
-27.03
-31.5
-34.71
-36.99
-38.28
-38.35
-37.2
-35.2
-33.04
-31.37
-30.59
-30.71
-31.45
-32.47
-33.45
-34.24
-34.78
-35.11
-35.23
-35.06
-34.38
-32.92
-30.42
-26.84
-22.41
-17.57
-12.94
-9.07
-6.31
-4.78
-4.27
-4.39
-4.68
-4.77
-4.6
-4.34
-4.38
-5.1
-6.64
-8.83
-11.24
-13.3
-14.51
-14.65
-13.77
-12.16
-10.18
-8.16
-6.34
-4.87
-3.89
-3.59
-4.16
-5.75
-8.31
-11.54
-14.97
-18.02
-20.13
-20.86
-19.94
-17.23
-12.78
-6.83
0.02
6.71
11.8
13.73
11.31
4.23
-6.54
-18.87
-29.99
-37.17
-38.72
-34.45
-25.77
-15.3
-6.04
-0.53
-0.03
-4.25
-11.42
-18.93
-24.13
-25.21
-21.73
-14.63
-5.88
2.17
7.45
8.68
5.67
-0.66
-8.41
-15.22
-18.84
-17.8
-11.84
-1.93
10.09
22.17
32.56
40.2
44.69
46.24
45.43
43.06
40.05
37.33
35.53
34.79
34.67
34.26
32.68
29.46
24.87
19.86
15.62
13.06
12.44
13.4
15.22
17.3
19.43
21.81
24.82
28.65
33.2
38.1
42.87
47.05
50.33
52.56
53.82
54.39
54.7
55.13
55.72
55.98
54.82
50.8
42.61
29.64
12.37
-7.49
-27.33
-44.47
-56.93
-64.2
-67.36
-68.59
-70.21
-73.68
-79.07
-85.27
-90.81
-94.5
-95.86
-94.82
-91.31
-85
-75.45
-62.58
-47.09
-30.41
-14.22
0.29
12.77
23.6
33.38
42.3
49.99
55.68
58.73
58.94
56.66
52.55
47.27
41.21
34.56
27.45
20.03
12.55
5.19
-1.87
-8.35
-13.61
-16.61
-16.17
-11.61
-3.37
6.83
16.42
22.86
24.64
21.73
15.34
7.19
-1.2
-8.97
-15.73
-21.11
-24.55
-25.26
-22.66
-16.83
-8.66
0.39
8.76
15.37
19.9
22.65
24.29
25.35
26.07
26.41
26.27
25.71
24.96
24.38
24.19
24.39
24.65
24.49
23.49
21.51
18.71
15.67
13.25
12.47
14.38
19.74
28.77
40.9
54.72
68.35
80.01
88.64
94.12
96.92
97.24
94.4
86.73
72.52
51.25
24.62
-3.67
-29.15
-48.23
-59.57
-64.13
-64.27
-62.34
-59.65
-56.36
-52.04
-46.39
-39.66
-32.52
-25.71
-19.84
-15.4
-12.85
-12.83
-15.82
-21.78
-29.75
-37.91
-43.99
-46.2
-43.89
-37.9
-30.17
-22.97
-18.07
-16.26
-17.41
-20.79
-25.63
-31.45
-37.83
-44.12
-49.13
-51.3
-49.32
-42.91
-33.25
-22.77
-14.36
-10.17
-10.88
-15.55
-22.22
-28.83
-33.97
-37.17
-38.58
-38.53
-37.16
-34.46
-30.51
-25.6
-20.3
-15.29
-11.14
-8.19
-6.51
-5.92
-6.07
-6.48
-6.58
-5.86
-4.04
-1.21
2.28
5.94
9.53
13.13
16.99
21.22
25.41
28.54
29.4
27.11
21.57
13.65
4.92
-2.93
-8.53
-11.13
-10.62
-7.28
-1.73
5.12
12.25
18.59
23.31
26.09
27.16
27.17
27
27.37
28.59
30.43
32.25
33.26
32.86
30.94
27.78
23.95
19.92
15.81
11.52
7.03
2.94
0.67
2.14
8.72
20.45
35.44
50.3
61.13
64.67
59.25
45.09
24.09
-0.81
-26.3
-49.35
-67.51
-79.16
-83.64
-81.23
-73.09
-61.07
-47.38
-34.23
-23.38
-15.85
-11.7
-10.29
-10.56
-11.55
-12.73
-14.04
-15.71
-18.03
-21.12
-24.79
-28.66
-32.12
-34.6
-35.76
-35.59
-34.46
-32.95
-31.49
-30.15
-28.48
-25.68
-21.08
-14.4
-5.94
3.6
13.51
23.36
33.1
42.82
52.57
62.01
70.56
77.56
82.48
84.96
84.86
82.07
76.58
68.71
59.41
50.47
44.2
42.71
46.85
55.49
65.59
73.09
74.39
67.63
53.29
33.72
12.07
-8.75
-26.81
-41.08
-51.06
-56.46
-57.09
-53.05
-44.86
-33.48
-20.03
-5.6
8.96
22.95
35.71
46.67
55.32
61.46
65.31
67.46
68.56
69
68.56
66.55
62.11
54.6
43.93
30.59
15.49
-0.19
-15.07
-27.7
-36.76
-41.26
-40.91
-36.32
-28.93
-20.65
-13.39
-8.52
-6.6
-7.44
-10.18
-13.77
-17.12
-19.46
-20.47
-20.25
-19.21
-17.82
-16.5
-15.49
-14.94
-14.88
-15.26
-15.99
-16.94
-18.19
-20
-22.91
-27.42
-33.71
-41.46
-49.73
-57.24
-62.67
-65.05
-63.97
-59.69
-53.08
-45.45
-38.18
-32.34
-28.37
-26.1
-24.95
-24.55
-24.97
-26.75
-30.45
-36.13
-42.92
-49.19
-53.11
-53.36
-49.57
-42.37
-33
-22.72
-12.6
-3.27
4.84
11.44
16.28
19.29
20.57
20.44
19.45
18.04
16.57
15.14
13.66
11.86
9.54
6.52
2.81
-1.38
-5.65
-9.5
-12.4
-13.89
-13.73
-11.92
-8.79
-4.85
-0.7
3.17
6.42
8.91
10.53
11.22
10.97
9.84
8.1
6.18
4.54
3.53
3.25
3.54
4.13
4.78
5.39
5.91
6.37
6.77
7.09
7.34
7.55
7.76
8.01
8.24
8.37
8.37
8.26
8.07
7.79
7.35
6.66
5.79
4.93
4.4
4.43
4.93
5.52
5.65
4.93
3.39
1.6
0.37
0.42
1.97
4.68
7.83
10.64
12.53
13.34
13.23
12.66
12.2
12.4
13.63
15.86
18.51
20.37
19.86
15.52
6.73
-5.8
-19.89
-32.46
-40.42
-41.73
-36.18
-25.49
-12.77
-1.42
5.97
8.41
6.6
2.43
-1.9
-4.65
-4.96
-2.81
1.36
6.98
13.47
20.12
25.88
29.43
29.46
25.33
17.44
7.25
-3.07
-11.42
-16.39
-17.55
-15.29
-10.53
-4.37
2.14
7.99
12.32
14.48
14.31
12.18
8.99
5.86
3.74
3.15
4.07
6.02
8.17
9.58
9.35
7.07
2.94
-2.03
-6.17
-7.73
-5.44
0.86
10.14
20.41
29.39
35.02
35.79
30.73
19.5
2.47
-18.99
-42.36
-64.17
-80.75
-89.27
-88.66
-79.85
-65.37
-48.43
-31.95
-18.04
-7.8
-1.48
1.31
1.47
0.22
-1.15
-1.47
0.01
3.7
9.61
17.47
26.69
36.2
44.54
50.01
51.29
48.01
40.97
31.83
22.49
14.31
7.76
2.62
-1.64
-5.34
-8.44
-10.71
-12.05
-12.66
-12.96
-13.42
-14.26
-15.51
-17.03
-18.64
-20.16
-21.32
-21.76
-21.17
-19.36
-16.36
-12.39
-7.69
-2.37
3.63
10.4
17.89
25.76
33.37
40.01
44.98
47.94
48.85
47.95
45.6
42.03
37.27
31.18
23.64
14.73
4.98
-4.73
-13.43
-20.26
-24.78
-26.9
-26.91
-25.21
-22.35
-18.95
-15.65
-13.16
-12.08
-12.82
-15.46
-19.66
-24.67
-29.53
-33.31
-35.48
-36.15
-35.93
-35.67
-35.88
-36.32
-36.02
-33.66
-28.16
-19.25
-7.61
5.36
17.94
28.61
36.29
40.47
41.27
39.37
35.95
32.44
30.21
30.16
32.48
36.51
40.97
44.18
44.62
41.37
34.68
26.02
17.84
12.8
12.77
18.05
27.18
37.33
45.3
48.65
46.49
39.6
30.04
20.3
12.53
7.99
6.81
8.14
10.44
11.99
11.28
7.35
-0.05
-10.42
-22.66
-35.33
-47
-56.6
-63.58
-67.95
-70.09
-70.54
-69.81
-68.2
-65.81
-62.58
-58.46
-53.51
-47.98
-42.27
-36.84
-32.05
-28.16
-25.2
-23.07
-21.49
-19.97
-17.91
-14.63
-9.63
-2.88
5.12
13.46
21.02
26.85
30.42
31.73
31.21
29.59
27.64
26
25.13
25.19
26.11
27.62
29.34
30.85
31.75
31.77
30.89
29.32
27.41
25.47
23.61
21.63
19.14
15.85
11.78
7.35
3.3
0.33
-1.11
-1.02
0.2
1.95
3.6
4.64
4.77
3.9
2.13
-0.26
-2.86
-5.24
-6.93
-7.61
-7.12
-5.5
-3.02
-0.13
2.65
4.82
6.06
6.23
5.46
4.02
2.15
0.14
-1.89
-3.84
-5.66
-7.28
-8.62
-9.54
-9.98
-9.97
-9.59
-9.01
-8.47
-8.16
-8.23
-8.75
-9.63
-10.72
-11.78
-12.56
-12.81
-12.39
-11.31
-9.68
-7.73
-5.68
-3.76
-2.16
-1.03
-0.44
-0.4
-0.75
-1.25
-1.65
-1.72
-1.38
-0.71
0.17
1.15
2.17
3.27
4.49
5.78
7.11
8.43
9.68
10.88
12.06
13.15
14.09
14.73
15.01
14.98
14.74
14.45
14.24
14.13
14.12
14.15
14.21
14.31
14.5
14.77
15.11
15.48
15.76
15.83
15.53
14.69
13.19
10.98
8.09
4.65
0.8
-3.32
-7.58
-11.9
-16.24
-20.59
-24.94
-29.24
-33.24
-36.52
-38.57
-38.87
-37.26
-34
-29.86
-25.89
-23.1
-22.17
-23.2
-25.78
-28.89
-31.18
-31.17
-27.69
-20.28
-9.44
3.34
16.11
26.98
34.88
39.71
42.29
43.72
44.84
45.86
46.37
45.75
43.51
39.58
34.2
27.76
20.57
12.97
5.57
-0.64
-4.41
-4.72
-1.39
4.62
11.37
16.61
18.58
16.72
11.62
4.73
-2.34
-8.38
-12.72
-15.15
-15.71
-14.6
-12.18
-9.19
-6.64
-5.58
-6.71
-10.03
-14.84
-19.98
-24.42
-27.55
-29.39
-30.27
-30.61
-30.68
-30.62
-30.54
-30.5
-30.49
-30.29
-29.45
-27.34
-23.38
-17.22
-8.85
1.37
12.76
24.41
35.27
44.4
51.15
55.26
56.84
56.26
53.96
50.35
45.84
40.77
35.45
30.12
24.9
19.73
14.53
9.17
3.51
-2.54
-9.07
-16.14
-23.71
-31.54
-39.26
-46.4
-52.54
-57.39
-60.85
-62.85
-63.35
-62.18
-59.12
-53.95
-46.63
-37.34
-26.49
-14.59
-2.16
10.33
22.46
33.73
43.56
51.25
56.18
57.94
56.6
52.63
46.79
39.94
32.81
25.93
19.86
15.26
12.92
13.56
17.33
23.42
30.04
34.82
35.71
31.78
23.58
12.97
2.45
-5.61
-9.6
-8.92
-3.95
4.16
13.77
23.13
30.73
35.65
37.64
37.1
34.73
31.25
27.2
22.89
18.56
14.48
10.87
7.91
5.58
3.73
2.1
0.47
-1.27
-3.17
-5.13
-7.06
-8.84
-10.34
-11.55
-12.51
-13.35
-14.2
-15.08
-15.88
-16.45
-16.61
-16.33
-15.77
-15.13
-14.57
-14.1
-13.58
-12.97
-12.37
-12.11
-12.72
-14.66
-18.07
-22.68
-27.89
-32.92
-37
-39.58
-40.32
-39.17
-36.33
-32.19
-27.28
-22.18
-17.4
-13.23
-9.75
-6.78
-4.05
-1.31
1.54
4.33
6.72
8.35
9.01
8.75
7.89
6.85
6.01
5.56
5.48
5.62
5.79
5.87
5.79
5.53
5.09
4.43
3.59
2.6
1.62
0.84
0.43
0.49
1.05
1.95
2.96
3.77
4.14
3.93
3.14
1.95
0.58
-0.7
-1.71
-2.37
-2.76
-2.98
-3.2
-3.46
-3.74
-3.95
-4.04
-4.04
-4.05
-4.11
-4.22
-4.27
-4.09
-3.62
-2.86
-1.98
-1.16
-0.51
-0.04
0.34
0.71
1.09
1.4
1.5
1.35
1.01
0.67
0.61
1.01
1.92
3.23
4.68
5.99
6.94
7.44
7.52
7.3
6.92
6.51
6.17
5.94
5.86
5.9
6.02
6.14
6.17
6.03
5.66
4.99
4
2.67
1.1
-0.56
-2.12
-3.51
-4.77
-6.11
-7.73
-9.74
-12.04
-14.31
-16.14
-17.2
-17.41
-16.88
-15.83
-14.46
-12.9
-11.2
-9.45
-7.86
-6.78
-6.63
-7.79
-10.41
-14.28
-18.81
-23.11
-26.14
-26.97
-25
-20.22
-13.12
-4.64
4.09
12.11
18.93
24.48
29.13
33.33
37.43
41.56
45.57
49.21
52.22
54.44
55.79
56.28
55.98
54.92
53.12
50.52
46.91
41.88
34.96
25.9
14.88
2.84
-8.73
-18.05
-23.61
-24.74
-21.72
-15.67
-8.01
-0.1
7.19
13.2
17.47
19.56
19.08
15.89
10.14
2.26
-7.25
-17.84
-28.97
-39.95
-49.91
-57.95
-63.34
-65.81
-65.54
-63.08
-59
-53.85
-48.07
-42.24
-37.03
-33.08
-30.61
-29.32
-28.32
-26.5
-22.99
-17.42
-10.03
-1.47
7.5
16.22
24.19
31.05
36.49
40.24
42.2
42.48
41.4
39.34
36.58
33.18
29.1
24.34
19.11
13.87
9.16
5.45
2.93
1.52
0.87
0.61
0.41
0.05
-0.57
-1.49
-2.76
-4.35
-6.3
-8.73
-11.82
-15.8
-20.73
-26.4
-32.24
-37.48
-41.29
-43.03
-42.28
-38.85
-32.81
-24.47
-14.45
-3.7
6.57
15.24
21.52
25.1
26.2
25.33
23.11
20.07
16.64
13.19
10.02
7.38
5.36
3.92
2.85
1.92
0.97
-0.07
-1.12
-2.12
-3.03
-3.85
-4.67
-5.55
-6.43
-7.21
-7.78
-8.09
-8.21
-8.31
-8.51
-8.86
-9.32
-9.72
-9.89
-9.7
-9.13
-8.25
-7.25
-6.34
-5.76
-5.69
-6.18
-7.11
-8.21
-9.15
-9.71
-9.87
-9.85
-10.05
-10.99
-13.04
-16.32
-20.58
-25.12
-28.85
-30.43
-28.6
-22.62
-12.62
0.2
13.85
25.91
34.28
37.62
35.66
29.17
19.64
8.9
-1.34
-9.66
-15.2
-17.56
-16.83
-13.45
-8.24
-2.25
3.36
7.65
10.19
11.28
11.83
13.01
15.62
19.74
24.71
29.53
33.37
35.99
37.6
38.51
38.62
37.3
33.62
27.03
18.02
8.2
-0.06
-4.56
-4.18
0.79
8.86
18.17
27.06
34.42
39.5
41.72
40.47
35.37
26.71
15.57
3.8
-6.58
-14.1
-18.21
-19.24
-18.09
-15.68
-12.78
-9.96
-7.6
-5.96
-5.14
-4.91
-4.82
-4.4
-3.33
-1.66
0.23
1.85
2.85
3.17
2.95
2.34
1.28
-0.49
-3.3
-7.35
-12.47
-18.14
-23.62
-28.08
-30.72
-30.91
-28.37
-23.28
-16.49
-9.27
-3
1.21
2.97
2.54
0.66
-1.92
-4.64
-7.25
-9.59
-11.43
-12.51
-12.58
-11.66
-9.99
-7.93
-5.79
-3.68
-1.57
0.6
2.68
4.46
5.64
5.99
5.58
4.63
3.54
2.69
2.3
2.32
2.41
2.04
0.79
-1.48
-4.45
-7.48
-9.84
-11.01
-11.03
-10.38
-9.86
-10.1
-11.2
-12.54
-12.75
-10.01
-2.48
11.02
30.33
53.56
77.12
96.6
108.03
109.35
101.14
86.49
69.84
55.45
45.95
41.74
41.13
41.3
39.59
34.4
25.77
15.26
5.28
-1.84
-4.69
-3.32
0.82
5.55
8.75
9.1
6.47
1.71
-3.86
-8.96
-12.75
-14.86
-15.28
-14.24
-12.1
-9.4
-6.84
-5.18
-4.94
-6.24
-8.64
-11.39
-13.71
-15.13
-15.61
-15.48
-15.24
-15.38
-16.23
-17.9
-20.23
-22.79
-25.02
-26.34
-26.48
-25.55
-24.04
-22.6
-21.77
-21.68
-22.14
-22.72
-23.03
-22.92
-22.44
-21.83
-21.34
-21.14
-21.31
-21.81
-22.54
-23.28
-23.82
-23.93
-23.44
-22.29
-20.57
-18.5
-16.42
-14.64
-13.43
-12.89
-12.94
-13.35
-13.79
-14
-13.88
-13.51
-13.09
-12.8
-12.75
-12.86
-13.04
-13.24
-13.43
-13.71
-14.13
-14.7
-15.37
-16.1
-16.86
-17.69
-18.61
-19.53
-20.21
-20.37
-19.77
-18.45
-16.74
-15.16
-14.18
-14.01
-14.36
-14.51
-13.55
-10.67
-5.54
1.53
9.64
17.5
23.84
27.8
29.1
28.03
25.24
21.39
16.92
11.97
6.46
0.26
-6.63
-13.89
-20.94
-26.93
-31.01
-32.56
-31.4
-27.86
-22.75
-16.91
-11.01
-5.31
0.19
5.5
10.4
14.41
17.09
18.34
18.54
18.29
18.14
18.2
18.13
17.42
15.67
12.9
9.47
5.88
2.5
-0.56
-3.36
-6.04
-8.67
-11.11
-13.14
-14.45
-14.75
-13.96
-12.29
-10.21
-8.4
-7.38
-7.41
-8.3
-9.57
-10.61
-10.89
-10.11
-8.15
-5.13
-1.31
2.87
6.86
10.14
12.36
13.5
13.79
13.66
13.53
13.6
13.91
14.23
14.31
13.94
13.01
11.65
10.13
8.77
7.87
7.58
7.88
8.6
9.53
10.5
11.54
12.86
14.78
17.55
21.25
25.62
30.17
34.26
37.39
39.26
39.93
39.76
39.3
39.25
40.23
42.46
45.49
47.94
47.83
43.22
33.07
17.91
-0.16
-18.09
-33
-43.12
-48.17
-49.04
-47.04
-43.23
-38.18
-32.13
-25.38
-18.6
-12.68
-8.44
-6.2
-5.61
-5.81
-5.84
-4.97
-3.08
-0.56
1.94
3.83
4.79
4.9
4.49
3.98
3.64
3.54
3.48
3.17
2.33
0.8
-1.5
-4.62
-8.64
-13.68
-19.65
-26.23
-32.77
-38.44
-42.59
-44.93
-45.7
-45.57
-45.29
-45.44
-46.15
-47.15
-47.97
-48.09
-47.2
-45.11
-41.71
-36.88
-30.43
-22.32
-12.77
-2.43
7.66
16.25
22.27
25.03
24.41
20.93
15.53
9.35
3.59
-0.72
-2.81
-2.28
0.89
6.24
13.04
20.32
27.09
32.55
36.13
37.63
37.16
35.07
31.86
28.14
24.48
21.31
18.77
16.71
14.72
12.42
9.52
6.01
2.24
-1.32
-4.17
-6.05
-7.03
-7.45
-7.7
-8.07
-8.58
-8.98
-8.92
-8.24
-6.96
-5.4
-3.94
-2.74
-1.7
-0.45
1.38
3.97
7.1
10.29
12.99
14.89
16.1
17.11
18.52
20.75
23.89
27.58
31.27
34.38
36.4
36.86
35.17
30.72
23.1
12.41
-0.46
-14.03
-26.68
-37.22
-45.09
-50.34
-53.1
-53.13
-49.7
-41.94
-29.47
-12.97
5.62
23.59
38.18
47.34
50.35
47.78
41.14
32.27
22.82
13.93
6.35
0.62
-2.77
-3.42
-1.36
2.78
7.81
12.33
15.22
16.06
15.2
13.34
11.15
8.9
6.55
4.05
1.62
-0.27
-1.25
-1.39
-1.37
-2.14
-4.35
-7.83
-11.61
-14.37
-15.1
-13.55
-10.25
-6.14
-2.23
0.62
1.62
0.09
-4.38
-11.7
-21.01
-30.76
-39.18
-44.84
-47.1
-46.2
-43.05
-38.77
-34.29
-30.12
-26.14
-21.76
-16.12
-8.49
1.25
12.53
24.13
34.7
43.16
49.07
52.56
54.08
53.96
52.27
48.9
43.89
37.81
31.95
28.07
27.7
31.37
38.02
45.24
50.21
50.83
46.51
38.05
26.78
13.58
-1.4
-18.25
-36.31
-53.64
-67.19
-73.94
-72.22
-62.41
-46.81
-28.61
-10.96
3.82
14.28
19.7
19.86
14.92
5.5
-7.29
-21.81
-36.1
-48.1
-56.15
-59.38
-57.91
-52.78
-45.56
-37.85
-30.8
-24.92
-20.03
-15.62
-11.06
-5.83
0.18
6.73
13.15
18.67
22.67
24.96
25.78
25.65
24.96
23.7
21.6
18.36
14.2
10.08
7.52
8.02
12.31
19.86
28.93
37.12
42.26
43.15
39.82
33.33
25.17
16.63
8.52
1.25
-4.83
-9.4
-12.14
-13.09
-12.77
-12.06
-11.83
-12.45
-13.54
-14.06
-12.83
-9.07
-2.8
5.09
13.03
19.27
22.37
21.61
17.19
10.14
1.98
-5.82
-12.14
-16.46
-18.82
-19.52
-18.96
-17.46
-15.21
-12.43
-9.3
-6.02
-2.67
0.69
4.02
7.1
9.6
11.15
11.59
11.07
10.01
8.92
8.13
7.72
7.45
7.05
6.2
4.68
2.39
-0.64
-4.15
-7.62
-10.27
-11.5
-11.06
-9.39
-7.56
-6.76
-7.82
-10.74
-14.79
-18.81
-21.93
-23.78
-24.61
-24.89
-24.89
-24.44
-22.96
-19.71
-14.11
-5.97
4.42
16.32
28.47
39.34
47.34
51.32
51.05
47.47
42.55
38.76
38.16
41.62
48.53
56.96
64.33
68.26
67.16
60.71
49.76
36
21.48
8.11
-2.69
-10.18
-14.22
-15.13
-13.48
-10.03
-5.6
-1.13
2.5
4.59
4.97
4.03
2.64
1.76
1.93
3.07
4.57
5.62
5.61
4.47
2.6
0.59
-1.17
-2.71
-4.44
-6.86
-10.23
-14.4
-18.79
-22.62
-25.1
-25.8
-24.68
-22.24
-19.33
-17.02
-16.24
-17.4
-20.13
-23.18
-24.8
-23.41
-18.31
-10.21
-1.16
6.21
9.6
7.96
1.81
-7
-16.02
-22.91
-26.1
-25.09
-20.43
-13.53
-6.28
-0.54
2.35
1.87
-1.54
-6.78
-12.52
-17.63
-21.34
-23.29
-23.46
-22.07
-19.63
-16.81
-14.38
-12.89
-12.43
-12.68
-12.99
-12.71
-11.48
-9.37
-6.8
-4.38
-2.63
-1.82
-1.96
-2.87
-4.34
-6.2
-8.41
-10.97
-13.88
-17.04
-20.26
-23.28
-25.8
-27.62
-28.59
-28.73
-28.15
-27.06
-25.64
-24.11
-22.63
-21.36
-20.54
-20.49
-21.6
-24.15
-28.25
-33.52
-39.06
-43.54
-45.41
-43.39
-36.89
-26.23
-12.43
3.13
19.21
34.87
49.41
62.2
72.47
79.52
82.9
82.79
79.95
75.61
70.83
66.2
61.78
57.22
52.25
46.87
41.49
36.69
33.04
30.83
30.03
30.4
31.53
33.05
34.59
35.75
36.15
35.56
34.19
32.82
32.75
35.38
41.72
51.88
64.92
79.04
92.06
102.01
107.49
107.91
103.35
94.38
81.81
66.5
49.32
31.04
12.4
-6.1
-24.1
-41.35
-57.44
-71.6
-82.62
-89.13
-90.12
-85.43
-75.94
-63.34
-49.58
-36.3
-24.67
-15.49
-9.51
-7.53
-10.14
-17.32
-28.08
-40.67
-53.1
-63.74
-71.76
-77.03
-79.66
-79.61
-76.57
-70.16
-60.51
-48.56
-36.02
-25
-17.32
-13.84
-14.23
-17.07
-20.43
-22.43
-21.77
-17.95
-11.22
-2.4
7.39
16.85
24.73
30.01
32.06
30.82
26.89
21.32
15.27
9.69
5.07
1.4
-1.55
-4.01
-5.93
-6.97
-6.69
-4.82
-1.51
2.63
6.66
9.59
10.65
9.43
5.94
0.53
-6.22
-13.41
-19.86
-24.05
-24.53
-20.44
-12.03
-0.91
10.28
18.81
22.79
21.83
17.01
10.22
3.34
-2.42
-6.73
-9.83
-12.19
-14.17
-15.91
-17.36
-18.34
-18.53
-17.55
-15.09
-11.09
-6
-0.69
3.76
6.45
6.92
5.26
2.01
-2.11
-6.35
-10.1
-12.88
-14.33
-14.19
-12.48
-9.55
-6.02
-2.65
-0.03
1.61
2.43
2.84
3.21
3.71
4.25
4.52
4.22
3.2
1.51
-0.73
-3.31
-5.99
-8.49
-10.55
-12.1
-13.35
-14.92
-17.68
-22.36
-29.24
-37.88
-47.28
-56.14
-63.3
-68.02
-70.01
-69.29
-66.06
-60.52
-52.92
-43.72
-33.65
-23.67
-14.76
-7.62
-2.42
1.16
3.74
6
8.34
10.86
13.48
16.03
18.41
20.55
22.4
23.9
25.04
25.89
26.58
27.17
27.61
27.75
27.4
26.51
25.18
23.59
21.86
20.03
18.07
15.92
13.69
11.61
9.91
8.74
8.04
7.63
7.26
6.75
5.97
4.93
3.69
2.39
1.17
0.2
-0.39
-0.52
-0.18
0.55
1.49
2.38
2.89
2.74
1.82
0.31
-1.41
-2.82
-3.45
-3.07
-1.77
0.16
2.29
4.33
6.09
7.48
8.43
8.9
8.85
8.41
7.78
7.17
6.65
6.06
5.07
3.39
1
-1.83
-4.59
-6.81
-8.27
-9.08
-9.53
-9.82
-9.98
-9.8
-9.04
-7.61
-5.61
-3.35
-1.15
0.68
1.94
2.45
2.09
0.82
-1.21
-3.67
-6.1
-8.01
-9.1
-9.32
-8.88
-8.07
-7.18
-6.35
-5.49
-4.44
-3.04
-1.31
0.56
2.25
3.47
4.09
4.2
4.01
3.73
3.48
3.25
3.02
2.77
2.5
2.19
1.67
0.71
-0.86
-3.03
-5.46
-7.65
-9.04
-9.37
-8.69
-7.36
-5.83
-4.36
-2.98
-1.5
0.26
2.31
4.46
6.35
7.7
8.35
8.37
7.86
6.98
5.89
4.77
3.83
3.3
3.3
3.76
4.43
4.94
4.95
4.26
2.87
1
-0.95
-2.42
-2.75
-1.45
1.61
5.93
10.45
13.8
14.83
13.01
8.64
2.78
-3.22
-8.11
-11.17
-12.19
-11.58
-9.98
-8.25
-7.19
-7.33
-8.79
-11.15
-13.34
-13.84
-11.12
-4.23
6.6
19.81
32.95
43.45
49.51
50.61
47.36
40.98
32.47
22.26
10.16
-4.09
-20.21
-36.97
-52.27
-63.67
-69.11
-67.59
-59.49
-46.6
-31.59
-17.33
-6.05
1.12
4.22
4.26
2.75
1.24
0.95
2.59
6.24
11.43
17.23
22.49
26.04
27.01
25
20.22
13.3
5.19
-3.08
-10.56
-16.47
-20.26
-21.79
-21.32
-19.43
-16.87
-14.23
-11.78
-9.44
-6.93
-4.05
-0.84
2.34
5.06
7.03
8.24
8.99
9.63
10.44
11.39
12.22
12.48
11.88
10.29
7.86
4.96
1.92
-1.06
-3.98
-6.93
-9.98
-12.97
-15.54
-17.28
-17.83
-17.07
-15.01
-11.74
-7.29
-1.66
5.02
12.39
19.75
26.33
31.46
34.97
37.14
38.6
39.85
41.04
41.84
41.6
39.72
35.91
30.37
23.67
16.5
9.47
2.97
-2.79
-7.64
-11.42
-13.98
-15.32
-15.68
-15.53
-15.41
-15.68
-16.41
-17.31
-17.94
-17.99
-17.49
-16.81
-16.44
-16.81
-18.06
-19.99
-22.01
-23.15
-22.06
-17.23
-7.55
7.02
25.06
43.69
59.42
69.36
72.32
69.23
62.71
55.91
51.39
50.47
53.2
58.88
66.42
74.54
81.64
85.89
85.54
79.65
68.57
53.92
38.02
22.95
10
-0.6
-9.1
-15.76
-20.59
-23.48
-24.63
-24.69
-24.67
-25.48
-27.63
-31.07
-35.38
-40.03
-44.53
-48.47
-51.47
-53.22
-53.42
-51.93
-48.72
-43.84
-37.56
-30.3
-22.74
-15.69
-9.85
-5.58
-2.81
-1.03
0.23
1.21
1.75
1.34
-0.53
-4
-8.7
-13.78
-18.24
-21.29
-22.55
-22.1
-20.26
-17.35
-13.54
-8.91
-3.6
2.01
7.27
11.4
13.72
13.97
12.36
9.41
5.69
1.61
-2.68
-7.17
-11.82
-16.36
-20.38
-23.5
-25.5
-26.48
-26.74
-26.62
-26.36
-26.04
-25.69
-25.43
-25.53
-26.42
-28.52
-32.06
-37.02
-43.04
-49.48
-55.52
-60.14
-62.32
-61.08
-55.65
-45.66
-31.32
-13.51
6.33
26.44
45.06
60.75
72.54
80
83.16
82.43
78.45
72.21
64.79
57.36
50.79
45.6
41.88
39.35
37.62
36.35
35.25
34.13
32.84
31.18
29.06
26.43
23.34
19.96
16.49
13.12
10
7.21
4.8
2.76
1.04
-0.47
-1.9
-3.32
-4.6
-5.42
-5.31
-3.84
-0.98
2.95
7.21
11.01
13.81
15.46
16.19
16.35
16.14
15.49
14.24
12.22
9.41
5.95
1.98
-2.38
-6.98
-11.37
-14.64
-15.52
-12.76
-5.78
4.89
17.53
29.75
39.29
44.76
46
43.8
39.35
33.68
27.31
20.51
13.52
6.82
1.01
-3.58
-7.16
-10.46
-14.33
-19.16
-24.58
-29.64
-33.28
-34.91
-34.74
-33.55
-32.27
-31.47
-31.22
-31.25
-31.26
-31.18
-31.13
-31.29
-31.72
-32.33
-32.91
-33.25
-33.2
-32.69
-31.63
-29.91
-27.4
-24.04
-19.97
-15.6
-11.48
-8.18
-6.02
-4.95
-4.59
-4.51
-4.49
-4.85
-6.27
-9.44
-14.49
-20.75
-26.75
-30.74
-31.28
-27.82
-20.84
-11.69
-2.08
6.35
12.36
15.3
15.08
12.17
7.31
1.45
-4.49
-9.76
-13.79
-16.32
-17.32
-17.09
-16.11
-14.95
-14.05
-13.51
-13.13
-12.5
-11.24
-9.24
-6.74
-4.21
-2.17
-0.95
-0.59
-0.92
-1.55
-2.09
-2.19
-1.61
-0.34
1.47
3.54
5.53
7.11
8.03
8.18
7.61
6.52
5.19
3.95
3.01
2.48
2.25
2.09
1.75
1.06
0.05
-1.13
-2.21
-2.96
-3.26
-3.17
-2.89
-2.63
-2.6
-2.89
-3.53
-4.46
-5.6
-6.87
-8.23
-9.58
-10.84
-11.96
-12.88
-13.69
-14.52
-15.52
-16.82
-18.5
-20.52
-22.85
-25.41
-28.15
-31.02
-33.97
-36.83
-39.34
-41.15
-41.85
-41.01
-38.23
-33.08
-25.19
-14.36
-0.76
14.89
31.2
46.27
58
64.68
65.47
60.67
51.79
41.11
31.12
23.92
20.76
21.91
26.72
33.92
41.99
49.47
55.19
58.43
58.87
56.59
51.98
45.66
38.47
31.26
24.88
19.95
16.74
15.08
14.4
13.91
12.84
10.69
7.33
3.06
-1.52
-5.64
-8.61
-10.02
-9.97
-9.02
-8.12
-8.29
-10.24
-14.11
-19.35
-24.79
-28.94
-30.45
-28.46
-22.92
-14.58
-4.73
5.07
13.47
19.6
23.16
24.33
23.6
21.57
18.79
15.7
12.59
9.57
6.63
3.7
0.8
-1.98
-4.4
-6.2
-7.19
-7.44
-7.2
-6.8
-6.43
-5.91
-4.75
-2.39
1.45
6.6
12.42
18.05
22.69
25.6
26.13
23.46
16.76
5.56
-9.8
-27.84
-46.31
-62.93
-76.2
-85.7
-91.78
-94.92
-95.23
-92.49
-86.55
-77.87
-67.69
-57.61
-48.85
-41.79
-35.81
-29.77
-22.7
-14.21
-4.65
5.16
14.34
22.23
28.51
33.2
36.5
38.64
39.82
40.22
40.04
39.51
38.94
38.55
38.44
38.49
38.43
37.9
36.59
34.39
31.4
27.93
24.37
21.1
18.42
16.44
15.11
14.25
13.59
12.9
12.02
10.96
9.84
8.81
7.96
7.26
6.5
5.46
3.97
1.95
-0.52
-3.25
-5.98
-8.4
-10.2
-11.18
-11.24
-10.51
-9.31
-7.97
-6.86
-6.13
-5.74
-5.47
-5.04
-4.16
-2.75
-0.91
1.08
2.81
3.92
4.25
3.91
3.3
2.93
3.18
4.09
5.29
6.18
6.26
5.47
4.32
3.72
4.63
7.6
12.46
18.26
23.65
27.25
28.1
25.79
20.53
13.25
5.57
-0.44
-2.99
-1.35
3.25
7.64
7.63
-0.15
-16.61
-39.45
-63.9
-84.55
-97.51
-101.54
-98.04
-89.89
-79.9
-69.76
-59.73
-49.22
-37.5
-24.51
-11.05
1.47
11.65
18.64
22.57
24.41
25.39
26.45
27.7
28.59
28.37
26.73
24.06
21.32
19.4
18.67
18.99
20.21
22.95
28.82
39.86
57.26
80.13
105.25
128.03
144.45
152.64
153.45
149.54
143.65
137.18
129.68
119.67
106.1
89.39
71.47
54.75
40.83
29.69
19.99
10.07
-0.83
-11.95
-21.39
-27.3
-29.19
-28.69
-29.1
-34.07
-45.99
-65
-88.83
-113.6
-134.84
-148.54
-151.84
-143.56
-124.66
-98.25
-69.12
-42.79
-24.09
-15.89
-18.58
-30.23
-47.5
-66.45
-83.27
-94.53
-97.6
-91.09
-75.3
-52.21
-25.04
2.76
28.26
49.48
65.29
75.02
78.25
74.96
65.89
52.67
37.63
23.17
11.12
2.4
-3.05
-5.87
-6.93
-7
-6.64
-6.23
-6.06
-6.37
-7.35
-9.06
-11.41
-14.02
-16.27
-17.39
-16.65
-13.66
-8.44
-1.51
6.24
13.86
20.47
25.54
28.8
30.2
29.81
27.79
24.44
20.19
15.59
11.26
7.76
5.43
4.32
4.06
3.99
3.28
1.35
-1.88
-5.63
-8.46
-8.69
-5.13
2.25
12.02
21.73
28.74
31.18
28.56
21.68
12.11
1.34
-9.64
-20.39
-30.67
-40.14
-48.11
-53.76
-56.53
-56.19
-53.07
-47.92
-41.63
-35.2
-29.43
-24.81
-21.33
-18.47
-15.32
-10.81
-4.05
5.46
17.68
31.9
46.88
60.89
71.94
78.1
78.02
71.39
59.43
44.77
30.87
20.93
16.6
17.16
19.54
19.38
12.77
-2.23
-24.8
-51.65
-78.15
-99.76
-113.06
-116.37
-109.87
-95.49
-76.54
-57.05
-40.83
-30.39
-26.28
-26.97
-29.5
-30.51
-27.38
-18.83
-5.09
12.43
31.71
50.51
66.9
79.45
87.4
90.69
89.87
85.95
79.99
72.93
65.26
57.18
48.77
40.33
32.66
26.84
23.83
23.78
25.82
28
28.08
24.21
15.51
2.25
-14.48
-33.08
-51.75
-68.55
-81.55
-88.85
-89.07
-81.87
-68.33
-51.01
-33.2
-18.05
-7.55
-2.06
-0.52
-1.16
-2.36
-3.27
-4.09
-5.63
-8.73
-13.54
-19.03
-23.13
-23.43
-18.4
-8.39
4.01
14.84
20.42
18.95
11.26
0.29
-10.41
-18.1
-21.5
-20.57
-15.85
-8.04
1.89
12.53
21.88
27.94
29.32
25.88
18.64
9.42
0.08
-7.78
-12.94
-14.64
-12.66
-7.51
-0.51
6.49
11.68
13.95
13.22
10.46
7.13
4.61
3.65
4.25
5.81
7.57
9.03
10.19
11.52
13.56
16.62
20.55
24.94
29.39
33.73
37.96
42.02
45.47
47.42
46.88
43.25
36.8
28.81
21.15
15.59
13.14
13.73
16.3
19.28
21.02
20.24
16.27
9.16
-0.47
-11.78
-24.02
-36.82
-49.98
-63.19
-75.7
-86.27
-93.42
-95.87
-93
-85.08
-73.21
-58.93
-43.86
-29.3
-15.88
-3.36
9.32
23.58
40.37
59.29
78.25
93.86
102.66
102.5
93.35
77.39
58.04
38.82
22.25
9.4
0.15
-6.3
-10.81
-14.09
-16.7
-19.17
-22.07
-25.91
-30.97
-37.09
-43.66
-49.78
-54.58
-57.41
-58.05
-56.7
-53.69
-49.35
-43.78
-36.86
-28.45
-18.68
-8.08
2.35
11.42
18.06
21.8
22.9
22.32
21.4
21.34
22.82
25.77
29.61
33.43
36.42
38.06
38.17
36.8
34.07
30.08
24.88
18.62
11.6
4.23
-3.07
-9.96
-16.24
-21.67
-25.91
-28.47
-28.83
-26.61
-21.82
-14.9
-6.74
1.57
8.98
14.69
18.23
19.52
18.75
16.42
13.21
9.87
7.14
5.5
5.03
5.38
5.79
5.49
4.01
1.4
-1.79
-4.77
-6.84
-7.59
-6.94
-5.08
-2.35
0.76
3.69
5.85
6.89
6.77
5.87
4.75
3.94
3.61
3.69
3.88
3.99
4.04
4.18
4.6
5.29
6.14
6.86
7.27
7.27
6.91
6.29
5.47
4.49
3.26
1.78
0.05
-1.85
-3.79
-5.68
-7.55
-9.51
-11.71
-14.28
-17.18
-20.22
-23.07
-25.41
-26.97
-27.62
-27.38
-26.36
-24.78
-22.87
-20.84
-18.81
-16.82
-14.84
-12.82
-10.74
-8.71
-6.87
-5.39
-4.34
-3.67
-3.2
-2.7
-2
-1.03
0.09
1.13
1.78
1.79
1.02
-0.5
-2.53
-4.73
-6.61
-7.7
-7.58
-6.03
-3.07
1.04
5.9
11.13
16.39
21.4
25.86
29.36
31.42
31.62
29.78
26.13
21.35
16.42
12.47
10.5
11.15
14.49
19.91
26.2
31.68
34.81
34.54
30.75
24.3
16.59
9.06
2.74
-1.87
-4.68
-5.73
-5.01
-2.6
1.14
5.41
9.03
10.85
10.22
7.17
2.36
-3.32
-9.05
-14.29
-18.65
-21.76
-23.26
-22.88
-20.68
-17.1
-12.92
-8.9
-5.54
-2.94
-0.99
0.48
1.3
1.04
-0.78
-4.48
-10.07
-17.27
-25.7
-34.93
-44.45
-53.46
-60.81
-65.24
-65.81
-62.35
-55.52
-46.41
-35.94
-24.49
-12.01
1.43
15.22
28.12
38.73
46.25
50.78
53.27
54.69
55.48
55.21
53.04
48.24
40.7
31.02
20.23
9.54
0.1
-7.05
-10.99
-11.12
-7.35
-0.18
9.36
19.89
30.03
38.57
44.67
47.95
48.65
47.58
45.88
44.71
44.72
45.78
47.15
47.7
46.56
43.35
38.36
32.22
25.63
19.1
12.93
7.28
2.35
-1.56
-4.07
-4.96
-4.31
-2.6
-0.61
0.92
1.57
1.41
0.91
0.59
0.72
1.07
1.1
0.2
-1.9
-5.02
-8.68
-12.25
-15.18
-17.05
-17.69
-17.2
-16.03
-14.86
-14.49
-15.52
-18.06
-21.65
-25.3
-27.83
-28.25
-26
-21.05
-14
-5.89
2.09
9.05
14.8
19.93
25.52
32.57
41.38
51.27
60.8
68.3
72.49
72.84
69.47
62.78
53.2
41.04
26.77
11.22
-4.44
-18.87
-30.88
-39.73
-45.38
-48.38
-49.76
-50.73
-52.21
-54.8
-58.59
-63.24
-68.17
-72.65
-76.11
-78.23
-78.98
-78.42
-76.66
-73.78
-69.92
-65.42
-60.76
-56.45
-52.86
-50.05
-47.75
-45.49
-42.84
-39.58
-35.82
-31.87
-28.16
-25.01
-22.61
-20.96
-19.95
-19.38
-18.96
-18.44
-17.67
-16.69
-15.68
-14.91
-14.6
-14.82
-15.48
-16.32
-17.01
-17.29
-16.99
-16.17
-14.98
-13.66
-12.47
-11.51
-10.75
-10.09
-9.44
-8.79
-8.17
-7.65
-7.14
-6.47
-5.37
-3.59
-1.02
2.32
6.3
10.63
14.98
19.01
22.4
24.96
26.63
27.48
27.72
27.59
27.25
26.8
26.25
25.59
24.78
23.77
22.53
21.12
19.6
18.1
16.67
15.29
13.84
12.25
10.57
9.04
8.08
8
8.82
10.24
11.68
12.65
12.88
12.41
11.3
9.46
6.65
2.59
-2.68
-8.74
-14.92
-20.61
-25.52
-29.75
-33.45
-36.45
-38.16
-37.75
-34.69
-29.06
-21.76
-14.01
-6.95
-1.2
3.25
6.84
10.11
13.41
16.77
19.97
22.69
24.72
26.01
26.65
26.74
26.25
24.9
22.15
17.48
10.59
1.7
-8.27
-17.94
-25.77
-30.49
-31.38
-28.41
-22.05
-13.04
-2.2
9.66
21.65
32.86
42.37
49.54
54.06
55.93
55.35
52.46
47.33
39.97
30.47
19.2
6.84
-5.72
-17.64
-28.37
-37.89
-46.71
-55.69
-65.65
-76.89
-88.78
-99.87
-108.28
-112.37
-111.29
-105.21
-95.1
-82.28
-67.93
-53.04
-38.4
-24.84
-13.14
-3.88
2.79
7.29
10.39
12.9
15.33
17.73
19.88
21.47
22.38
22.76
23.02
23.64
25.02
27.34
30.5
34.18
37.99
41.54
44.55
46.93
48.69
49.87
50.49
50.55
50.05
49.03
47.6
45.88
43.99
41.92
39.62
37
34.01
30.72
27.22
23.67
20.19
16.85
13.74
10.92
8.49
6.57
5.3
4.78
5.02
5.9
7.18
8.53
9.59
10.1
10.02
9.44
8.6
7.67
6.75
5.83
4.86
3.93
3.1
2.5
2.14
1.89
1.5
0.83
-0.12
-1.13
-1.86
-2.07
-1.7
-0.96
-0.22
0.21
0.18
-0.16
-0.54
-0.65
-0.36
0.22
0.83
1.15
0.99
0.38
-0.39
-1.01
-1.18
-0.77
0.13
1.34
2.63
3.81
4.81
5.63
6.33
7
7.63
8.04
7.85
6.49
3.43
-1.53
-8.01
-15.04
-21.28
-25.45
-26.86
-25.48
-21.94
-17.14
-11.93
-6.98
-2.8
0.14
1.43
0.81
-1.66
-5.53
-10.16
-15.01
-19.84
-24.86
-30.52
-37.19
-44.89
-53.13
-61.08
-67.86
-72.92
-76.18
-77.98
-78.7
-78.46
-76.85
-73.13
-66.68
-57.52
-46.58
-35.46
-25.85
-18.61
-13.4
-8.85
-3.26
4.49
14.47
25.65
36.47
45.54
52.14
56.29
58.44
59.16
58.99
58.5
58.44
59.62
62.76
68.06
75.04
82.56
89.15
93.34
94.08
90.83
83.55
72.62
58.6
42.21
24.25
5.58
-12.91
-30.34
-45.93
-59.1
-69.38
-76.43
-79.92
-79.58
-75.43
-68.04
-58.64
-48.88
-40.36
-34.16
-30.56
-29.22
-29.52
-31.01
-33.43
-36.48
-39.49
-41.25
-40.21
-34.88
-24.31
-8.41
11.96
35.02
58.28
78.98
94.63
103.64
105.76
102.23
95.37
87.9
82.16
79.37
79.5
81.54
84.05
85.65
85.35
82.71
77.88
71.54
64.62
57.84
51.32
44.28
35.08
21.74
2.8
-21.97
-51.08
-81.53
-109.41
-130.9
-143.16
-144.89
-136.48
-119.78
-97.6
-73.25
-49.91
-30.2
-15.78
-7.14
-3.53
-3.3
-4.42
-5.09
-4.29
-1.94
1.34
4.77
7.85
10.71
13.77
17.47
21.69
25.7
28.36
28.57
25.75
20.14
12.72
4.95
-1.8
-6.64
-9.36
-10.42
-10.62
-10.81
-11.53
-12.85
-14.39
-15.61
-16.11
-15.77
-14.85
-13.7
-12.55
-11.36
-9.84
-7.74
-5.02
-2.03
0.67
2.61
3.74
4.56
6.04
9.18
14.63
22.26
31.15
39.65
45.9
48.4
46.56
40.92
32.9
24.31
16.79
11.2
7.62
5.35
3.39
0.91
-2.33
-5.76
-8.07
-7.58
-2.99
5.94
17.98
30.55
40.39
44.59
41.42
30.88
14.66
-4.4
-23.12
-38.9
-50.35
-57.57
-61.83
-64.91
-68.25
-72.4
-76.97
-80.95
-83.18
-82.63
-78.47
-70.03
-56.87
-39.06
-17.59
5.48
27.31
44.83
55.55
58.25
53.3
42.69
29.7
18.08
11.05
10.48
16.31
26.77
39.09
50.52
59.07
63.84
64.69
62.05
56.44
48.43
38.63
27.83
16.91
6.78
-1.83
-8.48
-13.11
-15.98
-17.55
-18.4
-19.08
-19.99
-21.32
-22.99
-24.79
-26.47
-27.88
-29.02
-30.06
-31.24
-32.85
-35.3
-38.97
-44.21
-50.93
-58.32
-64.85
-68.59
-67.98
-62.2
-51.4
-36.38
-18.28
1.69
22.21
41.65
58.11
69.77
75.5
75.26
70.08
61.59
51.54
41.33
31.92
23.94
17.6
12.72
8.79
5.1
1.15
-3.06
-7.13
-10.59
-13.13
-14.83
-16.02
-16.95
-17.71
-18.11
-17.94
-17.22
-16.13
-14.92
-13.73
-12.51
-11.07
-9.05
-5.98
-1.31
5.56
15
26.79
39.96
52.86
63.58
70.66
73.51
72.44
68.35
62.18
54.57
45.79
36.05
25.77
15.77
7.08
0.55
-3.49
-5.31
-5.6
-5.13
-4.43
-3.63
-2.58
-1.07
0.91
3.07
4.83
5.56
4.84
2.59
-0.87
-4.95
-8.93
-12.26
-14.6
-15.91
-16.41
-16.39
-16.11
-15.76
-15.4
-15.09
-14.87
-14.8
-14.91
-15.17
-15.51
-15.75
-15.74
-15.36
-14.61
-13.66
-12.82
-12.39
-12.51
-13.08
-13.84
-14.49
-14.87
-15.06
-15.3
-15.72
-16.33
-16.95
-17.45
-17.94
-18.81
-20.45
-23
-26.04
-28.65
-29.74
-28.49
-24.6
-18.4
-10.55
-1.81
7.24
16.25
25.11
33.81
42.41
51.11
60.11
69.62
79.6
89.69
99.17
107.12
112.64
115.1
114.2
110.07
103.12
94
83.47
72.38
61.71
52.49
45.84
42.68
43.44
47.7
54.06
60.32
64.11
63.64
58.36
49.03
37.32
24.99
13.16
2.08
-8.72
-19.91
-31.8
-44.09
-55.93
-66.22
-74.07
-79.1
-81.62
-82.45
-82.58
-82.73
-83.09
-83.3
-82.68
-80.59
-76.68
-70.93
-63.65
-55.39
-46.87
-38.95
-32.44
-27.83
-24.92
-22.75
-19.82
-14.74
-6.92
3.03
13.31
21.57
25.84
25.36
20.92
14.64
9.27
7.12
9.32
15.26
22.83
29.19
31.86
29.73
23.49
15.29
7.85
3.32
2.44
4.44
7.47
9.51
9.17
6.09
0.89
-5.14
-10.53
-13.98
-14.54
-11.84
-6.21
1.31
9.21
15.88
20.04
21.15
19.41
15.72
11.18
6.62
2.35
-1.79
-6.14
-10.87
-15.71
-20.04
-23.16
-24.57
-24.2
-22.39
-19.77
-17.06
-14.89
-13.59
-13.05
-12.55
-11.01
-7.24
-0.6
8.6
19.02
28.62
35.49
38.51
37.72
34.08
28.91
23.11
16.76
9.28
-0.2
-12.04
-25.82
-40.31
-53.94
-65.32
-73.57
-78.4
-79.83
-78
-73.12
-65.63
-56.36
-46.52
-37.41
-29.94
-24.41
-20.37
-17.03
-13.58
-9.57
-5.09
-0.67
2.85
4.74
4.59
2.57
-0.57
-3.68
-5.55
-5.34
-2.81
1.55
6.66
11.23
14.11
14.7
13.05
9.86
6.18
3.07
1.28
1.06
2.03
3.27
3.58
1.69
-3.27
-11.45
-21.89
-32.48
-40.22
-42.03
-35.62
-20.49
1.68
27.25
51.55
70.19
80.3
81.3
74.92
64.54
54.12
46.8
44
45.02
47.5
48.41
45.14
36.35
22.09
3.71
-16.67
-36.49
-53.03
-63.73
-66.69
-61.24
-48.47
-31.21
-13.38
1.03
9.09
9.58
3.19
-7.86
-20.61
-32.18
-40.63
-45.28
-46.72
-46.15
-44.72
-42.98
-40.77
-37.6
-33.01
-26.75
-18.73
-8.85
2.83
15.69
28.12
37.5
40.95
36.52
24.33
6.98
-11.2
-25.63
-33.18
-33.25
-27.95
-21.07
-16.52
-16.81
-22.12
-30.37
-38.17
-42.28
-40.91
-34.35
-24.69
-14.8
-7.2
-3.16
-2.47
-3.8
-5.22
-4.78
-0.87
7.48
20.39
36.85
54.86
71.76
84.9
92.43
93.79
89.66
81.67
71.66
61.05
50.63
40.6
30.88
21.48
12.66
4.92
-1.28
-5.85
-9.28
-12.57
-16.89
-23.12
-31.26
-40.25
-48.06
-52.11
-50.02
-40.47
-23.79
-2.23
20.52
40.18
53.03
56.84
51.45
38.64
21.55
3.84
-11.2
-21.33
-25.61
-24.52
-19.54
-12.71
-6.07
-1.17
1.17
0.88
-1.59
-5.46
-9.85
-13.91
-16.91
-18.35
-17.96
-15.83
-12.34
-8.1
-3.76
0.18
3.49
6.16
8.33
10.06
11.29
11.87
11.69
10.79
9.47
8.1
7.07
6.56
6.55
6.81
6.99
6.76
5.92
4.41
2.38
0.05
-2.28
-4.36
-6.01
-7.14
-7.76
-7.95
-7.84
-7.53
-7.2
-6.96
-7.02
-7.52
-8.54
-10.08
-11.98
-13.94
-15.6
-16.68
-17
-16.58
-15.64
-14.46
-13.3
-12.32
-11.56
-10.93
-10.33
-9.7
-9.03
-8.48
-8.17
-8.26
-8.77
-9.59
-10.54
-11.38
-11.9
-12
-11.73
-11.13
-10.32
-9.35
-8.24
-7
-5.7
-4.55
-3.8
-3.73
-4.52
-6.14
-8.29
-10.43
-11.87
-12.08
-10.82
-8.29
-5.06
-1.82
0.76
2.21
2.26
0.73
-2.42
-6.99
-12.47
-18.06
-22.86
-26.15
-27.66
-27.57
-26.29
-24.29
-21.87
-19.22
-16.58
-14.26
-12.64
-11.89
-11.92
-12.32
-12.59
-12.33
-11.44
-10.09
-8.55
-7.08
-5.76
-4.51
-3.06
-1.16
1.3
4.25
7.41
10.36
12.69
14.16
14.74
14.63
14.13
13.48
12.71
11.62
9.95
7.41
3.93
-0.39
-5.33
-10.48
-15.35
-19.3
-21.62
-21.64
-18.98
-13.71
-6.39
1.99
10.42
18.13
24.73
30.08
34.18
36.93
38.11
37.55
35.16
31.14
25.91
19.99
13.92
8.12
2.82
-1.88
-5.92
-9.33
-12.06
-14.04
-15.2
-15.46
-14.87
-13.63
-12.11
-10.67
-9.66
-9.2
-9.23
-9.53
-9.77
-9.75
-9.45
-9.08
-8.9
-9.18
-9.91
-10.9
-11.77
-12.15
-11.75
-10.41
-8.13
-5.04
-1.47
2.12
5.13
7.09
7.84
7.61
6.98
6.46
6.32
6.3
5.85
4.36
1.53
-2.44
-6.99
-11.37
-14.98
-17.48
-18.81
-19.17
-18.99
-18.82
-19.15
-20.15
-21.31
-21.45
-18.97
-12.56
-1.94
11.78
26.25
38.65
46.52
48.57
44.83
36.45
25.31
13.56
3.32
-3.64
-6.3
-4.7
-0.13
5.32
9.37
10.39
8.03
3.26
-2.07
-5.96
-6.99
-4.7
0.42
7.11
13.84
19.21
22.33
22.93
21.39
18.4
14.72
10.88
7.09
3.28
-0.76
-5.27
-10.4
-15.89
-20.85
-23.77
-22.8
-16.73
-5.74
8.09
21.26
30.15
32.47
28.14
19.21
8.73
-0.67
-7.65
-12.22
-15.15
-17.13
-18.26
-18.07
-15.81
-10.78
-2.6
8.76
22.94
39.2
56.41
73.1
87.59
98.22
103.73
103.55
98.11
88.87
78.05
68
60.51
56.15
54.13
52.69
49.91
44.51
36.28
26.02
15.04
4.61
-4.46
-11.86
-17.6
-21.8
-24.48
-25.55
-24.88
-22.43
-18.36
-13.18
-7.85
-3.7
-2.18
-4.44
-10.97
-21.45
-34.67
-48.72
-61.24
-69.88
-72.84
-69.52
-60.73
-48.53
-35.61
-24.41
-16.37
-11.62
-9.34
-8.29
-7.34
-5.85
-3.58
-0.54
3.11
7.06
10.89
14.1
16.29
17.3
17.18
16.13
14.36
12.09
9.42
6.44
3.24
-0.07
-3.48
-7.11
-11.23
-16.24
-22.37
-29.43
-36.73
-42.97
-46.52
-45.85
-39.99
-28.97
-13.87
3.27
19.96
33.75
42.84
46.3
44.16
37.26
26.85
14.49
1.78
-9.73
-18.65
-23.99
-25.29
-22.76
-17.22
-9.95
-2.32
4.49
9.77
13.43
15.83
17.62
19.44
21.82
25.1
29.48
34.93
41.03
46.85
50.97
51.92
48.76
41.66
32.04
22.14
14.22
9.73
8.98
11.15
14.86
18.66
21.45
22.55
21.67
18.87
14.52
9.3
4.09
-0.26
-3.09
-4.25
-3.98
-2.88
-1.65
-0.86
-0.82
-1.5
-2.6
-3.74
-4.64
-5.23
-5.72
-6.39
-7.52
-9.17
-11.13
-13.07
-14.63
-15.64
-16.15
-16.38
-16.66
-17.19
-17.94
-18.72
-19.2
-19.13
-18.43
-17.27
-15.97
-14.91
-14.31
-14.17
-14.27
-14.25
-13.83
-12.89
-11.56
-10.21
-9.33
-9.26
-10.15
-11.77
-13.61
-15.02
-15.54
-15.05
-13.84
-12.53
-11.79
-12.15
-13.81
-16.61
-19.99
-22.99
-24.36
-22.97
-18.24
-10.62
-1.63
6.66
12.42
14.85
14.48
12.77
11.3
10.99
11.76
12.65
12.44
10.22
5.75
-0.46
-7.38
-13.83
-18.79
-21.72
-22.87
-23.17
-23.95
-26.36
-30.77
-36.49
-41.98
-45.38
-45.42
-41.82
-35.58
-28.5
-22.55
-19.21
-18.95
-21.26
-24.93
-28.54
-30.8
-30.88
-28.54
-24.18
-18.81
-13.79
-10.26
-8.63
-8.01
-6.41
-1.58
7.71
20.66
34.28
44.46
47.64
42.27
29.38
11.92
-6.56
-23.14
-36.03
-44.34
-47.48
-44.84
-36.07
-21.53
-2.6
18.53
39.56
58.69
74.94
87.88
97.22
102.5
103.23
99.22
91.12
80.47
69.37
59.72
52.6
47.97
44.79
41.46
36.49
28.96
18.77
6.55
-6.64
-19.77
-31.99
-42.74
-51.39
-56.94
-58.13
-53.92
-44.15
-30.22
-15.06
-2.36
4.56
3.88
-4.14
-17.52
-33.4
-49.01
-62.27
-71.97
-77.54
-78.8
-75.85
-69.05
-59.23
-47.65
-35.76
-24.89
-15.95
-9.33
-4.92
-2.26
-0.67
0.63
2.37
5.1
8.98
13.76
18.88
23.64
27.36
29.61
30.32
29.94
29.55
30.56
34.42
42.02
53.12
66.14
78.38
86.92
89.61
85.95
77.31
66.48
56.68
50.39
48.42
49.61
51.36
50.7
45.62
35.87
22.96
9.44
-2.39
-11.36
-17.83
-23.19
-29
-36.13
-44.41
-52.83
-60.09
-65.22
-67.71
-67.54
-64.98
-60.48
-54.66
-48.32
-42.36
-37.54
-34.14
-31.73
-29.2
-25.07
-18.11
-7.95
4.61
17.76
29.22
37.07
40.38
39.51
35.77
30.84
26.26
22.96
21.34
21.45
23.19
26.35
30.44
34.54
37.44
38.04
35.8
31.05
24.96
18.99
14.39
11.69
10.49
9.79
8.46
5.72
1.37
-4.17
-10.14
-15.65
-19.93
-22.55
-23.54
-23.52
-23.65
-25.38
-29.99
-38.24
-50.06
-64.52
-80.03
-94.59
-106.18
-113.11
-114.18
-108.94
-97.76
-81.83
-62.87
-42.9
-23.72
-6.61
7.73
19.24
28.15
34.79
39.4
42.05
42.67
41.21
37.82
32.92
27.18
21.33
15.98
11.53
8.12
5.69
4.15
3.49
3.75
4.93
6.8
8.83
10.28
10.49
9.18
6.56
3.24
-0.08
-2.99
-5.52
-8.15
-11.55
-16.26
-22.4
-29.49
-36.48
-41.89
-44.15
-41.93
-34.61
-22.52
-6.95
10.08
26.25
39.43
48.04
51.26
49.07
42.16
31.8
19.72
7.87
-1.94
-8.3
-10.53
-8.67
-3.46
3.86
11.75
18.59
23
24.14
21.99
17.39
11.79
6.8
3.62
2.77
3.98
6.44
9.12
11.06
11.54
10.2
7.02
2.35
-3.18
-8.85
-14.03
-18.26
-21.3
-23.09
-23.63
-23.06
-21.62
-19.72
-17.87
-16.53
-15.93
-16.05
-16.59
-17.21
-17.64
-17.76
-17.66
-17.56
-17.65
-18.06
-18.74
-19.45
-19.81
-19.49
-18.31
-16.34
-13.93
-11.5
-9.51
-8.37
-8.46
-10.1
-13.52
-18.53
-24.38
-29.86
-33.67
-34.93
-33.51
-29.87
-24.55
-17.6
-8.42
3.75
19.14
36.78
54.51
69.56
79.58
83.4
81.29
74.54
64.75
53.27
41.08
29.05
18.26
9.95
5.19
4.36
6.69
10.39
13.17
13.08
9.23
2.01
-7.27
-16.99
-25.99
-33.74
-40.27
-45.77
-50.18
-53.16
-54.17
-52.95
-49.62
-44.83
-39.48
-34.44
-30.2
-26.89
-24.34
-22.14
-19.79
-16.59
-11.83
-4.94
4.19
15.06
26.69
37.88
47.71
55.77
62.08
66.67
69.17
68.66
63.91
54.03
39.08
20.46
0.88
-16.21
-27.53
-30.92
-26.08
-14.8
-0.61
12.29
20.3
21.51
16.22
6.61
-4.12
-12.92
-17.7
-17.74
-13.53
-6.44
1.75
9.29
14.82
17.57
17.49
15.18
11.68
8.16
5.63
4.73
5.66
8.23
11.97
16.36
20.91
25.29
29.37
33.2
36.93
40.72
44.6
48.4
51.71
53.98
54.55
52.9
48.75
42.25
33.96
24.78
15.78
7.93
1.79
-2.58
-5.62
-8.05
-10.54
-13.41
-16.57
-19.53
-21.54
-21.84
-19.88
-15.57
-9.62
-3.47
0.89
1.68
-2.05
-9.91
-20.38
-31.5
-41.66
-50.19
-57.26
-63.35
-68.59
-72.41
-73.64
-71.2
-64.64
-54.48
-42.06
-29.04
-16.87
-6.46
1.97
8.63
13.92
18.04
20.91
22.23
21.68
19.14
14.77
9.08
2.74
-3.47
-8.83
-12.7
-14.46
-13.65
-10.01
-3.74
4.38
12.95
20.32
25.01
26.16
23.75
18.57
11.86
4.88
-1.39
-6.4
-10.06
-12.6
-14.45
-16.02
-17.63
-19.29
-20.83
-21.96
-22.52
-22.63
-22.73
-23.47
-25.43
-28.89
-33.59
-38.7
-42.87
-44.55
-42.31
-35.32
-23.67
-8.52
8.13
23.86
36.4
44.26
47.04
45.4
40.69
34.42
27.75
21.17
14.65
7.88
0.71
-6.58
-13.29
-18.45
-21.17
-20.94
-17.65
-11.55
-3.09
7.16
18.46
29.85
40.19
48.35
53.45
55.13
53.71
50.04
45.2
40.18
35.5
31.29
27.32
23.25
18.77
13.76
8.22
2.38
-3.47
-8.94
-13.62
-17.18
-19.34
-19.88
-18.69
-15.83
-11.55
-6.39
-1.07
3.69
7.33
9.65
10.83
11.27
11.39
11.45
11.49
11.44
11.17
10.61
9.74
8.52
6.89
4.68
1.73
-2.08
-6.71
-11.92
-17.37
-22.66
-27.43
-31.38
-34.28
-35.93
-36.14
-34.76
-31.74
-27.21
-21.57
-15.48
-9.75
-5.14
-2.23
-1.31
-2.4
-5.29
-9.58
-14.71
-19.88
-24.11
-26.46
-26.28
-23.47
-18.56
-12.5
-6.19
-0.14
5.69
11.74
18.39
25.6
32.83
39.16
43.68
45.86
45.6
43.19
39.08
33.61
27.02
19.48
11.27
2.83
-5.23
-12.34
-18.12
-22.58
-26.07
-29.07
-31.94
-34.69
-36.91
-37.95
-37.2
-34.4
-29.78
-24.12
-18.54
-14.15
-11.82
-11.83
-13.88
-17.19
-20.84
-24.05
-26.49
-28.23
-29.51
-30.46
-30.91
-30.52
-28.96
-26.19
-22.48
-18.23
-13.69
-8.86
-3.59
2.11
7.8
12.69
15.91
17.05
16.48
15.28
14.89
16.41
20.29
26.18
33.19
40.3
46.62
51.62
54.99
56.54
56.15
53.77
49.57
44.03
37.87
31.95
26.97
23.33
20.97
19.46
18.18
16.63
14.63
12.33
10.11
8.41
7.45
7.16
7.25
7.36
7.2
6.69
5.92
5.05
4.3
3.77
3.56
3.71
4.16
4.89
5.79
6.73
7.53
7.98
7.83
6.84
4.89
2.04
-1.39
-4.84
-7.73
-9.59
-10.18
-9.61
-8.29
-6.84
-5.85
-5.74
-6.49
-7.67
-8.65
-8.82
-7.92
-6.21
-4.27
-2.82
-2.31
-2.8
-3.95
-5.3
-6.48
-7.4
-8.3
-9.55
-11.52
-14.44
-18.34
-23.08
-28.27
-33.15
-36.5
-36.82
-33
-25.15
-15.11
-6.26
-2.35
-6.02
-17.59
-34.96
-54.51
-72.61
-86.82
-96.33
-101.5
-102.97
-101.1
-95.73
-86.55
-73.59
-57.36
-38.94
-19.71
-0.98
16.28
31.59
45.08
57.22
68.49
79.03
88.4
95.53
99.16
98.37
93.06
84.13
73.27
62.58
53.94
48.56
46.84
48.46
52.53
57.9
63.37
67.87
70.53
70.78
68.35
63.26
55.9
47.05
37.78
29.35
22.74
18.35
15.88
14.5
13.28
11.65
9.62
7.57
6.03
5.2
4.89
4.63
3.95
2.64
0.82
-1.22
-3.15
-4.79
-6.09
-7.07
-7.71
-7.94
-7.63
-6.72
-5.28
-3.47
-1.53
0.34
2.06
3.64
5.16
6.64
8.03
9.13
9.75
9.75
9.14
8.1
6.97
6.22
6.27
7.45
9.77
12.91
16.37
19.59
22.19
24.1
25.46
26.53
27.55
28.68
29.99
31.56
33.41
35.35
37.01
37.84
37.39
35.61
32.94
30.2
28.18
27.17
26.73
25.84
23.3
18.26
10.59
0.87
-9.96
-20.93
-31.35
-40.75
-48.62
-54.27
-56.82
-55.73
-51.31
-45.13
-39.58
-37.12
-39.09
-45.08
-53.03
-60.1
-64
-63.91
-60.7
-56.32
-52.77
-51.18
-51.45
-52.52
-52.95
-51.57
-47.86
-41.94
-34.28
-25.52
-16.32
-7.29
0.96
7.89
13.11
16.52
18.27
18.67
18.01
16.45
14.09
11.07
7.67
4.33
1.39
-0.91
-2.56
-3.66
-4.23
-4.21
-3.55
-2.38
-1.11
-0.21
0.04
-0.25
-0.55
-0.17
1.27
3.6
6.15
8.07
8.71
7.92
6.07
3.72
1.4
-0.63
-2.41
-4.05
-5.62
-7.07
-8.29
-9.24
-10.02
-10.86
-12
-13.54
-15.35
-17.08
-18.32
-18.81
-18.55
-17.79
-16.97
-16.46
-16.43
-16.83
-17.4
-17.83
-17.86
-17.33
-16.27
-14.79
-13.07
-11.27
-9.41
-7.39
-5.05
-2.3
0.77
3.85
6.53
8.4
9.33
9.41
8.97
8.29
7.49
6.51
5.17
3.39
1.19
-1.3
-4.01
-7.03
-10.55
-14.71
-19.35
-23.97
-27.86
-30.3
-30.83
-29.25
-25.56
-19.81
-11.95
-1.9
10.25
23.88
37.67
49.7
57.79
60.13
55.84
45.35
30.29
13.04
-4.02
-19.02
-30.87
-39.13
-43.62
-44.34
-41.46
-35.65
-28.17
-20.83
-15.51
-13.64
-15.66
-20.85
-27.62
-33.98
-38.31
-39.85
-38.73
-35.69
-31.35
-25.79
-18.39
-8.39
4.37
18.87
32.89
43.81
49.58
49.6
44.78
36.96
27.97
18.97
10.4
2.24
-5.38
-12.08
-17.15
-20.03
-20.51
-18.93
-16.06
-12.83
-10.11
-8.48
-8.26
-9.33
-11.19
-13.03
-13.85
-12.82
-9.43
-3.74
3.73
12.11
20.47
27.96
33.88
37.67
38.79
36.89
31.92
24.39
15.46
6.63
-0.62
-5.36
-7.51
-7.78
-7.16
-6.46
-5.91
-5.19
-3.77
-1.33
2.12
6.26
10.67
15.07
19.37
23.52
27.39
30.68
33.07
34.41
34.82
34.65
34.32
34.24
34.71
36.1
38.64
42.27
46.49
50.27
52.34
51.67
47.88
41.46
33.61
25.88
19.61
15.69
14.38
15.38
18
21.26
24.08
25.44
24.65
21.39
15.75
8.16
-0.83
-10.53
-20.38
-29.82
-38.51
-46.26
-52.97
-58.42
-62.26
-63.92
-62.85
-58.81
-52.01
-43.27
-33.85
-25.18
-18.49
-14.61
-13.74
-15.61
-19.53
-24.61
-29.8
-34.08
-36.45
-36.12
-32.71
-26.36
-17.82
-8.3
0.82
8.35
13.66
16.79
18.29
18.84
19.02
19
18.71
17.97
16.69
15.1
13.58
12.53
12.18
12.46
13.03
13.51
13.66
13.43
12.98
12.5
12.1
11.74
11.33
10.87
10.49
10.5
11.16
12.54
14.44
16.39
17.87
18.37
17.53
15.19
11.35
6.26
0.48
-5.18
-9.81
-12.6
-13.16
-11.65
-8.8
-5.58
-2.92
-1.39
-1.09
-1.75
-2.92
-4.22
-5.46
-6.65
-7.8
-8.88
-9.73
-10.23
-10.35
-10.24
-10.25
-10.69
-11.64
-12.89
-14.01
-14.58
-14.38
-13.48
-12.23
-11.06
-10.23
-9.79
-9.59
-9.5
-9.48
-9.66
-10.26
-11.39
-13.08
-15.21
-17.56
-19.93
-22.18
-24.15
-25.67
-26.61
-26.93
-26.76
-26.37
-26.04
-25.9
-25.83
-25.45
-24.35
-22.32
-19.45
-16.19
-13.02
-10.25
-7.87
-5.64
-3.35
-1.02
0.89
1.79
1.21
-0.78
-3.45
-5.52
-5.63
-2.86
2.84
10.54
18.56
25.01
28.37
28.01
24.24
18.2
11.29
4.74
-0.68
-4.74
-7.74
-10.28
-13.09
-16.75
-21.16
-25.1
-26.21
-21.65
-9.35
10.65
35.65
60.99
81.64
94.16
97.76
94.1
86.14
76.75
67.67
59.45
51.81
44.22
36.2
27.38
17.49
6.59
-4.64
-14.83
-22.04
-24.34
-20.65
-11.29
1.63
14.63
23.7
25.48
18.41
3.21
-17.36
-39.39
-59.09
-73.77
-82.3
-84.91
-82.6
-76.64
-68.19
-58.25
-47.74
-37.49
-28.14
-20.01
-12.96
-6.5
-0.01
6.92
14.24
21.4
27.42
31.28
32.26
30.24
25.73
19.76
13.47
7.77
3.1
-0.53
-3.34
-5.55
-7.22
-8.28
-8.64
-8.32
-7.51
-6.53
-5.61
-4.93
-4.53
-4.39
-4.49
-4.81
-5.31
-5.91
-6.51
-7.05
-7.55
-8.1
-8.85
-9.93
-11.3
-12.76
-13.92
-14.41
-13.97
-12.71
-11.05
-9.67
-9.25
-10.17
-12.36
-15.24
-17.93
-19.6
-19.81
-18.7
-16.92
-15.34
-14.66
-15.08
-16.07
-16.46
-14.61
-8.91
1.68
17.09
35.81
55.1
71.63
82.59
86.63
84.18
77.14
68.06
59.2
52.03
47.15
44.46
43.51
43.61
43.91
43.48
41.5
37.4
31
22.55
12.57
1.81
-8.79
-18.23
-25.53
-30
-31.37
-29.96
-26.45
-21.75
-16.78
-12.3
-8.96
-7.19
-7.19
-8.85
-11.79
-15.4
-19.01
-22.05
-24.2
-25.46
-26.05
-26.31
-26.52
-26.81
-27.15
-27.38
-27.32
-26.89
-26.07
-24.99
-23.78
-22.56
-21.39
-20.22
-18.91
-17.25
-15.12
-12.46
-9.39
-6.14
-2.96
-0.08
2.35
4.24
5.54
6.21
6.26
5.76
4.94
4.07
3.45
3.28
3.6
4.3
5.21
6.15
6.97
7.58
7.97
8.18
8.28
8.34
8.39
8.4
8.25
7.8
6.92
5.57
3.8
1.81
-0.16
-1.89
-3.21
-4.08
-4.55
-4.77
-4.9
-5.13
-5.56
-6.25
-7.14
-8.08
-8.79
-8.99
-8.48
-7.24
-5.51
-3.69
-2.19
-1.22
-0.65
0.01
1.44
4.16
8.34
13.58
19.11
24.01
27.6
29.69
30.52
30.73
31.15
32.78
36.62
43.54
53.84
66.9
80.94
93.43
101.77
104.18
100.31
91.22
78.87
65.29
52.07
40.17
30.07
21.98
15.82
11.04
6.44
0.4
-8.56
-21.02
-36.24
-52.25
-66.66
-77.56
-84.31
-87.48
-88.39
-88.17
-87.2
-85.08
-81.13
-75.02
-67.14
-58.53
-50.37
-43.56
-38.47
-34.95
-32.73
-31.58
-31.48
-32.45
-34.44
-37.16
-40.19
-43.02
-45.17
-46.34
-46.34
-45.17
-42.99
-39.92
-35.98
-30.92
-24.3
-15.71
-5.13
6.89
19.12
29.98
38.05
42.58
43.78
42.7
40.76
39.13
38.37
38.3
38.26
37.58
35.85
33.16
29.94
26.77
24.06
22
20.53
19.41
18.39
17.18
15.56
13.45
10.86
7.98
5.11
2.57
0.63
-0.51
-0.78
-0.27
0.77
1.87
2.43
1.8
-0.46
-4.36
-9.48
-15.09
-20.49
-25.26
-29.39
-33.06
-36.33
-39.06
-41.08
-42.41
-43.55
-45.16
-47.62
-50.59
-52.95
-53.25
-50.42
-44.37
-35.93
-26.43
-16.93
-7.77
1.28
10.62
20.29
29.77
38.16
44.6
48.72
50.7
51.13
50.66
49.64
48.02
45.52
41.87
37.12
31.63
25.95
20.56
15.73
11.55
8
5.13
3.04
1.86
1.59
2.12
3.13
4.27
5.24
5.84
6.03
5.89
5.55
5.14
4.77
4.5
4.34
4.2
3.94
3.49
2.85
2.18
1.75
1.82
2.5
3.69
5.13
6.5
7.55
8.24
8.66
8.92
9.04
8.98
8.6
7.84
6.67
5.23
3.63
1.99
0.3
-1.51
-3.61
-6.13
-9.04
-12.16
-15.19
-17.85
-19.99
-21.59
-22.75
-23.46
-23.45
-22.14
-18.92
-13.3
-5.25
4.83
16.2
27.98
39.18
48.77
55.62
58.61
56.97
50.61
40.51
28.6
17.34
9.02
5
5.22
8.31
11.96
13.67
11.41
4.17
-7.76
-22.93
-39.09
-53.9
-65.54
-73.24
-77.25
-78.5
-77.98
-76.27
-73.39
-69.05
-62.99
-55.14
-45.59
-34.43
-21.74
-7.77
6.85
21.11
33.81
44.22
52.29
58.66
64.21
69.4
73.94
76.87
77.06
73.78
67.27
58.67
49.77
42.43
38.04
37.14
39.38
43.7
48.79
53.38
56.45
57.21
55.2
50.24
42.67
33.27
23.24
13.83
5.94
-0.25
-5.2
-9.64
-14.08
-18.43
-21.99
-23.79
-22.97
-19.21
-12.82
-4.68
3.97
11.69
17.07
18.91
16.53
10.06
0.48
-10.52
-21.06
-29.69
-35.76
-39.44
-41.37
-42.18
-42.08
-40.79
-37.66
-32.19
-24.3
-14.58
-4.13
5.67
13.55
18.64
20.66
19.95
17.31
13.68
9.95
6.7
4.17
2.36
1.18
0.54
0.49
1.04
2.1
3.35
4.28
4.41
3.5
1.71
-0.41
-2.16
-2.97
-2.54
-0.94
1.53
4.6
8.17
12.34
17.29
23.2
30.02
37.47
45.05
52.15
58.15
62.61
65.37
66.53
66.37
65.22
63.4
61.19
58.73
55.91
52.24
46.76
38.3
25.88
9.37
-10.22
-30.92
-50.45
-67.11
-80.28
-90.36
-98.18
-104.25
-108.39
-109.84
-107.77
-101.85
-92.42
-80.49
-67.39
-54.4
-42.49
-32.37
-24.37
-18.65
-15.17
-13.69
-13.96
-15.55
-17.9
-20.38
-22.37
-23.4
-23.37
-22.51
-21.24
-20.03
-19.05
-18.24
-17.32
-16.09
-14.52
-12.89
-11.55
-10.82
-10.75
-11.22
-11.89
-12.49
-12.85
-12.97
-13.02
-13.23
-13.89
-15.22
-17.31
-20.01
-22.92
-25.52
-27.37
-28.27
-28.35
-27.97
-27.51
-27.04
-26.27
-24.5
-20.84
-14.53
-5.22
6.82
20.71
35.07
48.35
59.22
66.77
70.69
71.16
68.57
63.36
55.76
45.84
33.71
19.66
4.45
-10.58
-23.73
-33.32
-38.21
-38.29
-34.62
-29.32
-25
-23.96
-27.4
-35.07
-45.32
-55.78
-64.14
-68.7
-68.66
-63.9
-54.71
-41.56
-25.26
-7.2
10.62
25.93
36.76
42.17
42.73
40.39
37.86
37.56
40.79
47.25
55.2
62.19
66.07
65.71
61.28
53.86
44.78
35.08
25.38
15.99
7.29
-0.2
-5.81
-8.99
-9.51
-7.44
-3.14
2.84
9.77
16.74
22.69
26.55
27.47
24.94
18.99
10.11
-0.85
-12.84
-24.77
-35.67
-44.84
-52.08
-57.67
-62.2
-66.23
-69.96
-72.98
-74.31
-72.78
-67.45
-57.94
-44.55
-28.2
-10.19
8.01
24.99
39.56
50.95
58.93
63.79
66.03
65.99
63.59
58.46
50.33
39.45
26.79
13.83
2.04
-7.63
-14.98
-20.51
-24.99
-29.14
-33.39
-37.88
-42.38
-46.47
-49.56
-50.87
-49.56
-44.93
-36.72
-25.24
-11.53
2.85
16.08
26.54
33.24
36.07
35.66
33.12
29.55
25.72
21.88
17.95
13.8
9.52
5.52
2.31
0.34
-0.24
0.34
1.62
3.07
4.22
4.76
4.39
2.87
-0.03
-4.43
-10.28
-17.19
-24.57
-31.59
-37.33
-40.86
-41.4
-38.47
-32.08
-22.83
-11.79
-0.32
10.35
19.35
26.28
31.15
34.24
35.89
36.52
36.48
36.05
35.38
34.42
33.06
31.15
28.64
25.67
22.47
19.26
16.2
13.37
10.79
8.57
6.82
5.56
4.67
3.89
2.95
1.6
-0.34
-3
-6.61
-11.37
-17.23
-23.74
-30.04
-35.03
-37.85
-38.21
-36.42
-33.24
-29.5
-25.73
-22.12
-18.69
-15.4
-12.23
-9.18
-6.2
-3.13
0.25
4.29
9.46
16.38
25.83
38.41
54.14
71.89
89.33
103.4
111.22
111.26
104.04
92.13
79.22
68.76
62.78
61.38
62.98
65.13
65.42
62.23
55.01
44.37
31.82
19.56
9.88
4.49
3.81
6.67
10.57
12.61
10.66
4.23
-5.47
-16.28
-26.12
-33.99
-40.14
-45.58
-51.28
-57.54
-63.88
-69.37
-73.28
-75.41
-76.29
-76.75
-77.58
-79.2
-81.49
-83.88
-85.51
-85.43
-82.9
-77.5
-69.28
-58.8
-46.94
-34.83
-23.63
-14.34
-7.63
-3.64
-2.01
-1.94
-2.5
-2.95
-3.03
-2.91
-3.08
-4.04
-5.96
-8.44
-10.66
-11.56
-10.35
-6.84
-1.63
4.02
8.56
10.62
9.39
4.81
-2.41
-11.06
-19.65
-26.81
-31.55
-33.42
-32.53
-29.41
-24.81
-19.33
-13.27
-6.54
1.36
11.03
23.04
37.52
53.91
70.76
85.9
96.86
101.7
99.74
91.84
80.2
67.62
56.52
48.2
42.74
39.22
36.46
33.51
29.87
25.41
20.12
13.98
7
-0.53
-7.97
-14.37
-18.82
-20.79
-20.27
-17.68
-13.68
-8.88
-3.87
0.56
3.28
2.96
-1.54
-10.6
-23.5
-38.55
-53.54
-66.4
-75.74
-81.02
-82.34
-80.15
-75.01
-67.49
-58.32
-48.42
-38.85
-30.57
-24.17
-19.69
-16.69
-14.58
-12.89
-11.5
-10.49
-9.99
-9.86
-9.61
-8.56
-6.17
-2.25
2.84
8.37
13.48
17.53
20.31
22.11
23.46
24.87
26.53
28.23
29.54
29.98
29.35
27.75
25.54
23.15
21.01
19.58
19.35
20.7
23.7
27.79
31.85
34.39
34.17
30.58
23.98
15.45
6.38
-2.15
-9.67
-16.22
-21.93
-26.46
-28.8
-27.54
-21.7
-11.58
0.76
11.91
18.13
16.7
6.96
-9.73
-30.64
-52.84
-73.95
-92.31
-106.6
-115.35
-116.9
-109.9
-94.06
-70.81
-43.2
-15.26
9.17
27.49
38.91
44.37
45.84
45.45
44.67
44.08
43.52
42.5
40.69
38.19
35.38
32.76
30.5
28.53
26.59
24.44
21.99
19.26
16.21
12.52
7.87
2.29
-3.34
-7.19
-7.1
-1.44
9.95
25.37
41.68
55.42
64.03
66.6
63.89
57.68
49.85
41.78
34.27
27.71
22.23
17.62
12.99
6.77
-2.95
-17.56
-37.18
-60.16
-83.3
-102.64
-114.49
-116.49
-108.07
-90.6
-67.1
-41.5
-17.83
0.85
13.1
19.26
20.89
19.99
17.98
15.5
12.53
8.96
5.05
1.6
-0.38
0.25
4.32
12.33
24.25
39.38
56.26
72.68
86.08
94.12
95.5
90.37
80.51
68.67
57.88
50.31
46.7
46.17
46.63
45.59
41.09
32.44
20.52
7.47
-4.04
-11.67
-14.22
-11.92
-6.34
0.17
5.29
7.52
6.54
3.2
-0.97
-4.31
-5.61
-4.38
-0.92
3.98
9.36
14.37
18.31
20.5
20.15
16.35
8.57
-2.84
-16.29
-29.21
-38.78
-42.98
-41.34
-35.04
-26.33
-17.55
-10.29
-5.18
-2.13
-0.87
-1.33
-3.81
-8.75
-16.36
-26.35
-37.78
-49.24
-59.2
-66.55
-70.99
-72.98
-73.45
-73.33
-73.08
-72.64
-71.7
-69.93
-67.25
-63.89
-60.17
-56.36
-52.56
-48.65
-44.28
-38.98
-32.14
-23.28
-12.18
0.85
14.9
28.57
40.35
48.94
53.55
54.06
50.9
44.89
37.03
28.28
19.45
11.14
3.72
-2.59
-7.66
-11.44
-14.01
-15.58
-16.46
-16.97
-17.27
-17.27
-16.68
-15.14
-12.5
-8.96
-5.04
-1.4
1.4
3.06
3.65
3.37
2.53
1.37
0.15
-0.86
-1.29
-0.76
1.04
4.17
8.31
12.82
16.88
19.69
20.79
20.12
18.05
15.25
12.39
9.99
8.36
7.58
7.56
8.16
9.2
10.36
11.27
11.55
10.83
8.97
6.08
2.45
-1.52
-5.42
-8.97
-12.1
-14.87
-17.53
-20.42
-23.82
-27.98
-32.93
-38.48
-44.23
-49.39
-52.86
-53.46
-50.28
-43.11
-32.73
-20.75
-9.14
0.45
7.22
11.37
13.75
15.46
17.36
19.94
23.36
27.49
31.79
35.3
36.78
35.01
29.29
19.84
7.83
-4.8
-15.81
-23.19
-25.7
-23.13
-16.4
-7.23
2.39
10.79
17.05
21.13
23.63
25.33
26.83
28.43
30.21
32.16
34.28
36.5
38.56
40.12
40.85
40.58
39.43
37.71
35.72
33.71
31.72
29.69
27.52
25.2
22.78
20.43
18.29
16.44
14.85
13.36
11.8
9.97
7.79
5.32
2.69
-0.02
-2.89
-6.17
-10.28
-15.56
-22.07
-29.44
-36.87
-43.26
-47.58
-49.06
-47.4
-42.84
-36.15
-28.41
-20.9
-14.8
-10.9
-9.46
-10.13
-12.1
-14.33
-15.86
-16.04
-14.63
-11.78
-7.94
-3.7
0.32
3.61
5.81
6.85
6.9
6.32
5.54
4.9
4.57
4.56
4.72
4.91
5.04
5.09
5.05
4.98
4.84
4.57
4.15
3.57
2.9
2.22
1.6
1.1
0.76
0.61
0.73
1.17
1.91
2.83
3.61
3.84
3.18
1.5
-0.92
-3.55
-5.7
-6.86
-6.86
-5.84
-4.19
-2.3
-0.5
1.1
2.49
3.75
4.95
6.16
7.44
8.77
10.08
11.22
12.01
12.33
12.21
11.77
11.22
10.73
10.37
10.18
10.13
10.21
10.37
10.55
10.67
10.64
10.4
9.97
9.41
8.76
8.01
7.03
5.7
4.02
2.08
0.12
-1.64
-3.08
-4.24
-5.28
-6.37
-7.59
-8.92
-10.32
-11.71
-13.15
-14.72
-16.49
-18.5
-20.59
-22.52
-23.98
-24.73
-24.64
-23.76
-22.26
-20.42
-18.48
-16.61
-14.92
-13.35
-11.84
-10.22
-8.26
-5.8
-2.72
0.83
4.48
7.59
9.54
9.82
8.36
5.61
2.48
0.16
-0.21
2.15
7.49
15.45
25.11
35.28
44.75
52.48
57.85
60.68
61.14
59.69
56.85
53.04
48.54
43.41
37.59
31.1
24.18
17.23
10.84
5.46
1.24
-2.06
-4.95
-7.96
-11.29
-14.76
-17.84
-19.94
-20.75
-20.32
-19.03
-17.44
-16.03
-15.04
-14.49
-14.11
-13.44
-11.84
-8.78
-3.99
2.26
9.18
15.67
20.73
23.9
25.49
26.43
27.81
30.3
33.69
36.78
37.81
35.27
28.58
18.49
6.67
-5
-15.16
-23.26
-29.24
-32.99
-33.83
-30.65
-22.54
-9.47
7.3
25.47
42.47
56.19
65.49
70.18
70.78
68.21
63.51
57.71
51.61
45.73
40.25
35.14
30.33
25.92
22.21
19.62
18.37
18.22
18.39
17.78
15.43
10.95
4.79
-1.73
-6.67
-8.09
-4.58
4.16
17.02
31.66
45.01
54.05
56.63
51.96
40.71
24.79
6.7
-11
-26.18
-37.51
-44.44
-47.28
-46.91
-44.6
-41.61
-38.93
-37.17
-36.56
-37.1
-38.7
-41.22
-44.39
-47.71
-50.56
-52.26
-52.47
-51.27
-49.18
-46.87
-44.87
-43.31
-41.98
-40.53
-38.79
-36.79
-34.76
-32.87
-31.16
-29.48
-27.7
-25.81
-24.07
-22.84
-22.5
-23.18
-24.68
-26.4
-27.55
-27.37
-25.48
-22.02
-17.7
-13.56
-10.57
-9.22
-9.34
-10.2
-10.93
-10.94
-10.24
-9.3
-8.76
-8.95
-9.58
-9.64
-7.52
-1.48
9.79
26.61
47.93
71.29
93.25
110.25
119.73
121.03
115.64
106.69
97.81
91.88
90.03
91.31
93.12
92.26
86.36
74.87
59.34
42.93
29.02
19.88
15.68
14.53
13.41
9.65
2.04
-8.57
-19.82
-28.86
-33.4
-32.35
-26.2
-16.81
-7.01
0.26
2.82
-0.05
-7.3
-16.47
-24.48
-28.75
-28.12
-23.35
-16.78
-11.47
-10.02
-13.59
-21.37
-30.79
-38.41
-41.06
-37.13
-27.13
-13.51
0.29
11.09
16.89
17.19
12.87
5.74
-2.01
-8.28
-11.68
-11.96
-10.02
-7.75
-7.36
-10.54
-17.83
-28.41
-40.35
-51.36
-59.46
-63.47
-63.17
-59.35
-53.55
-47.75
-43.84
-43.01
-45.31
-49.55
-53.75
-55.97
-55.03
-51
-45.04
-38.89
-34.01
-31.14
-30
-29.63
-28.93
-27.02
-23.6
-18.91
-13.59
-8.5
-4.48
-2.19
-2
-3.95
-7.7
-12.71
-18.27
-23.64
-28.18
-31.42
-33.15
-33.45
-32.69
-31.38
-30.08
-29.2
-28.87
-28.99
-29.24
-29.35
-29.17
-28.75
-28.18
-27.57
-26.85
-25.87
-24.45
-22.55
-20.32
-17.92
-15.26
-11.91
-7.19
-0.6
7.8
17.31
26.93
35.91
44.07
51.68
59.01
65.74
71.01
73.78
73.48
70.42
65.7
60.51
55.68
51.29
46.97
42.4
37.58
32.83
28.54
24.95
22
19.43
17
14.48
11.8
8.95
5.99
3.06
0.38
-1.85
-3.45
-4.35
-4.63
-4.44
-4.07
-3.82
-3.94
-4.52
-5.49
-6.52
-7.13
-6.9
-5.62
-3.41
-0.67
2.11
4.53
6.43
7.89
9.07
9.99
10.5
10.31
9.16
7.03
4.1
0.74
-2.7
-6.07
-9.42
-12.91
-16.67
-20.65
-24.59
-28.16
-31.05
-32.99
-33.9
-33.77
-32.71
-30.96
-28.9
-26.89
-25.3
-24.28
-23.86
-24.07
-24.99
-26.72
-29.16
-31.85
-33.87
-34.12
-31.71
-26.46
-18.95
-10.26
-1.59
6.18
12.63
17.61
21.03
22.73
22.53
20.46
16.89
12.48
7.99
4.02
0.87
-1.51
-3.33
-4.73
-5.74
-6.23
-6.06
-5.29
-4.14
-3.04
-2.41
-2.48
-3.13
-4.04
-4.81
-5.15
-5.09
-4.83
-4.71
-5.02
-5.93
-7.45
-9.51
-11.87
-14.04
-15.28
-14.66
-11.4
-5.3
2.99
12.05
20.13
25.89
28.91
29.66
29.13
28.15
26.86
24.71
20.87
14.85
6.92
-1.96
-10.53
-17.62
-22.41
-24.38
-23.17
-18.55
-10.67
-0.18
11.63
23.05
32.42
38.53
40.94
39.98
36.54
31.8
26.96
23.01
20.56
19.77
20.39
21.9
23.81
25.71
27.4
28.74
29.48
29.33
28.03
25.52
21.99
17.85
13.53
9.28
5.16
1.11
-2.86
-6.58
-9.69
-11.85
-12.88
-12.97
-12.64
-12.54
-13.16
-14.55
-16.34
-17.86
-18.51
-18.11
-16.99
-15.83
-15.38
-16.07
-17.77
-19.82
-21.26
-21.24
-19.31
-15.63
-10.93
-6.24
-2.61
-0.84
-1.29
-3.85
-7.92
-12.48
-16.41
-18.86
-19.68
-19.71
-20.8
-25.06
-33.88
-47.07
-62.58
-77.18
-87.67
-92.07
-90.17
-83.26
-73.23
-61.63
-49.2
-36
-22.05
-7.63
6.56
19.6
30.62
38.97
44.26
46.47
46.08
44.09
41.99
41.3
42.93
46.73
51.44
55.17
56.23
53.92
48.7
41.77
34.44
27.6
21.68
17.01
14.12
13.76
16.62
22.65
30.87
39.49
46.5
50.53
51.2
49.1
45.31
40.84
36.25
31.71
27.05
22
16.39
10.27
3.92
-2.23
-7.73
-12.29
-15.84
-18.57
-20.68
-22.27
-23.19
-23.21
-22.21
-20.43
-18.37
-16.65
-15.61
-15.13
-14.62
-13.18
-9.95
-4.38
3.55
13.25
23.61
33.27
40.9
45.64
47.21
45.92
42.38
37.22
30.88
23.6
15.61
7.29
-0.8
-8
-13.78
-17.96
-20.66
-22.26
-23.27
-24.11
-25.1
-26.31
-27.58
-28.53
-28.71
-27.78
-25.65
-22.59
-19.09
-15.69
-12.75
-10.41
-8.64
-7.36
-6.57
-6.33
-6.72
-7.66
-8.9
-10.07
-10.93
-11.39
-11.6
-11.86
-12.4
-13.35
-14.67
-16.15
-17.6
-18.86
-19.91
-20.85
-21.84
-23.05
-24.5
-25.96
-26.79
-26.13
-23.14
-17.36
-9.02
0.9
10.86
19.2
24.53
25.96
23.13
16.16
5.58
-7.63
-22.17
-36.43
-48.9
-58.36
-64.14
-66.12
-64.55
-59.78
-52.22
-42.26
-30.37
-17.25
-3.71
9.44
21.58
32.42
41.96
50.28
57.48
63.59
68.71
73.05
76.9
80.31
82.87
83.62
81.29
74.94
64.49
50.95
36.1
21.92
9.91
0.74
-5.64
-9.79
-12.4
-14.07
-15.27
-16.3
-17.3
-18.21
-18.78
-18.59
-17.25
-14.56
-10.68
-6.16
-1.83
1.36
2.61
1.48
-2.01
-7.35
-13.58
-19.52
-23.99
-26
-24.99
-20.9
-14.22
-5.98
2.37
9.21
13.13
13.47
10.69
6.4
2.78
1.62
3.45
7.15
10.54
11.35
8.29
1.69
-6.85
-15.08
-21.11
-23.85
-23.08
-19.25
-13.29
-6.36
0.38
5.94
9.78
11.89
12.7
12.73
12.4
11.89
11.31
10.94
11.19
12.49
14.97
18.32
21.89
25.06
27.51
29.34
30.77
31.74
31.71
29.84
25.39
18.21
8.91
-1.28
-10.99
-19.22
-25.58
-30.15
-33.16
-34.73
-34.73
-33.03
-29.74
-25.35
-20.58
-16.15
-12.41
-9.37
-6.81
-4.53
-2.5
-0.88
0.11
0.36
-0.15
-1.23
-2.63
-3.98
-4.9
-5.03
-4.18
-2.47
-0.3
1.75
3.15
3.65
3.34
2.63
2.02
1.82
2.1
2.67
3.27
3.79
4.33
5.06
6.05
7.15
7.95
7.96
6.81
4.49
1.24
-2.6
-6.71
-10.72
-14
-15.54
-14.31
-9.79
-2.42
6.23
13.97
18.82
19.77
17.16
12.26
6.65
1.46
-2.81
-6.12
-8.45
-9.57
-9.11
-6.79
-2.71
2.71
9
15.94
23.68
32.65
43.08
54.62
66.06
75.41
80.49
79.4
71.15
56.09
35.98
13.79
-6.98
-23.03
-32.11
-33.62
-28.69
-19.95
-10.63
-3.75
-1.34
-3.99
-10.9
-20.22
-29.61
-36.85
-40.31
-39.19
-33.59
-24.35
-12.81
-0.54
10.82
19.84
25.38
26.74
23.84
17.24
8.15
-1.76
-10.81
-17.67
-21.73
-23.16
-22.66
-21.01
-18.83
-16.43
-13.91
-11.48
-9.52
-8.4
-8.3
-8.99
-9.9
-10.46
-10.48
-10.31
-10.81
-12.91
-17.09
-23.04
-29.6
-35.04
-37.52
-35.69
-28.98
-17.78
-3.21
13.17
29.68
44.88
57.7
67.55
74.29
78.16
79.6
79.15
77.3
74.41
70.78
66.65
62.24
57.72
53.06
48.1
42.51
36.02
28.39
19.56
9.61
-1.2
-12.37
-23.15
-32.6
-39.96
-44.97
-48.11
-50.34
-52.72
-55.74
-58.98
-61.3
-61.26
-57.86
-50.95
-41.37
-30.68
-20.74
-13.27
-9.56
-10.24
-15.21
-23.56
-33.84
-44.23
-53
-58.7
-60.34
-57.44
-50
-38.45
-23.57
-6.46
11.48
28.57
43.09
53.43
58.48
57.83
52.05
42.6
31.45
20.57
11.36
4.36
-0.69
-4.45
-7.58
-10.41
-13.01
-15.27
-17.14
-18.71
-20.12
-21.49
-22.88
-24.37
-26.01
-27.76
-29.23
-29.47
-27.04
-20.57
-9.38
5.97
23.66
41.12
55.82
66.09
71.38
72.27
69.94
65.73
60.79
55.86
51.38
47.38
43.57
39.33
33.88
26.5
16.94
5.73
-5.89
-16.26
-23.95
-28.46
-30.44
-31.55
-33.9
-39.15
-48.02
-60
-73.55
-86.35
-95.78
-99.46
-95.77
-84.51
-67.11
-46.55
-26.48
-10.06
1.05
6.95
9.06
9.07
8.23
7.06
5.71
4.41
3.67
3.98
5.44
7.5
9.06
9.07
7.13
3.77
0.26
-2.01
-2.04
0.39
4.98
11.19
18.59
27
36.3
46.15
55.69
63.43
67.63
66.93
60.92
50.54
37.75
24.97
14.36
7.25
4.04
4.24
6.9
10.81
14.81
17.75
18.67
16.81
11.79
3.75
-6.55
-17.85
-28.57
-37.21
-42.69
-44.63
-43.36
-39.73
-34.81
-29.51
-24.46
-20.01
-16.3
-13.29
-10.78
-8.31
-5.37
-1.52
3.32
8.72
13.88
17.91
20.12
20.25
18.58
15.74
12.53
9.68
7.67
6.67
6.45
6.51
6.32
5.61
4.52
3.44
2.76
2.46
2.06
0.84
-1.77
-5.89
-11.11
-16.72
-21.99
-26.27
-28.91
-29.22
-26.54
-20.61
-11.94
-1.82
8
16.06
21.8
25.64
28.47
31
33.2
34.44
33.95
31.43
27.31
22.48
17.72
13.25
8.89
4.45
0.23
-2.85
-3.77
-2.04
1.73
5.87
8.3
7.39
2.54
-5.66
-15.74
-25.95
-34.74
-41.08
-44.72
-46
-45.78
-45.28
-45.75
-48.07
-52.47
-58.43
-64.73
-69.96
-72.83
-72.39
-68.19
-60.22
-48.8
-34.61
-18.53
-1.5
15.5
31.56
45.78
57.22
64.98
68.32
67.05
61.73
53.69
44.64
36.15
29.32
24.6
22.12
21.86
23.63
26.89
30.52
32.88
32.18
27.32
18.35
6.71
-5.27
-15.15
-21.33
-23.34
-21.85
-18.2
-13.77
-9.68
-6.55
-4.67
-4.02
-4.5
-5.85
-7.7
-9.61
-11.1
-11.86
-11.74
-10.8
-9.31
-7.61
-6.14
-5.32
-5.57
-7.26
-10.65
-15.83
-22.6
-30.59
-39.18
-47.71
-55.46
-61.84
-66.35
-68.71
-68.8
-66.76
-62.89
-57.6
-51.2
-43.88
-35.67
-26.64
-17.08
-7.57
1.16
8.5
14.22
18.51
21.83
24.5
26.53
27.52
26.94
24.53
20.75
16.88
14.79
16.37
22.77
33.89
48.24
63.38
76.61
85.74
89.6
88.05
81.66
71.34
58.09
42.93
27.01
11.6
-1.96
-12.56
-19.58
-23.04
-23.58
-22.16
-19.81
-17.26
-14.82
-12.45
-9.93
-7.23
-4.6
-2.66
-2.15
-3.71
-7.56
-13.5
-21.02
-29.41
-37.87
-45.54
-51.42
-54.41
-53.62
-48.78
-40.5
-30.16
-19.61
-10.54
-4.12
-0.98
-1.41
-5.5
-13.23
-24.28
-37.77
-52.2
-65.69
-76.43
-83.18
-85.47
-83.52
-78.04
-69.9
-60.01
-49.09
-37.68
-26.2
-14.89
-3.86
6.96
17.81
28.94
40.45
52.03
63.04
72.51
79.44
83.03
82.69
78.17
69.53
57.24
42.29
26.17
10.71
-2.32
-11.48
-15.9
-15.25
-9.59
0.59
14.38
30.37
46.7
61.45
72.95
80.11
82.43
79.97
73.22
63.23
51.67
40.7
32.47
28.37
28.27
30.51
32.54
31.98
27.68
20.08
10.83
1.93
-5.05
-9.38
-11.06
-10.43
-7.9
-3.88
1.13
6.39
10.99
13.99
14.68
12.72
8.2
1.61
-6.3
-14.57
-22.18
-28.21
-31.97
-33.21
-32.13
-29.35
-25.7
-21.93
-18.62
-16.05
-14.36
-13.54
-13.56
-14.27
-15.47
-16.76
-17.72
-17.97
-17.36
-15.95
-13.94
-11.63
-9.21
-6.79
-4.39
-1.89
0.85
4.03
7.82
12.22
17.03
21.71
25.61
28.17
29.12
28.61
27.07
24.89
22.25
19.16
15.53
11.46
7.3
3.45
0.1
-2.92
-6.18
-10.29
-15.59
-21.88
-28.5
-34.59
-39.49
-42.86
-44.7
-45.16
-44.41
-42.56
-39.8
-36.5
-33.22
-30.49
-28.67
-27.76
-27.51
-27.62
-27.98
-28.76
-30.21
-32.39
-34.97
-37.21
-38.21
-37.25
-33.97
-28.43
-21.01
-12.22
-2.67
6.95
15.9
23.49
29.26
33.17
35.58
37.04
38.06
38.81
39.1
38.57
36.91
33.98
29.94
25.1
19.82
14.39
9.07
4.02
-0.62
-4.74
-8.2
-10.91
-12.78
-13.79
-13.95
-13.35
-12.16
-10.6
-8.86
-7.08
-5.32
-3.64
-2.13
-0.91
-0.07
0.43
0.77
1.24
2.05
3.26
4.66
5.89
6.59
6.6
5.96
5.01
4.3
4.58
6.81
11.95
20.79
33.51
49.42
66.85
83.37
96.39
103.74
104.36
98.43
87.3
73.12
58.24
44.79
34.3
27.54
24.42
24.21
25.73
27.68
28.94
28.72
26.64
22.68
17.08
10.26
2.81
-4.59
-11.24
-16.63
-20.54
-23.13
-24.87
-26.27
-27.77
-29.5
-31.33
-32.9
-33.8
-33.74
-32.6
-30.43
-27.41
-23.79
-19.78
-15.64
-11.58
-7.76
-4.3
-1.21
1.65
4.46
7.36
10.31
13.03
15.1
16.07
15.75
14.24
11.89
9.23
6.69
4.47
2.44
0.19
-2.89
-7.3
-13.24
-20.38
-27.85
-34.43
-38.83
-40.24
-38.62
-34.87
-30.5
-27.27
-26.61
-29.28
-35.24
-43.69
-53.32
-62.58
-69.94
-74.22
-74.77
-71.62
-65.44
-57.39
-48.71
-40.46
-33.23
-27.07
-21.63
-16.32
-10.6
-4.01
3.64
12.22
21.21
29.75
36.85
41.64
43.84
44
43.48
43.9
46.5
51.56
58.15
64.51
68.62
68.92
64.65
55.99
43.82
29.48
14.49
0.33
-11.68
-20.62
-26.08
-28.23
-27.72
-25.59
-22.99
-21.02
-20.48
-21.53
-23.64
-25.59
-25.92
-23.55
-18.24
-10.78
-2.64
4.61
9.94
13.1
14.51
14.91
14.87
14.77
14.7
14.72
14.85
15
14.9
13.97
11.57
7.22
1.02
-6.34
-13.59
-19.42
-22.97
-24.27
-24.29
-24.51
-26.19
-29.64
-33.93
-37.16
-37.27
-33.01
-24.44
-13
-0.91
9.61
17.11
21.25
22.93
23.89
26.21
31.68
41.19
54.2
68.68
81.43
88.85
88.01
77.59
58.45
33.67
7.77
-14.51
-29.61
-36.18
-35.31
-29.93
-23.59
-19.19
-18.04
-19.68
-22.29
-23.62
-21.78
-15.83
-5.95
6.67
20.08
31.96
40.12
42.91
39.72
31.06
18.56
4.46
-8.91
-19.77
-27.27
-31.55
-33.53
-34.4
-35.23
-36.58
-38.23
-39.17
-37.83
-32.65
-22.68
-8.25
9.11
27.03
43.12
55.68
64.09
68.5
69.44
67.33
62.36
54.65
44.58
33.01
21.27
10.99
3.56
-0.26
-0.64
1.13
2.94
2.48
-2.03
-11.09
-23.79
-38.08
-51.46
-61.67
-67.15
-67.12
-61.52
-50.89
-36.37
-19.6
-2.53
13.01
25.74
35.19
41.6
45.6
47.81
48.61
48.16
46.51
43.79
40.16
35.83
30.93
25.69
20.38
15.42
11.22
8.1
6.13
5.21
5.1
5.55
6.4
7.5
8.68
9.71
10.27
9.98
8.39
5.1
-0.21
-7.51
-16.48
-26.44
-36.62
-46.48
-55.84
-64.85
-73.76
-82.59
-90.94
-97.99
-102.75
-104.29
-102.06
-95.99
-86.47
-74.26
-60.28
-45.45
-30.6
-16.45
-3.61
7.41
16.29
23.04
28.04
31.99
35.75
40.09
45.62
52.67
61.09
70.15
78.43
84.17
85.76
82.5
75.05
65.5
56.72
51.35
50.85
55.07
62.46
70.82
78.06
82.84
84.56
83.24
79.07
72.25
62.91
51.33
38.2
24.71
12.4
2.65
-3.78
-7.06
-8.19
-8.71
-10.01
-12.88
-17.26
-22.3
-26.74
-29.35
-29.21
-25.87
-19.36
-10.17
0.71
11.95
22
29.58
33.98
35.44
35.06
34.44
34.98
37.32
41.08
45.23
48.63
50.56
50.81
49.22
45.42
38.81
29.09
16.73
3.31
-8.97
-18.2
-23.57
-25.72
-26.27
-26.8
-28.08
-29.72
-30.58
-29.4
-25.5
-18.99
-10.79
-2.33
4.83
9.31
10.3
7.74
2.25
-5.09
-13.06
-20.64
-27.18
-32.33
-36.07
-38.47
-39.63
-39.65
-38.61
-36.72
-34.45
-32.6
-32.22
-34.37
-39.63
-47.69
-57.23
-66.19
-72.46
-74.61
-72.36
-66.59
-58.77
-50.31
-42.11
-34.49
-27.46
-21.17
-15.95
-12.25
-10.24
-9.66
-9.78
-9.72
-8.84
-7.01
-4.58
-2.21
-0.53
0.16
0.02
-0.51
-0.84
-0.58
0.34
1.68
2.99
3.9
4.19
3.95
3.4
2.85
2.56
2.66
3.13
3.89
4.87
6.04
7.43
9.1
11.07
13.29
15.62
17.77
19.35
19.91
19.09
16.73
13.01
8.44
3.69
-0.66
-4.34
-7.55
-10.67
-14.18
-18.4
-23.45
-29.35
-35.94
-42.9
-49.75
-55.85
-60.57
-63.47
-64.35
-63.29
-60.44
-55.96
-50.03
-42.95
-35.32
-27.94
-21.71
-17.23
-14.66
-13.66
-13.66
-14.02
-14.31
-14.34
-14.1
-13.71
-13.31
-13.02
-12.86
-12.7
-12.19
-10.82
-7.99
-3.21
3.68
12.42
22.33
32.41
41.61
49.02
54.08
56.63
56.88
55.3
52.4
48.57
43.97
38.62
32.54
25.96
19.32
13.18
8.06
4.2
1.65
0.28
0.07
1.13
3.59
7.37
11.87
16.14
19.15
20.26
19.51
17.53
15.19
13.18
11.82
11.02
10.57
10.23
9.88
9.37
8.37
6.48
3.4
-0.86
-5.84
-10.79
-14.98
-17.93
-19.67
-20.65
-21.55
-22.94
-25.03
-27.58
-30.05
-31.88
-32.81
-32.98
-32.73
-32.42
-32.13
-31.7
-30.88
-29.53
-27.67
-25.36
-22.53
-18.91
-14.24
-8.53
-2.33
3.4
7.62
9.67
9.56
7.88
5.54
3.29
1.58
0.48
-0.14
-0.36
-0.17
0.6
2.12
4.48
7.52
10.92
14.1
16.47
17.5
16.92
14.75
11.31
7.19
3.15
-0
-1.58
-1.26
0.8
4.05
7.67
10.81
12.74
12.98
11.32
7.94
3.46
-1.04
-4.42
-5.99
-6.01
-5.78
-7.21
-11.95
-20.58
-32.3
-45.16
-56.68
-64.5
-66.79
-62.44
-51.15
-33.75
-12.36
9.8
29.07
42.42
48.45
47.79
42.7
36.08
30.39
26.86
25.39
24.9
23.84
20.83
15
6.19
-5.09
-17.8
-30.73
-42.7
-52.72
-60.05
-64.06
-64.37
-60.94
-54.17
-44.93
-34.43
-23.83
-14.04
-5.55
1.45
6.83
10.5
12.49
13.28
13.77
15.05
17.77
21.65
25.42
27.35
26.22
22.17
17.04
13.72
14.92
21.76
33.09
45.78
55.9
60.21
57.14
47.22
32.62
16.34
1.32
-10.1
-16.63
-18.13
-15.63
-11.26
-7.78
-7.99
-13.79
-25.42
-41.02
-56.83
-68.12
-70.6
-61.93
-42.76
-16.73
10.51
33.13
46.84
49.99
43.47
29.91
12.6
-5.29
-21
-32.21
-37.09
-34.54
-24.57
-8.59
10.85
30.62
47.84
60.43
67.37
68.44
63.93
54.49
41.1
25.45
9.85
-3.05
-11.11
-13.44
-10.87
-5.68
-0.76
1.39
-0.54
-6.58
-15.8
-26.88
-38.54
-49.66
-59.25
-66.25
-69.72
-69.06
-64.39
-56.64
-47.38
-38.36
-30.89
-25.54
-21.96
-19.18
-16.01
-11.66
-5.93
0.73
7.44
13.28
17.61
20.19
21.2
21.08
20.34
19.4
18.53
17.83
17.31
16.85
16.33
15.56
14.37
12.61
10.28
7.5
4.47
1.43
-1.46
-4.14
-6.61
-9
-11.3
-13.44
-15.2
-16.28
-16.38
-15.32
-13.23
-10.6
-8.17
-6.79
-7.04
-9.1
-12.61
-16.73
-20.32
-22.26
-21.72
-18.52
-13.27
-7.34
-2.42
0.12
-0.42
-3.75
-8.9
-14.58
-19.64
-23.2
-24.66
-23.54
-19.42
-12.17
-2.12
9.87
22.54
34.54
44.76
52.47
57.3
59.17
58.19
54.64
48.92
41.51
32.92
23.66
14.15
4.66
-4.63
-13.59
-22.06
-29.81
-36.57
-42
-45.59
-46.71
-44.66
-38.95
-29.7
-17.94
-5.59
5.01
11.95
14.39
12.87
8.89
4.22
0.2
-2.59
-4.07
-4.32
-3.28
-0.78
3.13
8.08
13.62
19.47
25.78
32.9
40.9
49.07
55.95
59.8
59.33
54.26
45.39
34.27
22.69
12.3
4.35
-0.33
-1.42
0.82
5.56
11.48
17.13
21.22
22.86
21.73
18.14
12.95
7.33
2.47
-1.07
-3.44
-5.55
-8.49
-13.05
-19.26
-26.42
-33.5
-39.35
-42.84
-42.93
-38.81
-30.18
-17.66
-2.94
11.49
22.86
29.06
29.31
24.32
15.93
6.29
-2.9
-10.75
-17.11
-22.07
-25.5
-26.76
-25.04
-19.82
-11.52
-1.63
7.74
14.56
17.73
17.44
14.86
11.55
8.78
7.19
6.72
7.03
7.81
8.85
10.02
10.94
10.93
9.17
5.09
-1.27
-9.06
-16.79
-22.81
-25.85
-25.43
-21.87
-16.02
-8.73
-0.66
7.79
16.24
24.08
30.46
34.69
36.71
37.39
38.36
41.29
47.03
55.08
63.82
71.05
74.95
74.53
69.68
60.84
48.6
33.58
16.51
-1.4
-18.55
-33.03
-43.16
-48.02
-47.73
-43.37
-36.64
-29.29
-22.6
-17.19
-13.01
-9.65
-6.67
-3.84
-1.18
1.13
2.96
4.28
5.18
5.78
6.17
6.36
6.36
6.13
5.58
4.61
3.13
1.13
-1.3
-3.94
-6.64
-9.32
-12.12
-15.25
-18.87
-23.02
-27.55
-32.18
-36.55
-40.22
-42.72
-43.53
-42.25
-38.76
-33.4
-26.9
-20.2
-14.24
-9.62
-6.55
-4.86
-4.14
-3.86
-3.42
-2.16
0.65
5.65
13.28
23.48
35.6
48.4
60.38
70.11
76.65
79.66
79.32
76.08
70.46
62.87
53.71
43.38
32.4
21.37
10.76
0.82
-8.54
-17.72
-27.23
-37.38
-48.04
-58.52
-67.64
-74.04
-76.48
-74.08
-66.57
-54.2
-37.68
-18.04
3.38
24.99
44.99
61.48
72.73
77.54
75.79
68.73
58.9
49.53
43.43
42.01
44.73
49.45
53.34
54.17
51.06
44.64
36.57
28.86
23.3
21.16
23.14
29.13
38.24
48.74
58.43
65.22
67.62
65.09
57.94
47.06
33.54
18.35
2.18
-14.6
-31.66
-48.47
-63.99
-76.77
-85.29
-88.58
-86.7
-80.7
-72.15
-62.37
-52.05
-41.3
-30.17
-19.23
-9.64
-2.72
0.74
0.79
-1.73
-5.8
-10.6
-15.69
-21
-26.45
-31.86
-36.9
-41.23
-44.6
-46.88
-48.02
-47.96
-46.68
-44.2
-40.64
-36.14
-30.87
-24.96
-18.61
-12.23
-6.47
-2.18
-0.19
-0.98
-4.55
-10.31
-17.19
-23.96
-29.54
-33.18
-34.55
-33.6
-30.54
-25.78
-19.91
-13.63
-7.65
-2.57
1.33
4.05
5.8
6.96
7.85
8.89
10.36
12.42
14.87
17.09
18.13
17.19
14.03
9.3
4.4
0.78
-0.7
-0.24
1.07
1.87
1.32
-0.43
-2.34
-2.94
-1
4.12
12.45
23.67
37.29
52.52
68.05
81.89
91.51
94.49
89.27
75.89
56.06
32.93
10.14
-9.05
-22.45
-29.28
-30.14
-26.64
-20.96
-15.33
-11.57
-10.87
-13.52
-18.98
-25.99
-32.88
-38.01
-40.15
-38.91
-34.71
-28.71
-22.4
-17.24
-14.45
-14.83
-18.69
-25.67
-34.8
-44.34
-52.14
-55.98
-54.14
-45.86
-31.56
-12.82
7.96
27.87
44.18
54.89
59.12
57.22
50.6
41.28
31.35
22.55
16.11
12.75
12.69
15.59
20.61
26.47
31.77
35.34
36.54
35.37
32.32
28.09
23.33
18.52
13.96
9.88
6.5
3.94
2.23
1.13
0.26
-0.83
-2.31
-4.04
-5.58
-6.34
-5.97
-4.64
-3.14
-2.76
-4.96
-10.82
-20.72
-34.15
-49.62
-64.96
-77.55
-84.73
-84.35
-75.41
-58.6
-36.4
-12.56
8.89
24.84
33.82
36.2
33.53
27.78
20.66
13.4
7
2.39
0.52
2.06
7.14
15.05
24.48
33.85
41.71
47.02
49.24
48.32
44.61
38.88
32.32
26.39
22.64
22.26
25.65
32.09
39.8
46.27
49.12
46.68
38.44
24.96
7.44
-12.83
-34.78
-57.69
-80.88
-103.45
-124.06
-141.07
-152.77
-157.87
-155.71
-146.45
-131.03
-110.95
-87.96
-63.63
-39.22
-15.58
6.55
26.25
42.36
53.79
59.98
61.34
59.33
56
53.29
52.46
53.81
57.09
61.88
67.77
74.43
81.26
87.23
90.92
90.99
86.62
77.84
65.47
50.88
35.66
21.32
9.21
0.38
-4.61
-5.84
-4.17
-1.15
1.2
0.92
-3.37
-12
-24.13
-37.91
-51.05
-61.38
-67.21
-67.66
-62.61
-52.89
-40.15
-26.65
-14.76
-6.31
-2.06
-1.52
-3.39
-6.09
-8.55
-10.35
-11.6
-12.53
-13.15
-13.35
-13.1
-12.63
-12.42
-12.86
-13.96
-15.29
-16.22
-16.3
-15.57
-14.48
-13.69
-13.67
-14.46
-15.77
-17.1
-18.1
-18.7
-19.07
-19.43
-20.1
-21.28
-23.11
-25.51
-28.15
-30.54
-32.19
-32.83
-32.53
-31.69
-30.77
-30.01
-29.31
-28.3
-26.53
-23.61
-19.33
-13.7
-6.98
0.34
7.59
14.07
19.28
23.06
25.65
27.46
28.72
29.38
29.15
27.78
25.28
22.14
19.17
17.14
16.44
16.86
17.71
18.19
17.72
16.15
13.8
11.15
8.58
6.28
4.25
2.51
1.24
0.75
1.3
2.87
5.07
7.27
8.81
9.3
8.66
7.08
4.82
2.09
-1.01
-4.39
-7.88
-11.27
-14.36
-17.07
-19.49
-21.82
-24.18
-26.58
-28.82
-30.61
-31.65
-31.82
-31.2
-29.99
-28.44
-26.72
-24.83
-22.63
-19.91
-16.41
-12.03
-6.82
-1
4.99
10.6
15.2
18.25
19.51
19.15
17.8
16.33
15.54
15.83
17.03
18.52
19.5
19.41
18.06
15.63
12.59
9.5
6.91
5.32
5.11
6.48
9.23
12.78
16.2
18.53
19.13
17.88
15.18
11.77
8.34
5.22
2.28
-0.88
-4.59
-8.81
-13.02
-16.44
-18.3
-18.26
-16.5
-13.56
-10.08
-6.59
-3.31
-0.21
2.81
5.77
8.6
11.11
13.14
14.62
15.64
16.42
17.21
18.24
19.63
21.3
23.05
24.58
25.69
26.37
26.81
27.37
28.26
29.43
30.54
31.21
31.24
30.69
29.85
28.96
27.98
26.64
24.63
22.05
19.28
16.79
14.7
12.42
8.88
2.99
-5.96
-17.98
-32.44
-48.29
-64.2
-78.5
-89.24
-94.32
-92.07
-81.83
-64.57
-42.75
-19.85
0.72
16.5
26.44
30.85
30.89
28.06
23.64
18.59
13.54
9.02
5.56
3.54
3.08
3.86
5.23
6.41
6.8
6.18
4.71
2.8
0.81
-1.06
-2.85
-4.73
-6.83
-9.14
-11.46
-13.46
-14.85
-15.46
-15.37
-14.79
-13.95
-13.02
-11.93
-10.5
-8.49
-5.77
-2.47
1.05
4.33
7.03
9.06
10.63
12.13
13.96
16.43
19.57
23.15
26.67
29.44
30.71
29.92
26.9
22.05
16.2
10.32
5.21
1.23
-1.65
-3.7
-5.08
-5.67
-5.1
-2.93
1.06
6.63
13.1
19.49
24.8
28.25
29.5
28.59
25.86
21.72
16.5
10.47
3.89
-2.86
-9.25
-14.78
-19.05
-21.94
-23.56
-24.18
-24.1
-23.59
-22.85
-22.02
-21.18
-20.36
-19.53
-18.6
-17.53
-16.38
-15.27
-14.42
-13.98
-13.99
-14.32
-14.68
-14.68
-13.98
-12.36
-9.84
-6.79
-3.89
-1.95
-1.65
-3.1
-5.64
-7.86
-7.98
-4.42
3.61
15.73
30.45
45.46
58.2
66.45
68.78
64.82
55.41
42.33
28.11
15.32
6.12
1.69
2.15
6.58
13.44
21.05
27.94
33.25
36.73
38.78
40.2
41.99
45.03
49.7
55.64
61.76
66.66
69.16
68.85
66.2
62.3
58.24
54.53
50.92
46.48
40.21
31.59
20.91
9.23
-1.91
-11
-16.95
-19.31
-18.34
-14.83
-10.02
-5.38
-2.39
-2.28
-5.74
-12.67
-22.16
-32.77
-42.86
-51.13
-56.84
-59.81
-60.24
-58.45
-54.79
-49.56
-43.05
-35.59
-27.56
-19.46
-11.97
-5.88
-1.95
-0.56
-1.45
-3.65
-5.75
-6.51
-5.38
-2.72
0.39
2.82
3.84
3.44
2.15
0.61
-0.82
-2.22
-3.89
-6.14
-8.99
-12.23
-15.58
-18.89
-22.15
-25.37
-28.46
-31
-32.45
-32.33
-30.46
-27.06
-22.66
-17.88
-13.18
-8.78
-4.67
-0.78
2.81
5.72
7.18
6.2
1.96
-5.81
-16.49
-28.56
-39.8
-47.85
-50.83
-47.84
-39.19
-26.38
-11.7
2.4
13.85
21.45
25.07
25.46
23.85
21.45
19.06
16.98
15.09
13.14
10.95
8.56
6.32
4.78
4.55
6.04
9.18
13.15
16.48
17.38
14.26
6.44
-5.54
-20.03
-34.6
-46.63
-53.88
-54.88
-49.15
-37.2
-20.62
-1.77
16.41
30.99
39.69
41.37
36.45
26.83
15.39
5.31
-0.88
-1.96
1.62
7.95
14.34
18.22
17.9
12.94
4.23
-6.42
-16.74
-24.62
-28.53
-27.73
-22.36
-13.28
-1.9
10.1
21.04
29.48
34.39
35.4
32.89
27.86
21.65
15.47
10.13
5.86
2.47
-0.45
-3.26
-6.16
-9.08
-11.76
-13.76
-14.56
-13.76
-11.16
-6.95
-1.68
3.79
8.49
11.59
12.61
11.47
8.52
4.31
-0.64
-6.03
-11.83
-18.23
-25.38
-33.33
-41.76
-50.01
-57
-61.39
-61.84
-57.44
-48.09
-34.7
-19.02
-3.23
10.71
21.47
28.59
32.18
32.73
30.81
27.12
22.45
17.69
13.7
10.97
9.55
9.01
8.71
8.13
7.1
5.82
4.79
4.51
5.37
7.47
10.54
13.99
17.01
18.74
18.53
16.2
12.02
6.73
1.15
-3.99
-8.31
-11.79
-14.7
-17.39
-20.19
-23.38
-27.01
-31.01
-35.06
-38.71
-41.38
-42.45
-41.4
-37.89
-31.96
-24.01
-14.85
-5.55
2.87
9.74
14.93
18.88
22.25
25.54
28.75
31.37
32.66
32.03
29.41
25.36
20.8
16.73
13.8
12.22
11.82
12.15
12.68
12.9
12.44
11.11
8.93
6.07
2.83
-0.48
-3.58
-6.19
-8.09
-9.12
-9.22
-8.47
-7.14
-5.62
-4.39
-3.86
-4.33
-5.89
-8.44
-11.68
-15.12
-18.26
-20.68
-22.15
-22.63
-22.25
-21.27
-20.01
-18.86
-18.17
-18.22
-19.09
-20.67
-22.69
-24.82
-26.81
-28.52
-29.87
-30.78
-31.11
-30.72
-29.45
-27.2
-23.96
-19.91
-15.48
-11.31
-8.12
-6.4
-6.14
-6.74
-7.11
-6.22
-3.47
0.92
6.04
10.61
13.45
13.89
11.89
8.1
3.47
-0.95
-4.39
-6.5
-7.47
-7.93
-8.79
-11.07
-15.46
-22.13
-30.48
-39.17
-46.4
-50.35
-49.74
-44.11
-33.86
-20
-3.79
13.5
30.7
46.84
61.22
73.56
83.85
92.15
98.17
101.2
100.26
94.76
85.17
73.26
61.7
52.97
48.16
46.43
45.4
42.25
34.94
22.95
7.23
-10.44
-28.18
-44.49
-58.29
-68.73
-74.93
-76.21
-72.32
-63.9
-52.47
-40.12
-28.9
-20.18
-14.38
-10.92
-8.65
-6.19
-2.45
3.18
10.74
19.84
29.66
39.08
46.79
51.56
52.52
49.45
42.88
33.94
24.08
14.67
6.75
0.96
-2.44
-3.45
-2.32
0.47
4.24
8.18
11.53
13.79
14.79
14.64
13.65
12.05
10.01
7.53
4.59
1.16
-2.72
-6.98
-11.52
-16.12
-20.51
-24.29
-27.11
-28.72
-29.09
-28.45
-27.17
-25.73
-24.48
-23.62
-23.11
-22.76
-22.28
-21.39
-19.92
-17.9
-15.55
-13.19
-11.22
-9.95
-9.49
-9.7
-10.29
-10.97
-11.57
-12.2
-13.07
-14.4
-16.2
-18.19
-19.83
-20.47
-19.48
-16.4
-10.91
-2.94
7.28
19.1
31.45
42.94
52.23
58.25
60.61
59.47
55.54
49.73
42.94
35.9
29.12
22.91
17.43
12.73
8.71
5.2
2.04
-0.93
-3.73
-6.33
-8.67
-10.76
-12.67
-14.53
-16.42
-18.33
-20.08
-21.31
-21.59
-20.58
-18.23
-14.81
-10.96
-7.45
-4.96
-3.87
-4.04
-4.89
-5.65
-5.62
-4.43
-2.2
0.53
2.97
4.4
4.47
3.39
1.99
1.74
4.34
11.27
22.98
38.38
54.65
68
74.77
72.76
61.98
44.47
23.4
1.93
-17.56
-33.61
-45.25
-51.68
-52.16
-46.49
-35.47
-21.1
-6.17
6.57
15.16
18.97
18.52
15
9.61
3.21
-3.73
-10.86
-17.7
-23.57
-27.76
-29.76
-29.55
-27.53
-24.44
-20.96
-17.55
-14.37
-11.38
-8.44
-5.47
-2.47
0.44
3
4.96
6.15
6.55
6.36
5.91
5.58
5.59
5.97
6.51
6.92
6.98
6.63
5.95
5.09
4.16
3.22
2.26
1.26
0.19
-0.96
-2.3
-3.96
-6.12
-8.84
-12.05
-15.54
-19.1
-22.54
-25.77
-28.74
-31.27
-33.1
-33.88
-33.3
-31.22
-27.68
-22.89
-17.02
-10.16
-2.31
6.63
16.61
27.47
38.96
50.88
63.11
75.64
88.36
100.85
112.28
121.41
126.88
127.54
122.74
112.54
97.73
79.75
60.37
41.4
24.22
9.68
-2.06
-11.25
-18.33
-23.62
-27.33
-29.53
-30.34
-30.06
-29.07
-27.8
-26.59
-25.7
-25.25
-25.3
-25.78
-26.53
-27.35
-27.98
-28.21
-27.83
-26.65
-24.53
-21.51
-17.84
-13.97
-10.52
-7.95
-6.61
-6.55
-7.64
-9.61
-12.1
-14.72
-17.09
-18.93
-20.08
-20.63
-20.78
-20.69
-20.36
-19.65
-18.46
-16.87
-15.27
-14.14
-13.9
-14.64
-16.07
-17.75
-19.16
-19.99
-20.13
-19.58
-18.43
-16.8
-14.88
-12.93
-11.12
-9.42
-7.54
-5.01
-1.5
3.01
8.11
13.09
17.33
20.56
23.13
25.8
29.4
34.34
40.33
46.36
51.07
53.15
51.81
47.05
39.67
30.93
22.11
14.14
7.48
2.21
-1.79
-4.59
-6.26
-6.94
-6.98
-6.97
-7.41
-8.4
-9.43
-9.45
-7.35
-2.52
4.75
13.27
21.36
27.42
30.33
29.72
25.92
19.83
12.73
5.99
0.91
-1.52
-0.97
2.19
6.95
12.19
17.11
21.56
25.88
30.52
35.6
40.7
45.08
48.01
49.12
48.51
46.45
43.18
38.73
33
26.02
18.19
10.28
3.17
-2.52
-6.7
-9.84
-12.85
-16.83
-22.7
-30.88
-41.24
-53.06
-65.34
-77.11
-87.72
-97.03
-105.48
-113.86
-123.03
-133.48
-144.98
-156.38
-165.6
-170.02
-167.1
-155.16
-133.85
-104.37
-69.1
-31.09
6.64
41.51
71.64
95.86
113.68
125.23
131.19
132.63
130.71
126.41
120.29
112.57
103.22
92.36
80.51
68.66
58.17
50.44
46.42
46.2
48.69
51.78
52.94
49.98
41.86
29.07
13.56
-1.65
-13.22
-18.21
-14.79
-2.88
15.39
35.99
54.09
65.58
68.59
63.95
54.43
43.32
32.95
24.08
16.36
9.29
2.8
-2.78
-7.27
-11.19
-15.66
-21.76
-29.87
-39.36
-48.9
-57.19
-63.47
-67.69
-70.24
-71.61
-72.12
-71.92
-71
-69.35
-66.89
-63.62
-59.5
-54.65
-49.34
-44.03
-39.25
-35.45
-32.86
-31.41
-30.81
-30.65
-30.58
-30.39
-30.05
-29.6
-29.1
-28.54
-27.9
-27.08
-26.05
-24.84
-23.51
-22.13
-20.72
-19.21
-17.51
-15.57
-13.39
-11.11
-8.94
-7.1
-5.68
-4.66
-3.8
-2.89
-1.8
-0.55
0.67
1.67
2.38
2.94
3.59
4.62
6.08
7.86
9.75
11.51
13.04
14.41
15.75
17.21
18.86
20.6
22.31
23.84
24.99
25.65
25.68
24.99
23.58
21.62
19.45
17.58
16.52
16.46
17.23
18.22
18.64
17.8
15.4
11.58
6.79
1.64
-3.3
-7.58
-10.88
-13.14
-14.66
-16.06
-18.19
-21.8
-27.17
-33.93
-41.1
-47.42
-51.78
-53.56
-52.65
-49.4
-44.33
-37.93
-30.62
-22.72
-14.62
-6.71
0.61
7.09
12.76
17.89
22.9
28.01
33.12
37.69
40.96
42.25
41.22
38.01
33.14
27.33
21.26
15.46
10.22
5.66
1.72
-1.68
-4.65
-7.29
-9.66
-11.78
-13.66
-15.29
-16.67
-17.85
-18.92
-20.05
-21.36
-22.85
-24.24
-25.06
-24.69
-22.66
-18.9
-13.81
-8.05
-2.29
3.18
8.5
14.06
20.11
26.52
32.63
37.54
40.56
41.52
40.85
39.32
37.68
36.29
35.09
33.74
31.89
29.44
26.58
23.59
20.65
17.7
14.39
10.27
5.06
-1.24
-8.39
-16.09
-24.11
-32.41
-41
-49.72
-58.09
-65.24
-70.13
-71.84
-69.92
-64.57
-56.57
-47.19
-37.8
-29.57
-23.18
-18.85
-16.37
-15.27
-14.94
-14.68
-13.78
-11.7
-8.33
-4.22
-0.5
1.5
0.9
-2.33
-7.27
-12.41
-16.31
-18
-17.14
-13.88
-8.63
-1.9
5.71
13.57
21.16
28.29
35.13
41.98
49
55.78
61.33
64.46
64.25
60.54
53.96
45.69
36.94
28.55
20.86
13.89
7.57
1.94
-2.86
-6.72
-9.75
-12.24
-14.64
-17.41
-20.81
-24.88
-29.45
-34.23
-38.91
-43.21
-46.83
-49.4
-50.45
-49.44
-45.91
-39.81
-31.53
-22.02
-12.45
-3.95
2.79
7.66
10.97
13.2
14.66
15.37
15.18
13.9
11.59
8.56
5.31
2.3
-0.24
-2.39
-4.43
-6.68
-9.28
-11.95
-14.01
-14.45
-12.29
-6.98
1.22
11.18
21.15
29.28
34.35
36.12
35.34
33.3
31.37
30.55
31.3
33.63
37.22
41.43
45.3
47.69
47.74
45.46
42.07
39.77
40.89
46.75
56.97
69.6
81.99
91.78
97.55
98.75
95.22
86.89
73.71
56.1
35.46
14.18
-4.9
-19.34
-27.99
-31.18
-30.37
-27.47
-24.01
-20.83
-18.13
-16.03
-14.99
-15.81
-19.31
-25.67
-34.07
-42.89
-50.25
-54.78
-56.04
-54.36
-50.38
-44.75
-37.98
-30.68
-23.68
-18.07
-14.81
-14.37
-16.52
-20.46
-25.2
-29.95
-34.29
-38.06
-41.15
-43.33
-44.16
-43.04
-39.44
-33.21
-24.77
-15.1
-5.64
2.26
7.7
10.54
11.39
11.09
10.39
9.61
8.92
8.56
9.09
11.29
15.68
22.06
29.4
36.11
40.77
42.69
42.11
39.95
37.24
34.67
32.33
29.92
27.04
23.45
19.24
14.71
10.34
6.57
3.77
2.14
1.79
2.69
4.67
7.45
10.64
13.77
16.33
17.91
18.29
17.54
16.05
14.42
13.18
12.54
12.23
11.57
9.63
5.6
-0.98
-10.05
-21.06
-33.08
-44.97
-55.51
-63.55
-68.19
-68.88
-65.67
-59.19
-50.54
-41.08
-32.09
-24.49
-18.71
-14.68
-11.98
-10.02
-8.28
-6.38
-4.19
-1.67
1.13
4.2
7.54
11.08
14.53
17.41
19.14
19.23
17.53
14.24
9.9
5.21
0.78
-2.98
-5.91
-7.97
-9.19
-9.5
-8.84
-7.25
-4.91
-2.12
0.78
3.59
6.24
8.68
10.74
11.99
11.92
10.15
6.76
2.35
-2.14
-5.8
-8.17
-9.31
-9.66
-9.76
-9.89
-10.08
-10.12
-9.8
-9
-7.69
-5.95
-3.9
-1.79
0.02
1.03
0.72
-1.29
-5.13
-10.72
-17.84
-26.33
-36.09
-46.95
-58.43
-69.6
-79.04
-85.08
-86.31
-82.03
-72.61
-59.34
-44.01
-28.31
-13.26
0.98
14.72
28.2
40.96
51.83
59.19
61.66
58.63
50.47
38.35
23.82
8.49
-6.11
-18.62
-27.9
-33.27
-34.61
-32.42
-27.5
-20.69
-12.66
-3.89
5.14
13.79
21.38
27.31
31.46
34.2
36.39
39.09
43.18
49.16
56.98
65.98
75.05
82.76
87.65
88.69
85.56
78.83
69.76
59.97
50.94
43.69
38.47
34.84
31.81
28.27
23.34
16.74
9.07
1.85
-2.65
-2.03
5.32
19.42
38.37
58.67
76.13
87.07
89.12
81.61
65.32
42.08
14.5
-14.13
-39.96
-59.24
-69.38
-70.02
-63.51
-54.42
-48.08
-48.8
-58.48
-76.09
-98.18
-120.1
-137.24
-146.12
-144.97
-133.75
-113.94
-88.2
-59.85
-32.32
-8.64
9
19.55
23.21
21.25
15.66
8.62
1.88
-3.51
-7.26
-9.64
-11.17
-12.31
-13.31
-14.08
-14.31
-13.63
-11.63
-7.98
-2.5
4.83
13.72
23.56
33.45
42.28
48.94
52.41
51.89
46.94
37.5
24.1
7.9
-9.2
-24.84
-36.74
-43.4
-44.8
-42.51
-39.28
-38.07
-40.92
-48.03
-57.74
-67.06
-72.84
-72.77
-65.97
-52.86
-34.69
-13.03
10.43
33.8
55
71.91
82.87
87.28
85.86
80.37
72.91
65.21
58.16
51.97
46.59
42.02
38.42
36.06
34.89
34.67
34.98
35.5
36.15
36.98
37.99
38.93
39.36
38.75
36.77
33.51
29.42
25.09
21.04
17.44
14.13
10.85
7.44
4.09
1.3
-0.36
-0.53
0.76
3.05
5.69
8.15
10.23
12
13.7
15.5
17.45
19.46
21.33
22.7
23.15
22.29
20.01
16.66
13.07
10.23
8.93
9.4
11.24
13.71
16.04
17.78
18.82
19.25
19.12
18.38
16.88
14.6
11.72
8.64
5.78
3.5
1.96
1.07
0.63
0.43
0.32
0.17
-0.12
-0.7
-1.8
-3.62
-6.29
-9.71
-13.57
-17.43
-20.9
-23.7
-25.68
-26.77
-26.92
-26.23
-24.98
-23.7
-23.08
-23.89
-26.68
-31.62
-38.4
-46.24
-54.06
-60.68
-64.95
-65.92
-62.95
-55.98
-45.69
-33.46
-21.08
-10.3
-2.39
2.1
3.22
1.45
-2.49
-7.67
-12.95
-17.02
-18.77
-17.81
-14.65
-10.63
-7.34
-6.03
-7.12
-10.19
-14.29
-18.25
-21.03
-21.7
-19.62
-14.61
-7.11
1.74
10.29
16.91
20.48
20.86
18.77
15.56
12.63
10.97
10.91
12.12
13.86
15.38
16.14
15.94
14.69
12.25
8.33
2.74
-4.43
-12.65
-21.05
-28.75
-35.23
-40.55
-45.32
-50.4
-56.41
-63.34
-70.33
-75.82
-77.9
-74.85
-65.86
-51.38
-33.31
-14.48
2.06
13.93
20.05
20.82
17.93
13.68
10.41
9.97
13.48
21.27
32.87
47.02
61.68
74.3
82.29
83.78
78.23
66.71
51.61
35.86
22.09
11.94
5.88
3.43
3.64
5.46
7.89
10.17
11.8
12.62
12.76
12.52
12.14
11.73
11.27
10.71
10.07
9.47
8.99
8.57
7.94
6.77
4.98
2.81
0.82
-0.33
-0.27
0.89
2.54
3.89
4.26
3.4
1.46
-1.29
-4.62
-8.55
-13.23
-18.62
-24.34
-29.74
-34.16
-37.23
-39.1
-40.21
-41
-41.58
-41.67
-40.84
-38.79
-35.61
-31.78
-27.91
-24.39
-21.27
-18.25
-14.94
-11.22
-7.33
-3.9
-1.77
-1.63
-3.71
-7.65
-12.55
-17.19
-20.4
-21.26
-19.31
-14.58
-7.65
0.49
8.57
15.29
19.69
21.29
20.27
17.24
13.04
8.41
3.82
-0.53
-4.62
-8.33
-11.39
-13.28
-13.36
-11.01
-5.87
1.97
11.87
22.73
33.16
41.84
47.83
50.76
50.86
48.71
45.09
40.83
36.67
33.22
30.81
29.42
28.65
27.85
26.37
23.86
20.45
16.75
13.57
11.67
11.45
12.79
14.92
16.61
16.49
13.38
6.74
-3.22
-15.54
-28.93
-42.11
-54.07
-64.02
-71.23
-74.92
-74.29
-68.83
-58.76
-45.25
-30.27
-16.14
-4.82
2.5
5.51
4.6
0.47
-6.16
-14.57
-23.95
-33.13
-40.68
-45.15
-45.45
-41.26
-33.18
-22.63
-11.43
-1.22
7.12
13.57
18.92
24.13
29.79
35.73
41.07
44.66
45.68
44.01
40.2
35.22
29.96
24.94
20.24
15.76
11.45
7.38
3.77
0.74
-1.78
-3.89
-5.55
-6.29
-5.24
-1.53
5.2
14.36
24.36
33.13
38.82
40.4
37.99
32.58
25.49
17.86
10.25
2.74
-4.91
-12.85
-20.95
-28.78
-35.76
-41.4
-45.37
-47.67
-48.46
-48.08
-46.96
-45.42
-43.54
-41.04
-37.41
-32.15
-25.19
-17.17
-9.31
-3.06
0.41
0.67
-1.93
-6.52
-11.91
-16.79
-19.87
-20.02
-16.61
-9.88
-1.08
7.89
15.33
20.66
24.88
30.2
38.95
52.32
69.48
87.72
103.48
113.71
116.93
113.56
105.37
94.51
82.75
71.01
59.58
48.52
37.98
28.26
19.69
12.31
5.74
-0.7
-7.72
-15.66
-24.3
-33.02
-41.14
-48.23
-54.3
-59.6
-64.29
-68.1
-70.2
-69.48
-64.97
-56.27
-43.8
-28.67
-12.49
3.12
16.7
27.19
33.87
36.3
34.29
28.12
18.68
7.46
-3.61
-12.77
-18.87
-21.73
-22.09
-21.02
-19.43
-17.74
-15.92
-13.9
-11.94
-10.64
-10.64
-12.29
-15.31
-18.92
-22.14
-24.21
-24.81
-24.14
-22.78
-21.34
-20.31
-19.83
-19.66
-19.24
-17.7
-14.1
-7.6
2.16
14.87
29.36
43.81
56.2
64.94
69.47
70.59
70.23
70.68
73.48
78.51
83.84
86.43
83.35
72.96
55.56
33.29
9.39
-12.7
-30.05
-40.67
-43.9
-40.52
-32.98
-25.06
-21.02
-24.34
-36.43
-56.04
-79.43
-101.36
-116.46
-120.66
-112.3
-92.64
-65.7
-37.27
-13.41
1.13
4.09
-3.92
-19.74
-38.66
-55.66
-66.52
-68.69
-61.64
-46.79
-26.96
-5.35
15.18
32.81
46.65
56.37
61.8
62.67
58.92
50.91
39.68
26.65
13.34
1.02
-9.25
-16.43
-19.46
-17.43
-10.15
1.42
15.21
28.48
38.8
44.66
45.87
43.26
38.13
31.73
24.97
18.49
12.74
8.13
4.82
2.69
1.22
-0.35
-2.8
-6.69
-12.19
-19.2
-27.37
-36.35
-45.71
-55.03
-63.67
-70.73
-75.2
-76.22
-73.5
-67.48
-59.26
-50.21
-41.53
-34.03
-28.02
-23.46
-20.13
-17.61
-15.34
-12.6
-8.68
-3.1
4.1
12.4
20.95
28.83
35.33
40.07
43.02
44.37
44.46
43.6
42.02
39.72
36.45
31.81
25.49
17.5
8.36
-1.04
-9.66
-16.71
-21.85
-25.18
-27.05
-27.78
-27.59
-26.49
-24.44
-21.37
-17.23
-11.98
-5.57
1.93
10.28
18.99
27.4
34.76
40.42
43.99
45.38
44.84
42.9
40.13
37.11
34.18
31.44
28.86
26.34
23.85
21.46
19.29
17.41
15.81
14.39
13
11.48
9.76
7.87
5.89
3.99
2.37
1.16
0.39
-0
-0.19
-0.31
-0.48
-0.7
-0.93
-1.13
-1.25
-1.33
-1.45
-1.7
-2.2
-3.02
-4.17
-5.51
-6.81
-7.76
-8.19
-8.1
-7.69
-7.38
-7.57
-8.5
-10.2
-12.43
-14.84
-17.09
-18.89
-20.09
-20.67
-20.78
-20.71
-20.81
-21.25
-21.87
-22.01
-20.69
-16.87
-9.89
0.16
12.38
25.2
36.84
45.77
51.04
52.39
50.23
45.32
38.58
30.87
22.92
15.38
8.85
3.77
0.38
-1.42
-2
-1.91
-1.65
-1.53
-1.63
-1.87
-2.21
-2.75
-3.74
-5.44
-7.99
-11.19
-14.47
-17.08
-18.29
-17.73
-15.56
-12.46
-9.38
-7.13
-6.13
-6.3
-7.2
-8.21
-8.74
-8.34
-6.7
-3.71
0.56
5.92
12.05
18.53
24.93
30.75
35.44
38.5
39.67
39.14
37.61
36.12
35.61
36.61
38.94
41.88
44.5
46.07
46.4
45.94
45.73
47.02
50.82
57.43
66.09
75.09
82.22
85.46
83.67
76.78
65.71
51.84
36.52
20.74
5.03
-10.29
-24.8
-37.7
-47.8
-53.87
-55.16
-51.85
-45.23
-37.33
-30.19
-25.16
-22.5
-21.57
-21.32
-20.86
-19.81
-18.23
-16.37
-14.5
-12.81
-11.46
-10.54
-10.11
-10.22
-11.09
-13.19
-17.18
-23.61
-32.39
-42.37
-51.41
-57.13
-57.84
-53.47
-45.71
-37.45
-31.78
-30.89
-35.45
-44.6
-56.44
-68.53
-78.37
-83.67
-82.62
-74.26
-58.89
-38.41
-16.16
3.95
18.57
25.91
26.34
22.07
16.23
11.82
10.82
13.77
20
28
35.84
41.63
43.89
41.72
35.15
25.07
13.11
1.28
-8.39
-14.39
-16.08
-13.86
-9.02
-3.27
1.93
5.81
8.4
10.19
11.66
12.91
13.7
13.69
12.81
11.36
9.88
8.93
8.82
9.52
10.84
12.53
14.3
15.84
16.83
16.93
15.99
14.12
11.73
9.39
7.67
6.79
6.57
6.48
5.84
4.19
1.47
-1.89
-5.23
-7.86
-9.37
-9.68
-8.93
-7.32
-4.98
-2.1
1.13
4.38
7.25
9.35
10.39
10.2
8.73
6.02
2.16
-2.66
-8.11
-13.74
-18.99
-23.38
-26.54
-28.31
-28.8
-28.39
-27.55
-26.72
-26.21
-26.05
-26.15
-26.35
-26.47
-26.28
-25.48
-23.65
-20.39
-15.52
-9.19
-1.93
5.54
12.49
18.37
22.76
25.29
25.74
24.14
21.11
17.98
16.54
18.44
24.49
34.07
45.18
54.94
60.5
60
53.11
41.04
26.01
10.52
-3.17
-13.55
-19.87
-22.21
-21.4
-18.96
-16.87
-17.18
-21.4
-29.87
-41.36
-53.18
-61.81
-63.88
-57.21
-41.6
-19.06
6.55
30.52
48.48
57.57
57.13
48.79
35.79
22.01
10.81
4.2
2.57
4.88
9.23
13.54
16.17
16.17
13.38
8.18
1.22
-6.72
-14.92
-22.68
-29.41
-34.67
-38.21
-39.94
-39.82
-37.71
-33.25
-25.96
-15.39
-1.57
14.6
31.19
45.61
55.17
58.05
53.93
44.14
31.35
18.76
9.24
4.57
5.18
10.25
18
26.31
33.19
37.27
37.95
35.49
30.73
24.66
18.15
11.67
5.4
-0.6
-6.25
-11.28
-15.43
-18.58
-20.94
-23.07
-25.66
-29.3
-34.2
-39.91
-45.23
-48.3
-47.01
-39.72
-26.11
-7.65
12.4
29.84
40.8
43.02
36.45
23.14
6.38
-10.45
-24.7
-34.96
-40.93
-43.17
-42.7
-40.85
-38.93
-38.15
-39.37
-42.87
-48.29
-54.73
-61.02
-66.05
-69.11
-70
-69.03
-66.95
-64.59
-62.8
-62.09
-62.48
-63.43
-63.83
-62.24
-57.39
-48.6
-36.12
-21.19
-5.74
8.04
18.21
23.62
24.24
21.28
17.09
14.66
16.65
24.53
37.76
53.64
68.01
76.61
76.65
67.93
52.98
36.04
21.7
13.21
11.55
15.37
21.8
27.61
30.39
29.15
24.45
18
12.02
8.49
8.68
12.76
19.82
28.06
35.37
39.83
40.28
36.53
29.29
19.94
10.12
1.48
-4.63
-7.25
-6.23
-2.41
2.46
6.05
6.28
2.01
-6.45
-17.31
-27.79
-34.87
-35.99
-29.59
-15.58
4.49
27.4
48.93
64.87
72.19
69.97
59.53
43.77
26.07
9.31
-4.61
-14.7
-20.53
-22.06
-19.67
-14.41
-8.06
-2.97
-1.33
-4.45
-12.16
-22.52
-32.14
-37.13
-34.36
-22.83
-4.46
16.34
33.91
43.29
42.02
30.98
14.05
-3.43
-16.57
-22.57
-21.27
-14.87
-6.74
-0.17
2.74
1.52
-2.66
-7.53
-10.53
-9.62
-3.97
5.74
17.63
29.11
37.76
41.95
41.11
35.79
27.35
17.71
8.8
2.24
-1.22
-2
-1.61
-2.21
-5.81
-13.38
-24.31
-36.41
-46.52
-51.41
-48.73
-37.64
-19.16
3.96
27.63
47.41
59.53
61.92
54.74
40.24
22.01
3.75
-11.68
-22.88
-29.91
-33.7
-35.56
-36.72
-38.2
-40.69
-44.7
-50.42
-57.6
-65.44
-72.62
-77.5
-78.61
-75.12
-67.2
-56.07
-43.73
-32.31
-23.46
-17.88
-15.2
-14.27
-13.6
-11.95
-8.55
-3.21
3.72
11.57
19.52
26.83
32.97
37.76
41.23
43.51
44.75
44.99
44.26
42.63
40.33
37.71
35.12
32.83
30.97
29.52
28.26
26.77
24.31
19.96
12.91
2.83
-9.93
-24.16
-38.04
-49.58
-56.97
-58.95
-55.03
-45.6
-31.81
-15.47
1.34
16.67
29.1
38.01
43.52
46.21
46.64
45.05
41.17
34.44
24.45
11.31
-4.23
-20.77
-36.68
-50.53
-61.25
-68.24
-71.25
-70.27
-65.51
-57.54
-47.29
-36.04
-25.08
-15.3
-7.06
-0.15
5.92
11.51
16.66
21.09
24.43
26.46
27.31
27.41
27.2
27.01
26.86
26.55
25.86
24.69
23.05
21.04
18.71
16.07
13.16
10.09
7.08
4.4
2.25
0.66
-0.48
-1.34
-2.01
-2.45
-2.58
-2.37
-1.98
-1.72
-1.9
-2.67
-3.92
-5.27
-6.25
-6.47
-5.88
-4.75
-3.7
-3.4
-4.3
-6.41
-9.25
-11.99
-13.78
-14.03
-12.61
-9.85
-6.43
-3.24
-1.06
-0.52
-1.73
-4.21
-6.83
-7.98
-6.14
-0.45
8.75
19.9
30.67
38.74
42.58
41.79
37.13
30.01
21.99
14.33
7.94
3.27
0.48
-0.51
0.03
1.79
4.34
7.24
10.03
12.34
13.93
14.82
15.34
15.9
16.81
17.97
18.94
19.01
17.57
14.39
9.61
3.77
-2.51
-8.64
-14.24
-19.06
-23.11
-26.57
-29.83
-33.43
-37.81
-43.12
-48.96
-54.36
-57.98
-58.56
-55.37
-48.46
-38.71
-27.51
-16.41
-6.64
1.09
6.68
10.52
13.27
15.6
17.97
20.53
23.1
25.43
27.36
28.96
30.52
32.42
34.91
38.05
41.81
46.06
50.61
55.11
58.89
60.97
60.29
55.93
47.35
34.46
17.51
-2.85
-25.38
-48.04
-67.96
-81.75
-86.42
-80.28
-63.71
-39.17
-10.67
17.34
41.1
58.15
67.71
70.33
67.54
61.42
54.15
47.51
42.45
38.83
35.54
30.92
23.34
11.77
-3.83
-22.34
-41.46
-57.99
-68.44
-69.86
-60.7
-41.56
-15.16
14.26
42.01
64.19
78.29
83.42
80.08
69.92
55.46
39.75
25.9
16.27
12.1
13.2
18.21
25.07
31.68
36.29
37.85
36.09
31.48
25
17.82
10.89
4.6
-1.28
-7.32
-14.07
-21.59
-29.42
-36.69
-42.39
-45.86
-46.9
-45.81
-43.19
-39.74
-36.04
-32.54
-29.52
-27.15
-25.44
-24.3
-23.49
-22.73
-21.8
-20.62
-19.26
-17.89
-16.74
-15.97
-15.67
-15.77
-16.17
-16.68
-17.13
-17.41
-17.46
-17.26
-16.89
-16.38
-15.8
-15.23
-14.77
-14.46
-14.29
-14.19
-14.07
-13.85
-13.6
-13.43
-13.49
-13.87
-14.56
-15.47
-16.5
-17.61
-18.87
-20.41
-22.32
-24.55
-26.77
-28.41
-28.78
-27.29
-23.71
-18.34
-11.93
-5.51
-0.12
3.43
4.57
2.98
-1.3
-7.71
-15.08
-21.65
-25.54
-25.36
-20.78
-12.69
-2.88
6.7
14.6
20.22
23.67
25.4
25.87
25.32
23.93
21.97
19.85
18.04
16.97
16.93
17.94
19.82
22.13
24.13
24.84
23.15
18.29
10.25
0.05
-10.32
-18.42
-22.07
-20.17
-13.12
-2.79
8.17
17.28
23.1
25.67
26.19
26.21
26.64
27.19
26.39
22.43
14.03
1.2
-14.62
-31.02
-45.45
-55.91
-61.21
-61.01
-55.52
-45.31
-31.24
-14.53
3.31
20.62
35.95
48.26
57.18
62.85
65.84
66.81
66.3
64.45
60.96
55.27
46.84
35.66
22.57
9.22
-2.29
-10.13
-13.37
-12.13
-7.46
-0.8
6.5
13.32
18.82
22.33
23.41
22.02
18.58
13.93
9.04
4.63
1
-2.04
-4.84
-7.81
-11.19
-15.07
-19.48
-24.42
-29.83
-35.44
-40.82
-45.41
-48.73
-50.72
-51.68
-52.18
-52.68
-53.26
-53.53
-52.85
-50.62
-46.58
-40.93
-34.21
-27
-19.79
-12.92
-6.65
-1.23
3.1
6.28
8.49
10.16
11.88
14.09
16.9
20.07
23.05
25.26
26.36
26.38
25.68
24.83
24.35
24.63
25.75
27.58
29.85
32.33
34.89
37.63
40.67
44.06
47.6
50.72
52.76
53.22
52.2
50.44
49.21
49.74
52.88
58.78
66.92
76.37
85.98
94.7
101.55
105.82
107.08
105.25
100.66
93.88
85.69
76.85
68.13
60.23
53.8
49.25
46.57
45.31
44.61
43.45
40.9
36.32
29.37
20.1
8.84
-3.79
-16.96
-29.84
-41.7
-52.17
-61.18
-68.88
-75.46
-81
-85.55
-89.16
-92.03
-94.46
-96.64
-98.48
-99.66
-99.71
-98.34
-95.57
-91.61
-86.72
-80.94
-74.11
-66.1
-57.08
-47.65
-38.66
-30.98
-25.28
-21.88
-20.84
-21.97
-24.93
-29.23
-34.29
-39.53
-44.54
-49.04
-52.92
-55.97
-57.89
-58.26
-56.69
-52.95
-47.02
-39.1
-29.55
-18.95
-8.18
1.54
8.83
12.62
12.4
8.52
2.05
-5.53
-12.78
-18.71
-22.86
-25.27
-26.25
-26.17
-25.4
-24.23
-22.92
-21.66
-20.64
-19.89
-19.34
-18.72
-17.58
-15.45
-12.19
-8.17
-4.37
-2.01
-2.08
-4.78
-9.5
-15.04
-20.13
-23.87
-25.91
-26.21
-24.84
-21.86
-17.58
-12.64
-8.03
-4.8
-3.53
-4.1
-5.65
-7.07
-7.53
-6.81
-5.29
-3.64
-2.42
-1.96
-2.51
-4.29
-7.52
-12.18
-17.64
-22.5
-24.83
-22.79
-15.37
-2.85
13.15
30.12
45.47
57.18
64.16
66.27
64.15
58.92
51.87
44.17
36.65
29.63
22.96
16.15
8.66
0.24
-9.01
-18.55
-27.71
-35.9
-42.72
-47.91
-51.35
-53.09
-53.34
-52.56
-51.3
-49.89
-48.18
-45.38
-40.34
-31.99
-20.04
-5.18
10.95
26.18
38.41
46.17
48.86
46.73
40.73
32.16
22.61
13.73
7.06
3.8
4.55
9.07
16.25
24.45
31.98
37.6
40.88
42.06
41.81
40.85
39.6
38.18
36.45
34.22
31.33
27.62
22.98
17.38
10.97
4.13
-2.5
-8.18
-12.34
-14.69
-15.36
-14.83
-13.71
-12.54
-11.73
-11.5
-12.04
-13.44
-15.58
-17.95
-19.72
-19.92
-17.97
-13.93
-8.57
-3.03
1.64
4.9
6.78
7.7
8.11
8.19
7.89
7.12
5.92
4.56
3.5
3.08
3.37
4.17
4.97
5.27
4.7
3.21
1.11
-1.07
-2.79
-3.78
-4.02
-3.87
-3.73
-3.8
-4.01
-4.04
-3.58
-2.63
-1.58
-1.03
-1.55
-3.33
-6.04
-9.05
-11.65
-13.29
-13.7
-12.74
-10.34
-6.56
-1.6
4.11
9.91
15.24
19.89
24.13
28.6
33.85
39.92
46.12
51.24
54.03
53.85
50.99
46.55
42.01
38.66
37.12
37.17
37.99
38.53
37.98
35.98
32.59
28.17
23.13
17.79
12.39
7.11
2.22
-1.89
-4.85
-6.49
-6.94
-6.61
-6.09
-5.91
-6.25
-7.01
-7.85
-8.43
-8.63
-8.57
-8.63
-9.15
-10.26
-11.74
-13.09
-13.67
-12.96
-10.73
-7.04
-2.29
3.06
8.53
13.72
18.4
22.43
25.86
28.79
31.44
34.03
36.77
39.81
43.21
46.92
50.78
54.61
58.23
61.63
65.08
69.08
74.06
80.13
86.75
92.79
96.93
98.08
95.75
90.11
81.79
71.66
60.62
49.54
39.3
30.77
24.57
20.8
18.94
17.95
16.66
14.23
10.32
5.22
-0.49
-6.18
-11.46
-16.18
-20.38
-24.14
-27.4
-30.05
-31.91
-32.85
-32.81
-31.74
-29.6
-26.35
-22.12
-17.21
-12.16
-7.54
-3.74
-0.81
1.57
3.86
6.41
9.14
11.56
12.91
12.47
9.94
5.5
-0.16
-6.2
-11.86
-16.67
-20.46
-23.23
-25.02
-25.77
-25.47
-24.19
-22.27
-20.13
-18.18
-16.71
-15.82
-15.68
-16.44
-18.36
-21.56
-25.89
-30.82
-35.55
-39.39
-41.99
-43.51
-44.49
-45.69
-47.76
-51.04
-55.41
-60.33
-64.97
-68.47
-70.2
-69.97
-68.06
-65.03
-61.51
-57.87
-54.27
-50.55
-46.38
-41.51
-35.79
-29.34
-22.57
-16.12
-10.77
-7.22
-5.88
-6.66
-9.1
-12.46
-16.06
-19.42
-22.39
-25.01
-27.42
-29.53
-31.07
-31.57
-30.68
-28.51
-25.76
-23.69
-23.66
-26.59
-32.56
-40.82
-50.04
-58.78
-65.79
-70.19
-71.36
-68.98
-63
-53.78
-42.24
-29.74
-17.76
-7.45
0.67
6.71
11.25
14.95
18.3
21.46
24.3
26.52
27.86
28.12
27.36
25.73
23.45
20.7
17.58
14.19
10.64
7.12
3.94
1.41
-0.24
-0.95
-0.81
-0.08
0.96
2.07
3.11
4.04
4.87
5.56
6.03
6.13
5.77
4.98
3.92
2.86
2.02
1.49
1.14
0.71
-0.05
-1.24
-2.77
-4.44
-5.95
-7.09
-7.7
-7.75
-7.41
-6.96
-6.75
-7.08
-8.07
-9.51
-10.92
-11.74
-11.53
-10.19
-7.95
-5.23
-2.46
0.13
2.43
4.46
6.19
7.58
8.61
9.32
9.89
10.51
11.35
12.45
13.71
15.04
16.37
17.75
19.24
20.81
22.3
23.47
24.06
23.97
23.23
21.95
20.26
18.24
15.9
13.31
10.58
7.86
5.34
3.05
0.93
-1.23
-3.55
-6.02
-8.41
-10.34
-11.38
-11.11
-9.28
-5.79
-0.81
5.23
11.53
17.01
20.45
20.79
17.57
11.13
2.66
-6.17
-13.68
-18.61
-20.29
-18.51
-13.49
-5.67
4.2
15.02
25.4
33.87
39.25
40.96
39.2
34.67
28.4
21.36
14.3
7.8
2.21
-2.17
-5.08
-6.37
-6.05
-4.39
-2.13
-0.26
0.2
-1.23
-4.07
-6.73
-7.01
-3.03
5.82
18.41
32.26
44.45
52.77
56.29
55.33
50.87
43.97
35.53
26.55
18.43
12.75
10.78
12.69
17.33
22.48
25.79
25.59
21.3
13.35
2.71
-9.55
-22.38
-34.87
-46.08
-55.01
-60.7
-62.41
-59.86
-53.4
-44.07
-33.4
-23.2
-14.94
-9.41
-6.58
-5.74
-6
-6.62
-7.13
-7.23
-6.69
-5.18
-2.52
1.19
5.49
9.61
12.74
14.36
14.37
13.16
11.39
9.75
8.69
8.34
8.49
8.74
8.69
8.12
7.04
5.7
4.43
3.53
3.16
3.24
3.51
3.6
3.14
1.9
-0.15
-2.83
-5.77
-8.53
-10.72
-12.06
-12.38
-11.73
-10.25
-8.18
-5.86
-3.66
-1.9
-0.79
-0.32
-0.26
-0.3
-0.13
0.37
1.16
2.05
2.85
3.48
3.98
4.49
5.11
5.87
6.72
7.52
8.15
8.58
8.79
8.8
8.63
8.22
7.52
6.52
5.29
4.01
2.91
2.16
1.82
1.79
1.85
1.78
1.43
0.7
-0.37
-1.73
-3.26
-4.9
-6.54
-8.08
-9.42
-10.42
-10.99
-10.97
-10.26
-8.82
-6.73
-4.29
-1.88
0.1
1.38
1.91
1.91
1.73
1.7
1.96
2.44
2.9
3.06
2.7
1.76
0.38
-1.19
-2.66
-3.87
-4.81
-5.71
-6.88
-8.59
-10.87
-13.45
-15.91
-17.76
-18.78
-19.03
-18.93
-18.97
-19.53
-20.7
-22.29
-23.95
-25.29
-25.97
-25.61
-23.8
-20.13
-14.44
-6.97
1.53
9.93
17.19
22.53
25.53
25.85
22.99
16.32
5.7
-7.95
-22.12
-33.19
-37.5
-32.87
-19.7
-1.03
18.48
34.29
43.56
45.99
43.45
38.75
34.2
30.8
28.12
25.09
20.95
15.87
10.99
7.85
7.57
10.37
15.49
21.5
26.84
30.23
30.84
28.36
22.98
15.35
6.43
-2.72
-11.19
-18.46
-24.49
-29.64
-34.51
-39.66
-45.35
-51.33
-56.76
-60.21
-60.01
-54.77
-43.98
-28.53
-10.63
6.71
20.68
29.47
32.67
30.97
25.59
17.67
8.03
-2.56
-13.05
-21.82
-26.98
-26.89
-20.91
-9.65
5.06
20.72
34.89
45.74
52.38
54.71
53.31
49.05
42.97
36.04
29.16
22.99
17.88
13.83
10.53
7.54
4.39
0.71
-3.63
-8.41
-13.04
-16.62
-18.16
-17
-13.08
-7.08
-0.28
5.8
9.77
10.69
8.19
2.53
-5.37
-13.98
-21.28
-25.22
-24.24
-17.85
-6.77
7.15
21.58
34.41
44.23
50.44
53
51.98
47.28
38.71
26.49
11.64
-3.87
-17.56
-27.12
-31.25
-30
-24.57
-16.77
-8.28
-0.15
7.22
13.94
20.3
26.52
32.63
38.4
43.33
46.72
47.85
46.05
40.91
32.37
20.84
7.26
-6.8
-19.29
-27.85
-30.43
-26.04
-15.33
-0.74
14.08
25.35
30.24
27.48
17.45
1.73
-17.52
-37.86
-56.79
-71.62
-79.78
-79.41
-70.14
-53.66
-33.44
-13.88
1.1
9.19
10.24
5.99
-0.84
-7.49
-11.99
-13.43
-11.85
-7.92
-2.62
2.94
7.77
11.05
12.42
11.98
10.33
8.3
6.59
5.46
4.58
3.31
1.07
-2.2
-5.79
-8.39
-8.53
-5.28
1.26
9.88
18.57
25.32
28.8
28.78
26.09
22.16
18.35
15.44
13.44
11.78
9.73
6.82
3.08
-1
-4.64
-7.07
-7.65
-6.11
-2.52
2.69
8.76
14.76
19.75
22.94
23.98
23.15
21.32
19.7
19.32
20.57
22.91
25.02
25.25
22.3
15.69
5.94
-5.71
-17.66
-28.56
-37.45
-43.85
-47.6
-48.72
-47.44
-44.17
-39.56
-34.38
-29.38
-24.89
-20.72
-16.14
-10.14
-1.89
8.83
21.46
34.79
47.37
58.05
66.4
72.76
78
82.98
88.23
93.79
99.52
105.28
111.14
117.17
122.95
127.29
128.25
123.85
112.99
96.16
75.5
54.1
34.99
20.21
10.46
5.24
3.45
3.79
4.99
5.7
4.57
0.47
-7.04
-17.36
-28.93
-39.73
-47.95
-52.58
-53.59
-51.71
-48.02
-43.6
-39.32
-35.8
-33.44
-32.32
-32.17
-32.31
-31.99
-30.77
-28.92
-27.39
-27.44
-30.09
-35.54
-43.14
-51.72
-60.26
-68.43
-76.6
-85.36
-94.81
-104.04
-111.28
-114.54
-112.62
-105.69
-95.22
-83.42
-72.29
-62.99
-55.7
-49.99
-45.37
-41.7
-39.21
-38.21
-38.78
-40.52
-42.6
-44
-43.88
-41.72
-37.47
-31.28
-23.43
-14.18
-3.81
7.35
18.78
29.81
39.65
47.53
52.79
55.06
54.36
51.11
46.09
40.17
34.05
28.21
22.8
17.99
13.99
11.13
9.7
9.72
10.91
12.77
14.8
16.74
18.54
20.32
22.14
23.85
25.11
25.48
24.5
21.98
17.98
12.9
7.41
2.17
-2.26
-5.6
-7.91
-9.55
-10.91
-12.35
-14
-15.78
-17.46
-18.68
-19.13
-18.61
-17.15
-14.92
-12.24
-9.45
-6.86
-4.64
-2.85
-1.53
-0.65
-0.16
0.03
0.11
0.3
0.86
1.94
3.56
5.51
7.35
8.61
8.82
7.73
5.34
1.92
-2.15
-6.56
-11.18
-15.97
-20.86
-25.56
-29.53
-32.12
-32.82
-31.55
-28.68
-24.9
-20.93
-17.32
-14.26
-11.76
-9.69
-7.97
-6.61
-5.68
-5.28
-5.5
-6.41
-7.97
-10.02
-12.23
-14.2
-15.57
-16.15
-15.93
-15.06
-13.83
-12.46
-11.12
-9.87
-8.66
-7.42
-6.1
-4.7
-3.3
-2.05
-1.12
-0.59
-0.46
-0.6
-0.85
-1.03
-1.03
-0.79
-0.26
0.57
1.69
3.03
4.43
5.64
6.37
6.41
5.71
4.37
2.65
0.97
-0.19
-0.29
1.07
4.05
8.52
14.12
20.41
26.94
33.23
38.72
42.77
44.67
43.97
40.64
35.16
28.36
21.1
14.05
7.59
1.96
-2.55
-5.65
-7.17
-7.28
-6.49
-5.47
-4.75
-4.52
-4.55
-4.43
-3.74
-2.21
0.31
3.85
8.38
13.68
19.23
24.29
27.95
29.4
28.17
24.18
17.84
9.98
1.76
-5.54
-10.81
-13.35
-13.14
-10.83
-7.57
-4.66
-3.09
-3.34
-5.39
-8.94
-13.61
-19.21
-25.65
-32.81
-40.33
-47.48
-53.19
-56.23
-55.58
-50.77
-42.13
-30.77
-18.34
-6.56
3.36
11.09
17.24
23.01
29.48
36.96
44.57
50.36
51.99
47.66
36.9
20.78
1.53
-18.23
-36.22
-50.9
-61.41
-67.32
-68.46
-65
-57.59
-47.44
-36.06
-24.83
-14.52
-5.16
3.59
12.05
19.98
26.76
31.73
34.64
35.92
36.44
37.1
38.33
39.88
40.92
40.58
38.31
34.14
28.57
22.32
16.04
10.02
4.29
-1.36
-7.17
-13.2
-19.06
-23.79
-25.86
-23.65
-16.28
-4.19
10.55
24.71
34.82
38.13
33.3
20.6
1.76
-20.48
-42.8
-61.93
-75.44
-82.43
-83.9
-82.41
-81.1
-82.39
-87.08
-94.14
-101.53
-107.07
-109.07
-106.49
-98.56
-84.62
-64.28
-38.02
-7.56
24.1
53.43
77.47
94.68
105.23
110.43
111.9
110.81
107.67
102.56
95.53
86.98
77.63
68.29
59.63
51.95
45.2
39.12
33.32
27.55
21.74
16.04
10.66
5.79
1.49
-2.34
-5.83
-9.05
-11.95
-14.36
-16.02
-16.79
-16.62
-15.67
-14.22
-12.63
-11.18
-10.03
-9.13
-8.32
-7.44
-6.43
-5.37
-4.39
-3.59
-2.92
-2.21
-1.27
0
1.58
3.26
4.79
5.98
6.77
7.24
7.55
7.86
8.27
8.82
9.52
10.42
11.62
13.36
15.94
19.65
24.68
30.98
38.31
46.27
54.44
62.51
70.3
77.67
84.29
89.54
92.51
92.27
88.15
80.02
68.35
54.02
38.11
21.66
5.64
-9.16
-22.1
-32.8
-41.21
-47.54
-52.16
-55.35
-57.21
-57.69
-56.81
-54.91
-52.75
-51.24
-51.06
-52.33
-54.45
-56.41
-57.16
-56.15
-53.55
-50.05
-46.48
-43.36
-40.7
-38.21
-35.59
-32.73
-29.65
-26.36
-22.62
-18.06
-12.42
-5.76
1.5
8.8
15.7
22.11
28.09
33.62
38.37
41.79
43.53
43.76
43.1
42.19
41.25
39.92
37.71
34.6
31.38
29.45
29.94
32.81
36.32
37.47
33.24
21.89
3.69
-19.07
-42.87
-64.02
-79.37
-86.87
-85.73
-76.46
-60.88
-41.85
-22.82
-7.12
2.71
5.38
1.12
-8.5
-20.88
-32.82
-41.1
-43.21
-38.04
-26.14
-9.63
8.51
25.35
38.64
47.1
50.34
48.63
42.75
34.13
24.8
17.09
12.93
13.07
16.76
22.07
26.75
29.08
28.44
25.11
19.81
13.19
5.72
-2.23
-10.03
-16.84
-21.81
-24.45
-24.78
-23.31
-20.73
-17.63
-14.49
-11.72
-9.82
-9.31
-10.53
-13.37
-17.23
-21.16
-24.29
-26.08
-26.46
-25.69
-24.12
-21.95
-19.21
-15.92
-12.11
-7.9
-3.51
0.82
4.8
8.16
10.66
12.22
12.96
13.25
13.59
14.38
15.74
17.37
18.7
18.99
17.69
14.65
10.3
5.62
1.92
0.45
1.97
6.43
12.9
19.88
25.63
28.71
28.32
24.35
17.41
8.51
-1.13
-10.29
-17.89
-23.11
-25.4
-24.58
-20.83
-14.67
-6.87
1.57
9.68
16.73
22.34
26.49
29.49
31.54
32.69
32.65
31.01
27.51
22.31
15.95
9.21
2.82
-2.76
-7.33
-10.79
-13.04
-13.99
-13.68
-12.45
-10.86
-9.56
-8.93
-9.01
-9.44
-9.77
-9.63
-8.94
-7.89
-6.77
-5.82
-5.16
-4.79
-4.63
-4.6
-4.63
-4.73
-4.97
-5.42
-6.08
-6.84
-7.45
-7.63
-7.21
-6.27
-5.08
-4.02
-3.37
-3.21
-3.43
-3.83
-4.24
-4.63
-5.04
-5.52
-6.02
-6.41
-6.55
-6.44
-6.2
-6.04
-6.2
-6.76
-7.62
-8.47
-8.95
-8.83
-8
-6.62
-4.9
-3.12
-1.42
0.06
1.29
2.32
3.34
4.79
7.2
11.02
16.26
22.35
28.13
32.19
33.29
30.8
24.88
16.38
6.63
-2.94
-11.1
-17.04
-20.4
-21.23
-19.89
-16.85
-12.78
-8.38
-4.43
-1.68
-0.65
-1.43
-3.64
-6.48
-9.04
-10.66
-11.12
-10.65
-9.71
-8.77
-8.01
-7.36
-6.61
-5.5
-3.98
-2.22
-0.47
0.98
1.97
2.57
2.89
3.07
3.2
3.25
3.16
2.87
2.36
1.72
1.05
0.47
0
-0.35
-0.71
-1.23
-2.03
-3.23
-4.85
-6.86
-9.21
-11.84
-14.72
-17.78
-20.9
-23.86
-26.35
-28.11
-28.93
-28.81
-27.89
-26.4
-24.54
-22.43
-20.07
-17.38
-14.28
-10.77
-6.91
-2.85
1.26
5.22
8.83
11.84
13.96
14.95
14.74
13.5
11.75
10.21
9.61
10.44
12.79
16.36
20.58
24.86
28.73
31.87
34.1
35.14
34.75
32.77
29.46
25.53
22.16
20.76
22.57
28.44
38.64
52.83
70.07
88.8
106.86
121.7
130.76
132.06
124.78
109.52
88.28
63.98
39.8
18.55
2.19
-8.45
-13.61
-14.43
-12.67
-10.43
-9.77
-12.37
-19.1
-29.7
-42.72
-55.89
-66.72
-73.35
-75.05
-72.33
-66.52
-59.06
-51.06
-43.04
-35.24
-27.79
-20.94
-14.87
-9.59
-4.87
-0.3
4.41
9.29
14.05
18.21
21.29
22.95
23.03
21.61
19
15.68
12.17
8.81
5.59
2.1
-2.27
-7.95
-14.84
-22.22
-28.92
-33.87
-36.48
-36.84
-35.52
-33.17
-30.27
-27.06
-23.78
-20.85
-18.77
-17.96
-18.39
-19.57
-20.72
-21.14
-20.45
-18.6
-15.67
-11.78
-7.04
-1.78
3.41
7.77
10.61
11.67
11.22
9.99
8.73
7.98
7.92
8.42
9.26
10.18
11.05
11.81
12.49
13.18
13.89
14.53
14.98
15.07
14.62
13.47
11.42
8.26
3.81
-1.98
-8.86
-16.39
-23.98
-31.17
-37.71
-43.52
-48.55
-52.62
-55.34
-56.31
-55.45
-53.08
-49.99
-46.98
-44.38
-41.74
-37.86
-31.23
-20.79
-6.55
10.16
26.99
41.25
50.77
54.41
52.28
45.62
36.38
26.84
19.01
14.18
12.48
12.92
13.74
13.18
10.26
5.16
-0.85
-6.01
-8.68
-7.87
-3.15
5.33
16.99
30.81
45.14
57.93
67.16
71.53
71.01
66.85
61.05
55.55
51.39
48.48
45.85
42.35
37.4
31.25
24.85
19.3
15.29
12.71
10.85
8.68
5.4
0.69
-5.28
-11.87
-18.06
-22.45
-23.48
-19.85
-11.11
1.8
16.48
29.76
38.93
42.85
42.37
39.71
37.15
35.75
34.73
32.08
25.83
15.28
1.5
-13.28
-26.78
-37.77
-46.4
-53.74
-60.73
-67.44
-72.88
-75.51
-74.08
-68.29
-58.88
-47.21
-34.83
-22.9
-12.28
-3.58
2.67
5.96
5.89
2.31
-4.58
-14.1
-25.15
-36.32
-46.24
-53.78
-58.51
-60.77
-61.45
-61.62
-61.98
-62.65
-63.21
-63.07
-61.81
-59.44
-56.32
-53.01
-49.99
-47.47
-45.37
-43.38
-41.19
-38.68
-36.12
-34.15
-33.56
-34.85
-37.84
-41.46
-43.94
-43.28
-37.91
-27.13
-11.34
8.14
29.46
50.68
70.09
86.47
99.24
108.43
114.58
118.42
120.46
120.68
118.4
112.68
102.75
88.53
70.85
51.27
31.64
13.58
-1.92
-14.59
-24.78
-33.09
-40.15
-46.37
-51.85
-56.41
-59.79
-61.77
-62.45
-62.28
-62.01
-62.52
-64.52
-68.42
-74.22
-81.65
-90.1
-98.66
-106.09
-110.88
-111.42
-106.56
-96.06
-80.88
-63.01
-44.81
-28.09
-13.6
-0.98
10.79
22.69
35.21
48.28
61.55
74.71
87.53
99.7
110.59
119.34
125.1
127.43
126.38
122.37
115.68
106.2
93.35
76.56
55.81
31.93
6.46
-18.74
-42.1
-62.5
-79.2
-91.62
-99.13
-101.17
-97.62
-88.99
-76.51
-61.86
-46.65
-32.03
-18.56
-6.34
4.67
14.45
22.83
29.67
35
39.05
42.26
45.02
47.65
50.19
52.55
54.65
56.67
59.01
62.24
66.78
72.59
79.03
84.96
89.05
90.15
87.38
80.26
68.49
52.16
31.88
9.08
-13.97
-34.66
-50.9
-61.84
-68.12
-71.41
-73.49
-75.4
-77.01
-77.4
-75.47
-70.63
-63.19
-54.11
-44.61
-35.67
-27.84
-21.25
-15.83
-11.52
-8.38
-6.57
-6.18
-7.11
-8.91
-10.91
-12.41
-12.9
-12.34
-10.98
-9.33
-7.8
-6.56
-5.48
-4.26
-2.63
-0.46
2.16
5.01
7.81
10.25
12.09
13.13
13.25
12.52
11.19
9.56
8.07
7.14
7.2
8.56
11.27
14.99
19.18
23.36
27.43
31.76
36.92
43.01
49.12
53.05
51.85
43.07
26.02
2.48
-23.68
-47.69
-65.57
-75.24
-76.95
-72.6
-64.54
-54.44
-42.72
-28.77
-11.78
8.2
29.65
49.56
64.28
70.79
68.02
57.53
43.04
29.03
18.85
13.6
12.11
12.01
11.38
9.7
8
7.88
10.38
15.19
20.86
25.58
28.09
28.06
25.87
22.13
17.11
10.7
2.69
-6.65
-16.28
-24.45
-29.19
-29.27
-24.75
-17.2
-9.12
-3.08
-0.72
-2.4
-7.23
-13.69
-20.29
-25.96
-30.28
-33.28
-35.32
-36.82
-38.13
-39.36
-40.47
-41.3
-41.78
-41.99
-42.14
-42.32
-42.28
-41.33
-38.56
-33.26
-25.34
-15.46
-4.87
5.11
13.54
20.09
24.97
28.57
31.26
33.16
34.15
33.97
32.39
29.29
24.91
19.83
14.9
10.96
8.49
7.31
6.63
5.34
2.63
-1.59
-6.46
-10.69
-12.91
-12.29
-8.74
-3.01
3.36
8.19
9.1
4.45
-5.6
-18.29
-28.69
-31.33
-22.54
-2.32
25.31
53.73
76.22
88.19
88.29
78.12
61.03
40.94
21.37
4.94
-7
-14.44
-18.6
-21.31
-24.08
-27.38
-30.39
-31.59
-29.54
-23.52
-13.67
-0.66
14.81
32.3
51.34
71.17
90.42
107.33
120.37
128.87
133.28
135.07
136.02
137.35
139.23
140.72
140.28
136.55
128.9
117.68
104.11
89.72
75.86
63.31
52.15
41.95
32.18
22.61
13.43
5.2
-1.53
-6.58
-10.27
-13.27
-16.37
-20.08
-24.54
-29.55
-34.7
-39.48
-43.52
-46.66
-49.14
-51.49
-54.2
-57.27
-59.92
-60.76
-58.41
-52.37
-43.55
-34.06
-26.5
-22.79
-23.49
-27.73
-33.78
-39.91
-45.01
-48.77
-51.43
-53.4
-54.96
-56.18
-56.98
-57.31
-57.16
-56.6
-55.63
-54.17
-51.95
-48.56
-43.64
-37.1
-29.32
-21.12
-13.5
-7.29
-2.85
0.06
2.15
4.28
7.11
10.89
15.4
20.1
24.34
27.49
29.09
28.93
27.16
24.22
20.8
17.54
14.74
12.28
9.69
6.4
2.03
-3.45
-9.67
-15.98
-21.68
-26.11
-28.8
-29.63
-28.92
-27.38
-25.94
-25.25
-25.44
-26.09
-26.29
-25.14
-22.08
-17.12
-10.86
-4.34
1.25
4.87
5.86
4.16
0.31
-4.8
-10.23
-15.4
-20.2
-24.86
-29.59
-34.32
-38.63
-42.05
-44.35
-45.65
-46.33
-46.76
-46.95
-46.57
-45.11
-42.21
-37.99
-33.05
-28.18
-24.09
-21.08
-19.04
-17.64
-16.58
-15.73
-15.03
-14.36
-13.34
-11.39
-8.01
-3.1
2.92
9.2
14.84
19.23
22.23
23.96
24.46
23.52
20.69
15.71
8.79
0.69
-7.58
-15.18
-21.72
-27.19
-31.65
-34.96
-36.72
-36.52
-34.22
-30.18
-25.09
-19.72
-14.61
-9.96
-5.78
-2
1.33
4.09
6.28
8.01
9.57
11.28
13.33
15.72
18.21
20.48
22.27
23.5
24.28
24.79
25.2
25.49
25.53
25.14
24.24
22.9
21.27
19.39
17.13
14.23
10.36
5.42
-0.38
-6.58
-12.66
-18.27
-23.22
-27.42
-30.64
-32.47
-32.4
-30.02
-25.19
-18.19
-9.62
-0.29
8.92
17.17
23.8
28.4
30.97
31.92
31.95
31.87
32.19
33.01
33.84
33.77
31.78
27.09
19.37
9.02
-2.93
-14.95
-25.38
-32.92
-36.94
-37.69
-36.15
-33.64
-31.38
-29.98
-29.3
-28.62
-27.06
-23.93
-19.09
-12.89
-5.95
1.12
7.93
14.24
19.84
24.46
27.76
29.46
29.5
28.14
25.82
23.1
20.4
17.94
15.81
14.04
12.68
11.72
11.16
10.86
10.74
10.72
10.8
11.01
11.2
11.04
10.04
7.89
4.52
0.31
-4.14
-8.35
-12.09
-15.51
-18.87
-22.18
-25.14
-27.26
-28.18
-28.06
-27.6
-27.77
-29.19
-31.75
-34.44
-35.82
-34.77
-31.01
-25.22
-18.63
-12.17
-6.01
0.48
8.13
17.18
26.93
35.91
42.57
45.99
46.21
44.02
40.5
36.53
32.62
29.02
25.82
23.07
20.75
18.73
16.75
14.56
12.01
9.2
6.35
3.76
1.68
0.25
-0.52
-0.8
-0.89
-1.15
-1.91
-3.35
-5.5
-8.24
-11.31
-14.43
-17.17
-19.04
-19.6
-18.57
-16.03
-12.38
-8.26
-4.26
-0.8
1.99
4.02
5.05
4.67
2.46
-1.59
-6.94
-12.48
-16.86
-18.95
-18.31
-15.34
-11.05
-6.62
-2.83
0.2
2.88
5.79
9.27
13.18
17.07
20.4
22.77
23.98
24.03
23.01
21.18
19.07
17.48
17.32
19.21
23.09
28.11
32.8
35.45
34.55
29.12
19.1
5.62
-8.97
-21.54
-29.16
-30.35
-25.83
-18.33
-11.45
-8
-8.79
-12.38
-16.05
-17.2
-14.53
-8.34
-0.13
8.39
15.96
21.88
25.92
27.84
27.27
23.9
17.84
9.87
1.44
-5.79
-10.61
-12.74
-13
-12.83
-13.56
-15.7
-18.72
-21.16
-21.4
-18.43
-12.23
-3.88
4.88
12.31
17.13
18.82
17.58
13.86
8.15
0.88
-7.52
-16.38
-24.69
-31.37
-35.62
-37.23
-36.64
-34.62
-31.85
-28.69
-25.14
-21.06
-16.5
-11.8
-7.47
-4
-1.59
-0.13
0.59
0.79
0.49
-0.42
-2
-3.92
-5.4
-5.3
-2.45
3.79
13.16
24.34
35.24
43.68
48.14
48.31
45.11
40.3
35.69
32.46
30.8
29.95
28.69
25.8
20.43
12.3
1.71
-10.51
-23.06
-34.35
-42.82
-47.34
-47.64
-44.37
-38.89
-32.69
-26.85
-21.7
-16.97
-12.04
-6.42
-0.01
6.98
14.11
20.97
27.2
32.51
36.56
38.93
39.25
37.33
33.28
27.48
20.46
12.76
4.71
-3.51
-11.7
-19.43
-25.9
-30.11
-31.23
-29.07
-24.38
-18.71
-13.73
-10.5
-8.92
-7.71
-5.17
-0.16
7.23
15.64
23.07
27.87
29.36
27.97
24.87
21.23
17.94
15.49
14.11
13.87
14.55
15.46
15.43
13.35
8.71
2.05
-5.09
-10.85
-13.79
-13.51
-10.71
-6.74
-2.98
-0.27
1.15
1.52
1.08
-0.04
-1.84
-4.24
-6.85
-8.96
-9.79
-8.91
-6.56
-3.73
-1.69
-1.45
-3.25
-6.45
-9.97
-12.85
-14.73
-15.9
-17.08
-18.88
-21.51
-24.68
-27.75
-30
-30.93
-30.24
-27.88
-23.94
-18.62
-12.22
-5.18
1.88
8.21
13.06
15.94
16.83
16.22
14.94
13.8
13.26
13.3
13.52
13.46
12.94
12.1
11.34
11.01
11.11
11.31
11.05
9.88
7.67
4.73
1.67
-0.92
-2.72
-3.9
-5
-6.65
-9.28
-12.84
-16.91
-20.75
-23.68
-25.17
-25
-23.16
-19.78
-15.17
-9.76
-4.23
0.61
4.05
5.64
5.44
4.02
2.31
1.27
1.67
3.74
7.14
11.15
14.94
17.91
19.82
20.83
21.31
21.56
21.69
21.52
20.82
19.44
17.62
15.85
14.84
15.13
16.93
19.98
23.66
27.22
30.11
32.24
34.11
36.72
41.12
47.91
56.66
65.83
73.06
75.85
72.39
62.07
45.78
25.65
4.5
-14.75
-29.77
-39.23
-42.94
-41.81
-37.47
-31.78
-26.17
-21.33
-17.1
-12.92
-8.29
-3.33
1.16
4.03
4.33
1.77
-3.21
-9.83
-17.48
-26.05
-35.81
-46.86
-58.69
-70.06
-79.33
-84.98
-86.12
-82.61
-74.82
-63.4
-49.12
-32.95
-16.16
-0.24
13.46
24.18
32.04
37.94
43.09
48.38
54.11
59.81
64.69
67.99
69.37
68.91
66.85
63.38
58.45
51.97
43.9
34.52
24.41
14.33
4.99
-3.02
-9.36
-13.75
-16.03
-16.19
-14.52
-11.7
-8.73
-6.66
-6.31
-7.96
-11.25
-15.39
-19.37
-22.36
-23.87
-23.93
-22.87
-21.24
-19.55
-18.19
-17.41
-17.25
-17.62
-18.24
-18.73
-18.74
-18.19
-17.48
-17.32
-18.53
-21.5
-25.87
-30.54
-33.87
-34.29
-30.79
-23.16
-12.02
1.35
15.39
28.47
39.19
46.54
50.09
50.01
47
42.08
36.38
30.83
26.01
22.15
19.16
16.8
14.85
13.19
11.85
10.9
10.38
10.31
10.64
11.32
12.29
13.36
14.25
14.44
13.39
10.82
6.8
1.89
-3.13
-7.5
-10.88
-13.4
-15.58
-17.96
-20.8
-24.05
-27.33
-30.2
-32.28
-33.28
-32.92
-30.98
-27.39
-22.45
-16.96
-11.91
-8
-5.02
-1.81
3.24
11.11
21.35
31.81
39.41
41.6
37.52
28.58
17.85
8.76
3.77
3.55
7.05
12.21
16.9
19.4
18.76
14.73
7.66
-1.54
-11.53
-20.72
-27.68
-31.4
-31.74
-29.37
-25.62
-22.02
-19.92
-20.15
-22.86
-27.58
-33.34
-39.02
-43.67
-46.79
-48.47
-49.15
-49.43
-49.67
-49.99
-50.23
-50.24
-49.91
-49.19
-48.01
-46.13
-43.22
-38.95
-33.2
-26.11
-18.09
-9.67
-1.35
6.57
13.99
20.94
27.41
33.21
37.93
41.14
42.54
42.14
40.19
37.14
33.44
29.45
25.44
21.66
18.3
15.53
13.38
11.79
10.63
9.9
9.79
10.6
12.58
15.63
19.23
22.53
24.54
24.43
21.71
16.38
8.87
-0.02
-9.24
-17.69
-24.35
-28.5
-29.88
-28.69
-25.48
-20.96
-15.81
-10.56
-5.53
-0.92
3.2
6.82
10.02
12.92
15.65
18.33
20.97
23.48
25.65
27.13
27.55
26.52
23.82
19.53
14.07
8.21
2.71
-1.84
-5.3
-7.87
-9.86
-11.47
-12.61
-13.01
-12.47
-11.08
-9.25
-7.59
-6.63
-6.66
-7.68
-9.53
-11.89
-14.33
-16.17
-16.53
-14.53
-9.67
-2.09
7.42
17.72
27.77
36.92
45.03
52.19
58.3
62.79
64.62
62.56
55.75
44.04
28.32
10.45
-7.01
-21.31
-30.15
-32.27
-27.94
-18.99
-8.44
0.33
4.55
2.83
-4.52
-15.65
-27.83
-38.13
-44.13
-44.29
-38.38
-27.55
-14.34
-2.11
5.83
7.23
1.8
-8.6
-20.51
-30.08
-34.33
-32.2
-24.78
-14.86
-5.91
-0.78
-0.81
-5.41
-12.38
-18.79
-22.07
-20.9
-15.6
-7.9
-0.22
5.22
7.05
5.22
0.86
-4.13
-7.71
-8.31
-5.32
0.78
8.56
16.03
21.24
22.7
19.79
12.84
3.17
-7.25
-16.21
-21.72
-22.6
-18.71
-11.1
-1.65
7.4
14.15
17.52
17.47
14.92
11.26
7.88
5.66
4.76
4.81
5.2
5.44
5.41
5.31
5.5
6.24
7.67
9.74
12.31
15.07
17.54
19.12
19.27
17.79
15.1
12.22
10.43
10.76
13.53
18.18
23.49
28.01
30.62
30.78
28.59
24.41
18.64
11.45
2.84
-7.15
-18.15
-29.33
-39.34
-46.54
-49.33
-46.59
-38.04
-24.44
-7.5
10.37
26.62
39.01
46.09
47.33
43.17
34.84
24.16
13.09
3.22
-4.6
-10.51
-15.38
-20.21
-25.49
-30.77
-34.69
-35.45
-31.58
-22.63
-9.46
5.72
19.74
29.06
30.81
23.62
8.4
-11.72
-32.21
-48.5
-57.4
-57.68
-50.08
-36.57
-19.63
-1.76
14.69
27.56
35.09
36.33
31.53
22.1
10.22
-1.83
-12.33
-20.4
-25.94
-29.2
-30.54
-30.16
-28.15
-24.67
-20.16
-15.31
-11.03
-8.2
-7.34
-8.5
-11.14
-14.33
-17.07
-18.59
-18.48
-16.85
-14.22
-11.39
-9.22
-8.39
-9.23
-11.63
-14.99
-18.31
-20.51
-20.67
-18.45
-14.14
-8.57
-2.8
2.3
6.22
8.88
10.45
11.13
11.05
10.34
9.29
8.22
7.41
6.86
6.26
5.07
2.96
0
-3.23
-5.72
-6.44
-4.74
-0.52
5.62
12.6
19.34
25.02
29.08
31.31
31.64
30.17
27.11
22.82
17.84
12.72
7.84
3.18
-1.53
-6.63
-12.35
-18.66
-25.41
-32.34
-39.04
-44.88
-48.81
-49.42
-45.38
-35.98
-21.71
-4.42
13.1
28.02
38.43
44.07
46.41
47.84
50.6
55.84
63.06
70.42
75.53
76.39
71.98
62.41
48.77
32.8
16.7
2.65
-7.68
-13.6
-15.66
-15.65
-16.19
-19.94
-28.64
-42.49
-59.82
-77.45
-91.59
-98.81
-97.18
-86.74
-69.36
-48.05
-26.02
-5.86
10.7
22.66
29.53
31.21
28.03
20.89
11.13
0.35
-9.95
-18.64
-25.07
-28.96
-30.44
-29.78
-27.48
-24.11
-20.24
-16.23
-12.18
-7.98
-3.46
1.37
6.25
10.74
14.34
16.75
18.08
18.84
19.88
22.02
25.79
31.22
37.88
44.89
51.38
56.64
60.3
62.26
62.54
61.13
57.96
53.01
46.44
38.75
30.6
22.81
15.97
10.37
5.94
2.31
-0.98
-4.28
-7.63
-10.82
-13.5
-15.39
-16.47
-17
-17.39
-17.99
-18.89
-19.85
-20.45
-20.23
-18.98
-16.8
-14.07
-11.35
-9.19
-7.97
-7.73
-8.26
-9.19
-10.06
-10.57
-10.6
-10.24
-9.73
-9.4
-9.63
-10.82
-13.18
-16.44
-19.76
-21.67
-20.62
-15.61
-6.83
4.2
15.11
23.59
28.28
29.25
27.56
24.47
20.63
15.91
9.86
2.31
-6.29
-14.96
-22.67
-28.92
-33.84
-37.9
-41.4
-44.03
-45.02
-43.51
-39.13
-32.23
-23.69
-14.56
-5.62
2.73
10.34
16.98
22.19
25.24
25.43
22.45
16.71
9.26
1.5
-5.19
-9.73
-11.42
-9.88
-5.24
1.9
10.59
19.67
28.1
35.2
40.81
45.12
48.48
51.17
53.3
54.83
55.61
55.51
54.39
52.2
48.99
44.92
40.26
35.27
30.13
24.92
19.59
14.14
8.61
3.18
-1.93
-6.47
-10.27
-13.24
-15.4
-16.9
-17.91
-18.6
-19.05
-19.26
-19.1
-18.41
-17.07
-15.06
-12.57
-9.92
-7.47
-5.52
-4.27
-3.79
-4.04
-4.88
-6.11
-7.43
-8.42
-8.67
-7.87
-5.91
-2.99
0.49
3.97
6.87
8.73
9.19
8.03
5.27
1.26
-3.19
-6.95
-8.8
-7.81
-3.67
3.22
11.89
21.07
29.49
36.01
39.7
39.93
36.43
29.41
19.67
8.56
-2.21
-10.87
-15.89
-16.25
-11.71
-2.94
8.55
20.74
31.58
39.53
43.96
45.06
43.65
40.66
36.71
31.99
26.3
19.35
11.13
2.05
-7.02
-14.94
-20.62
-23.33
-22.91
-19.91
-15.49
-11.2
-8.56
-8.79
-12.28
-18.59
-26.41
-33.99
-39.64
-42.27
-41.7
-38.71
-34.83
-31.87
-31.37
-34.08
-39.54
-46.09
-51.39
-53.16
-50.03
-42.11
-30.9
-18.8
-8.27
-1.03
2.32
2.26
0.06
-2.69
-4.48
-4.28
-1.78
2.45
7.23
11.06
12.8
12.02
9.19
5.55
2.66
2.01
4.55
10.52
19.33
29.63
39.44
46.56
49.02
45.7
36.65
23.17
7.59
-7.36
-19.11
-25.86
-27.05
-23.42
-16.87
-9.79
-4.33
-1.79
-2.28
-4.92
-8.37
-11.42
-13.35
-14.02
-13.72
-12.97
-12.33
-12.35
-13.33
-15.15
-17.12
-18.02
-16.55
-11.82
-3.91
5.98
15.86
23.57
27.5
26.98
22.3
14.41
4.59
-5.88
-15.9
-24.66
-31.67
-36.79
-40.3
-42.68
-44.48
-46.02
-47.24
-47.74
-46.87
-44.05
-38.91
-31.45
-22.08
-11.48
-0.55
9.82
18.91
26.34
32.02
36.03
38.52
39.57
39.18
37.33
34.11
29.7
24.4
18.6
12.71
7.19
2.52
-0.97
-3.12
-3.99
-3.86
-3.07
-1.89
-0.56
0.71
1.51
1.27
-0.6
-4.4
-9.89
-16.21
-22.16
-26.65
-29.03
-29.39
-28.45
-27.37
-27.27
-28.81
-31.84
-35.27
-37.42
-36.58
-31.67
-22.82
-11.31
0.72
11.13
18.44
22.18
22.89
21.68
19.76
18.1
17.23
17.26
17.98
18.98
19.75
19.83
18.98
17.22
14.92
12.68
11.2
11.03
12.49
15.54
19.79
24.59
29.22
33.01
35.52
36.58
36.33
35.18
33.67
32.31
31.45
31.13
31.14
31.12
30.75
29.94
28.92
28.08
27.85
28.49
30.04
32.33
34.98
37.54
39.38
39.88
38.43
34.75
28.92
21.36
12.66
3.29
-6.41
-16.35
-26.41
-36.4
-45.94
-54.46
-61.31
-65.93
-67.98
-67.51
-64.95
-61
-56.36
-51.47
-46.37
-40.84
-34.65
-27.77
-20.44
-13.05
-5.85
1.08
7.82
14.35
20.48
25.95
30.59
34.62
38.71
43.71
50.21
57.92
65.47
70.51
70.45
63.31
48.58
27.55
2.98
-21.64
-43.1
-59.23
-69.09
-72.81
-71.07
-64.79
-54.96
-42.82
-30.06
-18.66
-10.6
-7.18
-8.55
-13.59
-20.38
-26.81
-31.29
-33.07
-32.08
-28.73
-23.65
-17.62
-11.54
-6.31
-2.62
-0.74
-0.39
-0.88
-1.47
-1.66
-1.38
-0.86
-0.38
-0.07
0.07
0.14
0.15
-0.05
-0.68
-1.94
-3.89
-6.49
-9.6
-13.21
-17.37
-22.2
-27.71
-33.63
-39.3
-43.89
-46.53
-46.7
-44.43
-40.28
-35.12
-29.82
-24.86
-20.18
-15.32
-9.64
-2.71
5.42
14.25
23
30.78
36.93
41
42.82
42.51
40.42
37.07
33.12
29.05
25.07
21.07
16.76
12
6.99
2.33
-1.2
-2.9
-2.44
-0
3.74
7.74
10.79
11.78
10.08
5.74
-0.52
-7.51
-14.12
-19.54
-23.44
-25.81
-26.69
-26.03
-23.82
-20.17
-15.51
-10.59
-6.13
-2.74
-0.68
0.06
-0.44
-2.07
-4.74
-8.29
-12.42
-16.69
-20.59
-23.68
-25.68
-26.61
-26.69
-26.33
-26.01
-26.29
-27.61
-30.18
-33.82
-37.77
-40.91
-41.97
-39.93
-34.48
-26.1
-15.91
-5.3
4.62
13.24
20.43
26.31
30.97
34.38
36.44
37.19
36.93
36.24
35.75
35.87
36.63
37.66
38.52
38.97
39.12
39.27
39.56
39.79
39.21
36.85
31.88
24.13
14.24
3.56
-6.39
-14.38
-19.82
-22.8
-23.82
-23.51
-22.33
-20.41
-17.62
-13.69
-8.4
-1.74
6.01
14.29
22.42
29.75
35.8
40.24
43
44.05
43.51
41.52
38.38
34.54
30.55
27.05
24.49
23.12
22.75
22.84
22.56
21.01
17.49
11.72
3.9
-5.26
-14.72
-23.29
-29.94
-33.98
-35.21
-33.89
-30.66
-26.36
-21.72
-17.26
-13.22
-9.62
-6.37
-3.41
-0.74
1.62
3.67
5.5
7.33
9.39
11.83
14.66
17.61
20.3
22.35
23.61
24.22
24.62
25.36
26.86
29.27
32.35
35.65
38.63
40.78
41.65
40.99
38.84
35.7
32.42
29.88
28.61
28.32
27.86
25.69
20.53
12.03
1.02
-10.9
-22.03
-31.12
-37.61
-41.4
-42.56
-41.26
-38.06
-34.09
-31.11
-30.99
-34.96
-42.97
-53.54
-64.13
-72.11
-75.55
-73.71
-66.99
-56.59
-44.05
-30.89
-18.44
-7.7
0.67
6.55
10.29
12.64
14.5
16.6
19.24
22.25
25.08
27.1
27.82
27.11
25.18
22.44
19.34
16.3
13.56
11.23
9.37
8
7.16
6.89
7.21
8.03
9.2
10.45
11.56
12.34
12.79
12.99
13.15
13.52
14.34
15.82
18.01
20.85
24.04
27.06
29.37
30.61
30.84
30.63
30.98
33.02
37.65
45.1
54.7
64.84
73.27
77.69
76.4
68.93
56.18
40.08
22.95
6.71
-7.55
-19.69
-30.15
-39.71
-49.08
-58.81
-69.23
-80.27
-91.26
-100.84
-107.18
-108.4
-103.4
-92.36
-76.86
-59.51
-43.1
-29.88
-21.03
-16.62
-15.86
-17.44
-19.94
-21.95
-22.17
-19.42
-12.79
-1.96
12.58
29.4
46.21
60.36
69.4
71.73
67.03
56.26
41.33
24.57
8.21
-5.89
-16.3
-22.15
-23.16
-19.84
-13.53
-6.18
0.12
3.63
3.39
-0.72
-8.2
-18.11
-29.25
-40.2
-49.39
-55.29
-56.9
-54.03
-47.48
-38.86
-30.04
-22.63
-17.55
-14.95
-14.23
-14.46
-14.66
-14.19
-12.87
-10.91
-8.74
-6.74
-5.1
-3.84
-2.89
-2.13
-1.34
-0.22
1.75
5.08
10.14
16.89
24.8
32.81
39.63
44
45.04
42.44
36.52
27.99
17.74
6.61
-4.69
-15.5
-25.07
-32.57
-37.2
-38.62
-37.26
-34.3
-31.32
-29.61
-29.65
-30.79
-31.53
-30.13
-25.38
-17.18
-6.57
4.6
14.34
21.23
24.79
25.36
23.66
20.36
15.86
10.49
4.92
0.35
-1.77
-0.3
4.88
12.65
20.99
27.62
30.79
29.67
24.3
15.38
3.98
-8.54
-20.6
-30.45
-36.5
-37.69
-33.91
-26.14
-16.29
-6.72
0.35
3.4
2.06
-2.95
-10.13
-17.69
-24.2
-28.79
-31.25
-31.77
-30.7
-28.42
-25.34
-21.89
-18.52
-15.63
-13.35
-11.48
-9.52
-6.93
-3.42
0.85
5.24
8.9
11.12
11.69
11.01
9.94
9.49
10.43
13.04
16.95
21.3
24.91
26.54
25.22
20.49
12.64
2.87
-6.88
-14.27
-17.23
-14.55
-6.23
6.38
20.99
34.96
45.97
52.51
54.05
51.02
44.53
36.05
27.11
18.98
12.51
8.07
5.55
4.53
4.48
4.9
5.4
5.78
5.93
5.8
5.32
4.44
3.2
1.78
0.56
-0.01
0.5
2.31
5.31
8.92
12.27
14.29
14.24
12.08
8.69
5.72
5.02
7.9
14.53
23.78
33.53
41.38
45.39
44.66
39.43
30.88
20.71
10.68
2.16
-4.06
-7.81
-9.43
-9.6
-9.1
-8.68
-8.85
-9.83
-11.45
-13.16
-14.3
-14.24
-12.82
-10.28
-7.33
-4.76
-3.17
-2.83
-3.64
-5.24
-7.27
-9.43
-11.57
-13.66
-15.76
-17.88
-19.93
-21.64
-22.58
-22.3
-20.56
-17.51
-13.78
-10.26
-7.74
-6.43
-5.61
-3.94
0.02
6.88
16.01
25.6
33.36
37.4
36.79
31.65
22.66
10.71
-3.05
-17.02
-28.95
-36.36
-37.44
-32.15
-22.66
-12.75
-6.34
-5.93
-11.79
-22.3
-34.99
-47.54
-58.28
-65.91
-69.08
-66.4
-56.9
-40.89
-20.4
1.2
20.21
33.85
41.13
42.68
40.17
35.3
29.27
22.73
16.08
9.82
4.64
1.36
0.52
2.2
5.9
10.65
15.32
18.85
20.51
19.98
17.33
12.99
7.64
1.95
-3.43
-8
-11.5
-13.87
-15.32
-16.19
-16.93
-17.92
-19.44
-21.56
-24.17
-27.04
-29.8
-32
-33.08
-32.53
-29.96
-25.35
-19.12
-12.15
-5.54
-0.18
3.43
5.42
6.45
7.43
9.14
11.99
15.94
20.55
25.26
29.51
32.94
35.44
37.14
38.32
39.32
40.38
41.49
42.42
42.66
41.67
39.09
34.96
29.85
24.89
21.51
21
24.14
30.76
39.68
48.88
56.07
59.44
58.19
52.65
44.02
33.64
22.41
10.63
-1.72
-14.34
-26.2
-35.73
-41.36
-42.2
-38.3
-30.4
-19.45
-6.23
8.64
24.33
39.45
52.11
60.26
62.39
57.96
47.54
32.6
15.12
-2.77
-19.01
-31.86
-40.15
-43.5
-42.46
-38.41
-33.22
-28.77
-26.34
-26.4
-28.41
-31.18
-33.26
-33.52
-31.47
-27.42
-22.24
-16.94
-12.47
-9.39
-7.88
-7.76
-8.62
-9.92
-11.08
-11.62
-11.25
-9.97
-8.01
-5.82
-3.86
-2.59
-2.27
-2.96
-4.46
-6.37
-8.16
-9.36
-9.64
-8.96
-7.55
-5.8
-4.1
-2.72
-1.83
-1.43
-1.46
-1.85
-2.58
-3.62
-4.92
-6.29
-7.43
-7.92
-7.38
-5.58
-2.66
0.94
4.6
7.73
9.93
11.15
11.59
11.6
11.59
11.82
12.38
13.11
13.64
13.48
12.34
10.27
7.77
5.57
4.29
4.11
4.77
5.75
6.72
7.75
9.21
11.37
14.05
16.48
17.58
16.53
13.18
8.12
2.34
-3.31
-8.45
-13.17
-17.71
-22.07
-25.82
-28.3
-29
-27.9
-25.5
-22.66
-20.15
-18.36
-17.2
-16.38
-15.62
-15.01
-14.88
-15.56
-17.09
-19
-20.48
-20.65
-19.02
-15.66
-11.18
-6.46
-2.22
1.12
3.6
5.43
6.85
7.93
8.59
8.76
8.47
7.91
7.28
6.7
6.06
5.02
3.24
0.51
-3.07
-7.07
-10.86
-13.82
-15.51
-15.78
-14.82
-13.03
-10.95
-9.18
-8.3
-8.85
-11.23
-15.53
-21.27
-27.37
-32.25
-34.19
-31.94
-25.05
-14.04
-0.15
15.03
29.98
43.44
54.43
62.18
66.11
65.88
61.5
53.51
42.93
31.29
20.42
12.08
7.57
7.37
11.06
17.43
24.97
32.28
38.46
43.17
46.39
48.18
48.51
47.26
44.46
40.42
35.76
31.27
27.65
25.3
24.18
23.9
23.91
23.7
22.95
21.53
19.48
16.95
14.16
11.47
9.25
7.8
7.12
6.89
6.49
5.17
2.41
-1.84
-7.04
-12.24
-16.36
-18.62
-18.74
-17.05
-14.22
-11.06
-8.19
-5.94
-4.48
-3.82
-4.02
-5.2
-7.43
-10.62
-14.5
-18.73
-22.95
-26.89
-30.35
-33.27
-35.72
-37.98
-40.45
-43.41
-46.72
-49.66
-51.14
-50.07
-46.01
-39.38
-31.33
-23.24
-16.11
-10.26
-5.5
-1.56
1.53
3.34
3.31
1.22
-2.54
-6.97
-10.77
-12.86
-12.73
-10.68
-7.59
-4.7
-3.15
-3.65
-6.3
-10.54
-15.36
-19.57
-22.13
-22.43
-20.35
-16.2
-10.48
-3.63
3.87
11.47
18.25
23.08
24.87
23.08
18.17
11.52
5.16
1
0.36
3.47
9.57
17.1
24.05
28.5
29.14
25.81
19.58
12.62
7.36
5.72
8.36
14.59
22.72
30.65
36.62
39.56
39.19
35.88
30.32
23.19
15.02
6.2
-2.76
-10.95
-17.08
-19.81
-18.38
-13.25
-6.14
0.5
4.46
4.63
1.42
-3.66
-8.67
-12.08
-13.16
-11.95
-8.92
-4.61
0.52
6.04
11.44
16.07
19.33
20.81
20.5
18.73
15.93
12.45
8.41
3.72
-1.69
-7.77
-14.13
-20.12
-25.05
-28.35
-29.83
-29.64
-28.16
-25.86
-23.2
-20.55
-18.31
-16.83
-16.48
-17.5
-19.9
-23.35
-27.27
-30.96
-33.85
-35.74
-36.74
-37.22
-37.61
-38.16
-38.84
-39.31
-39.01
-37.41
-34.37
-30.35
-26.29
-23.36
-22.45
-23.71
-26.48
-29.53
-31.43
-31.08
-27.9
-21.85
-13.26
-2.77
8.8
20.45
31.07
39.75
46.06
50.28
53.36
56.45
60.47
65.62
71.36
76.58
80.18
81.47
80.38
77.32
72.84
67.42
61.43
55.35
49.89
45.97
44.36
45.07
47.05
48.18
45.93
38.28
24.59
6.07
-14.53
-33.75
-48.51
-56.83
-58.26
-53.5
-43.94
-31.05
-16.07
-0.01
16.1
30.99
43.32
51.81
55.74
55.04
50.22
42.11
31.49
18.99
5.05
-9.74
-24.6
-38.35
-49.64
-57.18
-60.13
-58.43
-52.9
-45.22
-37.52
-31.82
-29.3
-29.87
-32.22
-34.44
-34.87
-32.76
-28.47
-23.12
-17.86
-13.46
-10.03
-7.35
-5.14
-3.26
-1.74
-0.62
0.14
0.61
0.79
0.6
-0.02
-0.91
-1.65
-1.62
-0.26
2.68
7.01
12.13
17.17
21.09
22.96
22.17
18.78
13.62
8.22
4.28
2.88
4.06
6.53
8.13
6.48
-0.1
-12.13
-28.74
-47.93
-67.06
-83.52
-95.2
-100.82
-99.94
-92.84
-80.35
-63.83
-45.11
-26.41
-10
2.37
9.86
12.74
12.03
8.95
4.35
-1.39
-8.12
-15.45
-22.46
-27.74
-29.78
-27.54
-20.81
-10.32
2.43
15.55
27.21
36.03
41.27
42.87
41.26
37.15
31.23
24.2
16.72
9.5
3.23
-1.53
-4.53
-5.84
-5.67
-4.32
-1.92
1.5
5.82
10.67
15.42
19.24
21.41
21.63
20.03
17.1
13.47
9.63
5.88
2.32
-1.1
-4.52
-8.1
-12
-16.41
-21.38
-26.87
-32.65
-38.37
-43.64
-48.04
-51.17
-52.69
-52.4
-50.27
-46.48
-41.41
-35.55
-29.39
-23.35
-17.77
-12.86
-8.76
-5.51
-3.09
-1.4
-0.3
0.32
0.43
-0.08
-1.36
-3.44
-6.02
-8.46
-9.79
-9
-5.48
0.69
8.65
17.04
24.43
29.79
32.69
33.28
32
29.4
25.91
21.84
17.47
13.06
8.81
4.83
1.15
-2.2
-5.07
-7.11
-7.82
-6.7
-3.47
1.78
8.53
15.83
22.57
27.71
30.53
30.72
28.49
24.43
19.3
13.89
8.83
4.55
1.27
-0.98
-2.32
-2.96
-3.16
-3.1
-2.81
-2.22
-1.22
0.21
1.89
3.52
4.75
5.37
5.33
4.79
4.01
3.32
2.98
3.1
3.65
4.51
5.5
6.53
7.56
8.66
9.92
11.38
12.9
14.25
15.13
15.29
14.74
13.7
12.61
11.92
11.98
12.85
14.19
15.39
15.68
14.41
11.21
6.18
-0.17
-6.96
-13.23
-18.16
-21.35
-22.85
-23.08
-22.64
-21.96
-21.22
-20.35
-19.18
-17.71
-16.11
-14.6
-13.33
-12.13
-10.68
-8.61
-5.86
-2.78
0.02
1.9
2.61
2.33
1.69
1.57
2.84
6.19
11.75
18.97
26.5
32.45
34.91
32.81
26.49
17.82
9.61
4.55
4.18
8.4
15.52
23.02
28.32
29.54
26.04
18.64
9.42
1.38
-2.51
-0.3
8.11
20.73
34.03
44.19
48.47
46.19
38.87
29.5
21.35
16.92
17.18
21.43
27.66
33.41
36.55
35.95
31.66
24.62
16.15
7.56
-0.25
-6.79
-11.9
-15.62
-18.11
-19.63
-20.57
-21.43
-22.72
-24.83
-27.9
-31.82
-36.31
-41.06
-45.81
-50.42
-54.79
-58.72
-61.81
-63.41
-62.84
-59.64
-53.93
-46.38
-38.18
-30.58
-24.64
-20.92
-19.3
-19.04
-18.84
-17.13
-12.52
-4.42
6.64
19.05
30.78
40.15
46.53
50.36
52.51
53.48
52.9
49.64
42.74
32.22
19.54
7.13
-2.65
-8.56
-10.99
-11.58
-12.33
-14.71
-19.18
-25.23
-31.88
-38.17
-43.38
-46.97
-48.5
-47.46
-43.5
-36.64
-27.52
-17.3
-7.43
0.77
6.42
9.22
9.42
7.6
4.4
0.32
-4.3
-9.23
-14.17
-18.54
-21.52
-22.18
-19.83
-14.37
-6.31
3.33
13.34
22.67
30.55
36.42
39.88
40.66
38.76
34.59
28.86
22.43
15.94
9.69
3.64
-2.26
-7.8
-12.29
-14.84
-14.71
-11.76
-6.59
-0.39
5.53
10.14
13
14.22
14.16
13.19
11.55
9.34
6.73
4.04
1.8
0.5
0.41
1.44
3.06
4.55
5.31
5.07
4.03
2.77
1.9
1.77
2.35
3.27
4.13
4.75
5.28
6.06
7.52
9.78
12.71
15.95
19.06
21.76
23.88
25.43
26.42
26.88
26.78
26.1
24.92
23.44
21.97
20.81
20.04
19.42
18.57
17.14
15.24
13.57
13.13
14.65
18.1
22.52
26.5
28.92
29.46
28.51
26.57
23.63
18.96
11.69
1.68
-9.92
-20.83
-28.6
-31.74
-30.44
-26.44
-22.17
-19.66
-19.85
-22.51
-26.63
-31.08
-35.12
-38.47
-41.23
-43.5
-45.16
-45.93
-45.54
-43.95
-41.44
-38.5
-35.59
-32.96
-30.61
-28.4
-26.21
-24.15
-22.38
-21.03
-20.01
-19
-17.55
-15.39
-12.54
-9.35
-6.41
-4.22
-2.92
-2.09
-0.96
1.32
5.18
10.44
16.38
21.97
26.24
28.51
28.56
26.68
23.62
20.45
18.36
18.35
20.9
25.76
32.02
38.33
43.41
46.38
46.87
45.01
41.31
36.5
31.56
27.64
25.88
27.15
31.68
38.91
47.46
55.54
61.48
64.22
63.48
59.69
53.65
46.21
38.06
29.7
21.56
13.99
7.21
1.23
-4.1
-9.08
-13.93
-18.75
-23.39
-27.61
-31.21
-34.11
-36.47
-38.45
-40.2
-41.69
-42.85
-43.53
-43.71
-43.5
-43.03
-42.35
-41.32
-39.68
-37.19
-33.87
-30.15
-26.69
-24.12
-22.78
-22.55
-23.02
-23.81
-24.79
-26.21
-28.51
-32
-36.71
-42.28
-48.03
-53.04
-56.36
-57.08
-54.59
-48.79
-40.21
-29.94
-19.38
-9.74
-1.77
4.43
9.26
13.26
16.81
19.97
22.49
24.11
24.85
25.04
25.28
26.23
28.31
31.5
35.37
39.22
42.39
44.46
45.41
45.45
44.84
43.73
42.04
39.57
36.14
31.74
26.63
21.26
16.18
11.86
8.54
6.22
4.7
3.66
2.7
1.47
-0.29
-2.69
-5.72
-9.19
-12.85
-16.38
-19.52
-22.11
-24.08
-25.4
-26.07
-26.05
-25.26
-23.73
-21.54
-18.9
-16.1
-13.43
-11.08
-9.2
-7.84
-6.96
-6.54
-6.5
-6.76
-7.24
-7.99
-9.13
-10.85
-13.21
-15.93
-18.4
-19.74
-19.15
-16.25
-11.16
-4.49
2.93
10.4
17.47
23.84
29.31
33.59
36.4
37.64
37.58
36.81
36.09
36.01
36.69
37.79
38.66
38.66
37.47
35.14
32.02
28.52
24.77
20.68
16.07
11.03
5.97
1.69
-1.02
-1.78
-0.76
1.43
4.14
7.05
10.25
13.89
17.88
21.73
24.76
26.58
27.21
26.88
25.51
22.37
16.31
6.61
-6.1
-19.52
-30.35
-35.69
-34.47
-28
-19.26
-11.53
-6.88
-5.62
-6.69
-8.67
-10.7
-12.89
-15.98
-20.67
-27.05
-34.52
-41.99
-48.29
-52.51
-54.06
-52.71
-48.45
-41.5
-32.33
-21.66
-10.42
0.35
9.66
16.79
21.31
23.26
23.09
21.54
19.54
17.81
16.76
16.38
16.34
16.2
15.66
14.67
13.44
12.32
11.55
11.24
11.3
11.56
11.91
12.4
13.27
14.85
17.33
20.68
24.62
28.74
32.64
36.05
38.79
40.66
41.49
41.19
39.97
38.4
37.21
36.89
37.27
37.51
36.42
33.06
27.28
19.79
11.8
4.35
-2.09
-7.7
-13.02
-18.77
-25.62
-34.33
-45.62
-59.88
-76.46
-93.2
-106.52
-112.51
-108.49
-94.27
-72.44
-47.46
-23.93
-5.04
8.22
16.67
21.87
25.03
26.52
26.1
23.43
18.56
12.15
5.16
-1.54
-7.43
-12.36
-16.43
-19.62
-21.71
-22.38
-21.47
-19.31
-16.82
-15.2
-15.5
-18.16
-22.7
-27.89
-32.12
-34
-32.77
-28.59
-22.39
-15.62
-9.81
-6.13
-5.05
-6.21
-8.6
-10.91
-12.01
-11.32
-8.97
-5.62
-2.07
1.04
3.46
5.3
6.84
8.3
9.7
10.88
11.55
11.51
10.64
8.91
6.39
3.33
0.25
-2.09
-2.8
-1.32
2.19
6.64
10.25
11.23
8.43
1.93
-7.04
-16.65
-25.19
-31.62
-35.81
-38.22
-39.46
-40.06
-40.35
-40.57
-40.9
-41.5
-42.24
-42.65
-42.02
-39.58
-34.89
-28.05
-19.68
-10.68
-2.02
5.66
12.06
17.18
21.15
24.01
25.78
26.41
26
24.71
22.85
20.71
18.54
16.45
14.41
12.36
10.31
8.41
6.89
6.03
5.98
6.77
8.3
10.3
12.45
14.41
15.78
16.05
14.69
11.4
6.29
0.08
-6.05
-10.78
-13.1
-12.55
-9.22
-3.56
3.91
12.69
22.21
31.78
40.52
47.36
51.38
51.99
49.18
43.42
35.46
26.13
16.11
5.83
-4.47
-14.52
-23.88
-31.9
-37.85
-41.23
-41.8
-39.58
-34.7
-27.16
-16.95
-4.32
9.96
24.49
37.52
47.48
53.56
55.82
55.08
52.42
48.73
44.51
39.98
35.24
30.46
25.91
21.81
18.35
15.61
13.65
12.4
11.59
10.64
8.76
5.23
-0.28
-7.45
-15.48
-23.34
-30.22
-35.64
-39.51
-41.82
-42.52
-41.46
-38.59
-34.16
-28.78
-23.27
-18.37
-14.52
-11.79
-10.07
-9.22
-9.2
-10.09
-11.82
-14.1
-16.34
-17.81
-17.87
-16.25
-13.09
-8.87
-4.18
0.49
4.82
8.74
12.2
15.18
17.62
19.43
20.63
21.36
21.86
22.33
22.79
23.08
22.89
21.97
20.23
17.79
14.91
11.85
8.76
5.74
2.84
0.19
-2.05
-3.8
-5.1
-6.14
-7.21
-8.51
-10.1
-11.89
-13.67
-15.24
-16.52
-17.58
-18.62
-19.94
-21.72
-23.97
-26.41
-28.56
-29.9
-30.03
-28.95
-27.12
-25.25
-24.09
-24.06
-25.06
-26.37
-26.77
-24.82
-19.3
-9.66
3.66
19.26
35.14
49.21
59.87
66.32
68.61
67.45
63.89
59.17
54.43
50.67
48.49
47.99
48.89
50.58
52.37
53.5
53.04
49.9
43.06
31.96
16.9
-0.73
-18.72
-34.7
-46.94
-54.84
-58.98
-60.58
-60.82
-60.23
-58.48
-54.73
-48.02
-37.98
-25.23
-11.41
1.15
10.04
13.56
11.33
4.45
-4.67
-13.02
-17.86
-17.51
-11.74
-1.6
11.11
24.39
36.36
45.4
50.19
49.84
44.32
34.76
23.48
13.51
7.6
7.17
11.64
18.66
24.91
27.42
24.54
16.38
4.53
-8.76
-21.3
-31.56
-38.7
-42.46
-42.94
-40.59
-36.27
-31.23
-26.8
-23.97
-22.91
-22.96
-22.93
-21.6
-18.42
-13.72
-8.6
-4.5
-2.64
-3.53
-6.74
-11.03
-14.61
-15.74
-13.33
-7.4
0.82
9.24
15.63
18.42
17.07
12.16
4.95
-3.08
-10.51
-16.12
-18.93
-18.3
-14.09
-6.97
1.69
10.16
16.9
21.03
22.45
21.62
19.1
15.28
10.33
4.42
-2.2
-9.09
-15.74
-21.65
-26.32
-29.27
-29.94
-27.87
-22.87
-15.35
-6.29
2.92
10.95
16.9
20.59
22.42
23.01
23
22.72
22.21
21.33
19.89
17.77
14.97
11.6
7.9
4.17
0.86
-1.65
-3.04
-3.26
-2.54
-1.34
-0.22
0.38
0.29
-0.31
-0.92
-0.95
0.04
2.2
5.25
8.66
11.75
13.89
14.75
14.28
12.75
10.53
8.04
5.53
3.13
0.88
-1.13
-2.72
-3.58
-3.31
-1.62
1.57
6.04
11.35
16.9
22.15
26.77
30.66
33.92
36.63
38.77
40.11
40.39
39.57
37.84
35.73
33.77
32.2
30.9
29.5
27.48
24.62
21.08
17.43
14.62
13.73
15.73
21.14
29.83
41.01
53.52
66.18
77.87
87.56
94.01
95.8
91.65
81.06
64.79
44.93
24.16
4.8
-12.01
-26.42
-39.36
-51.57
-63.03
-72.83
-79.69
-82.54
-80.92
-75.07
-65.73
-53.89
-40.54
-26.66
-13.16
-0.87
9.64
18.11
24.61
29.35
32.46
33.85
33.22
30.42
25.64
19.58
13.21
7.47
2.98
-0.09
-1.91
-2.84
-3.24
-3.57
-4.32
-6.06
-9.36
-14.55
-21.61
-30.13
-39.48
-48.87
-57.49
-64.56
-69.39
-71.55
-70.98
-68.1
-63.73
-58.87
-54.39
-50.79
-48.15
-46.27
-44.79
-43.41
-41.85
-39.82
-36.95
-32.96
-27.78
-21.84
-16.03
-11.48
-9.27
-10.06
-13.82
-19.93
-27.36
-35
-41.91
-47.4
-51.07
-52.9
-53.08
-52.02
-50.17
-47.97
-45.8
-44.01
-42.98
-43.03
-44.29
-46.53
-49.08
-50.96
-51.19
-49.14
-44.74
-38.5
-31.18
-23.49
-15.73
-7.81
0.59
9.7
19.39
29.13
38.13
45.72
51.43
55.15
56.9
56.72
54.63
50.72
45.39
39.38
33.65
29.1
26.27
25.26
25.74
27.15
28.84
30.12
30.26
28.62
24.84
18.99
11.57
3.34
-4.96
-12.88
-20.24
-27.07
-33.35
-38.94
-43.58
-47.07
-49.33
-50.36
-50.21
-48.93
-46.54
-43.16
-39.1
-34.73
-30.38
-26.25
-22.27
-18.31
-14.36
-10.61
-7.47
-5.4
-4.73
-5.52
-7.55
-10.42
-13.65
-16.79
-19.43
-21.24
-21.91
-21.18
-18.91
-15.08
-9.8
-3.26
4.46
13.4
23.73
35.44
48.02
60.33
70.79
77.89
80.65
78.96
73.35
64.78
54.3
43.03
32.21
23.15
16.85
13.6
12.63
12.24
10.44
5.68
-2.54
-13.44
-25.31
-35.82
-42.53
-43.21
-36.28
-21.27
0.83
27.59
55.74
82.02
104.07
120.77
132.07
138.37
139.88
136.43
127.63
113.42
94.56
72.59
49.5
27.05
6.35
-12.21
-28.66
-43.04
-55.19
-64.82
-71.67
-75.76
-77.34
-76.71
-74.06
-69.33
-62.41
-53.43
-43.02
-32.26
-22.41
-14.49
-8.93
-5.52
-3.63
-2.48
-1.46
-0.22
1.29
3.04
4.93
6.79
8.33
9.11
8.64
6.66
3.31
-0.86
-5.11
-8.82
-11.74
-13.95
-15.68
-17.06
-18.01
-18.33
-17.86
-16.68
-15.05
-13.3
-11.63
-10.13
-8.84
-7.87
-7.41
-7.65
-8.53
-9.7
-10.64
-10.85
-10.12
-8.55
-6.57
-4.65
-3.16
-2.14
-1.39
-0.67
0.15
0.95
1.45
1.4
0.75
-0.23
-1.07
-1.32
-0.79
0.34
1.61
2.52
2.78
2.35
1.48
0.45
-0.56
-1.57
-2.7
-4.08
-5.72
-7.49
-9.23
-10.86
-12.4
-13.93
-15.54
-17.14
-18.53
-19.45
-19.7
-19.26
-18.33
-17.18
-16.04
-14.97
-13.88
-12.66
-11.27
-9.88
-8.74
-8.09
-8
-8.29
-8.57
-8.4
-7.5
-5.89
-3.95
-2.28
-1.53
-2.06
-3.84
-6.46
-9.31
-11.76
-13.37
-13.83
-13.06
-11.21
-8.71
-6.34
-5.05
-5.56
-7.94
-11.43
-14.74
-16.63
-16.58
-14.97
-12.73
-10.72
-9.13
-7.54
-5.39
-2.57
0.25
1.92
1.52
-1.12
-5.2
-9.37
-12.5
-14.1
-14.42
-14.05
-13.51
-12.85
-11.78
-9.94
-7.17
-3.72
-0.11
3.02
5.21
6.21
6
4.78
2.93
0.91
-0.77
-1.69
-1.61
-0.54
1.38
3.9
6.79
9.82
12.76
15.33
17.21
18.21
18.28
17.53
16.13
14.19
11.72
8.7
5.32
2.12
0.02
0.1
3.21
9.66
18.98
29.87
40.49
48.88
53.46
53.45
49.04
41.23
31.44
21.04
11.04
2
-5.79
-12.12
-16.75
-19.41
-20.02
-18.81
-16.35
-13.42
-10.7
-8.61
-7.28
-6.59
-6.4
-6.58
-7
-7.48
-7.72
-7.33
-6.08
-3.94
-1.25
1.54
4.01
6.02
7.63
8.97
10.18
11.28
12.34
13.46
14.75
16.15
17.4
18.12
17.94
16.85
15.14
13.44
12.3
12.01
12.45
13.25
13.97
14.54
15.35
17.31
21.47
28.41
37.79
48.17
57.38
63.22
64.33
60.69
53.59
45.13
37.5
32.58
31.71
35.57
44
55.77
68.64
79.7
86.26
86.76
81.22
70.98
57.92
43.66
29.15
14.79
0.93
-11.74
-22.19
-29.4
-32.82
-32.6
-29.44
-24.26
-17.88
-10.91
-3.77
3.11
9.23
13.93
16.5
16.27
12.78
5.99
-3.64
-15.16
-27.36
-39.07
-49.41
-57.92
-64.49
-69.3
-72.63
-74.76
-76.02
-76.74
-77.18
-77.51
-77.57
-76.89
-74.72
-70.26
-62.96
-52.72
-40.16
-26.47
-13.32
-2.33
5.31
9.18
9.72
7.91
4.88
1.44
-2.04
-5.66
-9.62
-13.98
-18.45
-22.41
-25.18
-26.29
-25.76
-24.17
-22.58
-22.16
-23.69
-27.2
-31.79
-35.82
-37.35
-34.75
-27.13
-14.58
1.85
20.38
38.85
55.14
67.65
75.71
79.62
80.53
79.91
78.96
78.27
77.72
76.79
74.86
71.5
66.51
59.84
51.51
41.7
30.78
19.31
8.09
-2.06
-10.31
-15.8
-17.74
-15.6
-9.47
-0.48
9.2
16.74
19.55
16.15
6.8
-6.57
-21.11
-34.1
-43.72
-49.39
-51.47
-50.85
-48.47
-45.15
-41.65
-38.63
-36.55
-35.47
-34.81
-33.53
-30.54
-25.19
-17.76
-9.42
-1.89
3.28
5.21
4.01
0.6
-3.77
-7.94
-11.21
-13.42
-14.82
-15.86
-16.99
-18.61
-20.89
-23.67
-26.29
-27.6
-26.13
-20.5
-10.18
4.18
20.67
36.57
49.28
57.07
59.49
57.28
51.77
44.46
36.62
29.3
23.31
19.25
17.41
17.62
19.24
21.22
22.39
21.81
19
14.03
7.57
0.67
-5.54
-10.2
-12.95
-13.99
-13.93
-13.5
-13.34
-13.83
-15.09
-17.1
-19.63
-22.42
-25.15
-27.56
-29.53
-31.13
-32.57
-34.08
-35.7
-37.18
-38.03
-37.75
-35.92
-32.39
-27.29
-20.93
-13.78
-6.4
0.59
6.59
11.03
13.55
14.06
12.8
10.25
7.04
3.77
0.94
-1.13
-2.22
-2.3
-1.44
0.1
1.92
3.59
4.73
5.18
5.01
4.5
3.93
3.54
3.38
3.37
3.39
3.29
3
2.4
1.48
0.24
-1.25
-2.86
-4.44
-5.88
-7.03
-7.72
-7.68
-6.62
-4.37
-1
3.16
7.53
11.53
14.66
16.61
17.23
16.45
14.36
11.18
7.33
3.29
-0.44
-3.53
-5.78
-7.09
-7.37
-6.59
-4.79
-2.19
0.87
4.04
7.04
9.74
12.12
14.18
15.84
16.92
17.24
16.67
15.34
13.53
11.68
10.2
9.36
9.19
9.54
10.12
10.67
11.02
11.13
10.99
10.59
9.86
8.72
7.16
5.28
3.26
1.36
-0.24
-1.46
-2.32
-2.97
-3.53
-4.06
-4.55
-5.01
-5.47
-6.03
-6.78
-7.73
-8.72
-9.43
-9.44
-8.44
-6.29
-3.1
0.87
5.28
9.82
14.24
18.28
21.66
24.08
25.25
25.05
23.52
20.9
17.53
13.75
9.87
6.17
2.88
0.23
-1.59
-2.4
-2.13
-0.84
1.25
3.8
6.4
8.7
10.44
11.53
12
11.98
11.65
11.1
10.38
9.46
8.28
6.82
5.16
3.43
1.83
0.48
-0.68
-1.83
-3.22
-4.97
-6.99
-8.95
-10.53
-11.5
-11.93
-12.11
-12.37
-12.95
-13.87
-14.98
-16.04
-16.91
-17.52
-17.88
-18.07
-18.19
-18.35
-18.73
-19.46
-20.46
-21.38
-21.48
-19.74
-15.17
-7.05
4.72
19.54
36.24
53.31
69.12
82.11
90.93
94.48
92.23
84.36
71.94
56.81
41.22
27.27
16.43
9.25
5.4
4.02
3.98
4.3
4.23
3.37
1.58
-1.05
-4.26
-7.67
-10.84
-13.37
-15.03
-15.82
-15.98
-15.84
-15.71
-15.76
-15.91
-16.03
-15.97
-15.78
-15.62
-15.78
-16.48
-17.72
-19.28
-20.8
-21.92
-22.44
-22.32
-21.7
-20.74
-19.59
-18.27
-16.78
-15.1
-13.27
-11.37
-9.5
-7.75
-6.2
-4.97
-4.19
-3.89
-3.97
-4.03
-3.32
-1.02
3.47
10.12
18.16
26.29
33.2
38.09
40.85
41.98
42.1
41.54
40.24
37.92
34.44
30.03
25.22
20.51
16.1
11.8
7.29
2.39
-2.68
-7.4
-11.07
-13.06
-12.83
-10.08
-4.78
2.62
11.09
19.05
24.68
26.46
23.78
17.17
8.14
-1.36
-9.57
-15.4
-18.55
-19.37
-18.55
-16.93
-15.2
-13.87
-13.26
-13.55
-14.89
-17.37
-20.95
-25.41
-30.24
-34.8
-38.54
-41.31
-43.38
-45.4
-47.84
-50.76
-53.52
-54.98
-54.06
-50.12
-43.3
-34.47
-24.94
-16.02
-8.71
-3.5
-0.37
1
1.06
0.22
-1.21
-3.02
-5.02
-7.04
-8.9
-10.5
-11.86
-13.15
-14.54
-16.08
-17.66
-18.95
-19.55
-19.14
-17.58
-15.04
-11.86
-8.53
-5.48
-3
-1.24
-0.15
0.41
0.61
0.59
0.45
0.14
-0.45
-1.47
-3.03
-5.08
-7.41
-9.67
-11.49
-12.62
-13
-12.77
-12.1
-11.1
-9.71
-7.78
-5.26
-2.34
0.52
2.84
4.26
4.87
5.05
5.3
5.87
6.62
7.11
6.85
5.65
3.7
1.51
-0.38
-1.6
-2.09
-1.99
-1.48
-0.73
0.2
1.26
2.41
3.56
4.58
5.37
5.84
6
5.87
5.57
5.2
4.85
4.55
4.23
3.82
3.26
2.56
1.83
1.26
0.97
0.98
1.19
1.39
1.44
1.24
0.81
0.25
-0.35
-0.96
-1.61
-2.34
-3.14
-3.94
-4.59
-4.99
-5.09
-4.99
-4.86
-4.89
-5.21
-5.83
-6.67
-7.6
-8.48
-9.17
-9.59
-9.69
-9.39
-8.7
-7.63
-6.26
-4.7
-3.12
-1.73
-0.67
0.02
0.43
0.71
0.98
1.28
1.53
1.59
1.4
0.98
0.49
0.11
-0.06
-0.03
0.08
0.14
0.04
-0.22
-0.57
-0.94
-1.25
-1.49
-1.68
-1.88
-2.12
-2.45
-2.84
-3.25
-3.66
-4.1
-4.65
-5.42
-6.46
-7.77
-9.21
-10.57
-11.64
-12.25
-12.34
-11.97
-11.3
-10.54
-9.89
-9.43
-9.12
-8.82
-8.38
-7.71
-6.86
-6.03
-5.44
-5.26
-5.48
-5.92
-6.28
-6.21
-5.5
-4.19
-2.57
-1.11
-0.24
-0.18
-0.8
-1.59
-1.94
-1.34
0.35
2.92
5.89
8.86
11.61
14.23
17.13
20.94
26.47
34.61
46.12
61.27
79.49
99.22
118.09
133.52
143.41
146.58
142.9
132.97
117.83
98.71
77.07
54.71
33.73
16.32
4.3
-1.35
-0.89
4.11
11.07
16.92
18.97
15.57
6.78
-5.61
-18.71
-29.63
-36.65
-39.96
-41.41
-43.42
-47.71
-54.32
-61.65
-67.32
-69.48
-67.73
-63.36
-58.59
-55.47
-55.03
-56.96
-59.96
-62.54
-63.54
-62.41
-59.03
-53.54
-46.09
-37.02
-27
-17.07
-8.6
-2.88
-0.65
-1.79
-5.39
-10.07
-14.47
-17.67
-19.33
-19.71
-19.41
-19.08
-19.2
-19.94
-21.12
-22.32
-22.99
-22.71
-21.4
-19.25
-16.7
-14.23
-12.16
-10.53
-9.2
-7.92
-6.5
-4.88
-3.1
-1.34
0.21
1.41
2.19
2.68
3.06
3.63
4.62
6.14
8.15
10.48
12.88
15.1
16.86
17.87
17.91
16.91
15.04
12.7
10.27
8.05
6.11
4.28
2.41
0.55
-1.04
-1.97
-1.99
-1.24
-0.17
0.61
0.67
-0.04
-1.18
-2.25
-2.77
-2.54
-1.64
-0.36
0.94
1.91
2.32
2.12
1.3
0.01
-1.6
-3.41
-5.41
-7.62
-10.01
-12.43
-14.61
-16.39
-17.78
-19.03
-20.55
-22.64
-25.29
-28.16
-30.67
-32.24
-32.5
-31.3
-28.74
-24.96
-20.15
-14.54
-8.4
-2.01
4.33
10.35
15.82
20.53
24.29
27.08
29.06
30.6
32.06
33.72
35.52
37.17
38.29
38.72
38.74
39
40.33
43.44
48.75
56.44
66.46
78.55
92.12
106.09
118.74
128.05
132.09
129.71
120.89
106.75
89.27
70.59
52.59
36.59
23.34
13.07
5.66
0.6
-3.1
-6.74
-11.74
-19.21
-29.42
-41.65
-54.34
-65.58
-73.8
-78.28
-79.22
-77.42
-73.84
-69.19
-63.86
-58.04
-51.99
-46.01
-40.47
-35.47
-30.87
-26.3
-21.46
-16.32
-11.22
-6.77
-3.55
-1.87
-1.61
-2.34
-3.48
-4.57
-5.42
-6.14
-6.97
-8.2
-9.95
-12.19
-14.78
-17.54
-20.23
-22.57
-24.29
-25.17
-25.19
-24.53
-23.56
-22.64
-21.91
-21.2
-20.04
-17.89
-14.46
-9.87
-4.66
0.34
4.34
6.79
7.5
6.56
4.44
1.9
-0.07
-0.29
2.24
7.95
16.43
26.35
35.85
43.11
46.97
47.18
44.3
39.36
33.33
26.84
20.18
13.48
6.85
0.63
-4.74
-8.84
-11.46
-12.68
-12.84
-12.37
-11.49
-10.24
-8.45
-6
-2.97
0.17
2.75
4.14
3.97
2.37
-0.19
-3.05
-5.62
-7.47
-8.43
-8.48
-7.74
-6.42
-4.79
-3.1
-1.55
-0.28
0.66
1.23
1.41
1.12
0.31
-1.05
-2.91
-5.11
-7.44
-9.64
-11.51
-12.94
-13.95
-14.7
-15.38
-16.14
-16.98
-17.73
-18.13
-17.94
-17.01
-15.31
-12.89
-9.82
-6.17
-2.06
2.25
6.33
9.68
11.87
12.71
12.27
10.91
9.1
7.2
5.45
3.82
2.09
-0.06
-2.84
-6.25
-9.97
-13.48
-16.22
-17.71
-17.65
-15.86
-12.27
-6.91
0.05
8.15
16.59
24.39
30.7
35.01
37.31
37.97
37.51
36.43
34.99
33.34
31.56
29.76
28.1
26.78
25.9
25.48
25.39
25.4
25.25
24.76
23.83
22.5
20.85
18.96
16.82
14.43
11.81
9.09
6.4
3.89
1.58
-0.59
-2.71
-4.86
-7.05
-9.24
-11.34
-13.24
-14.79
-15.76
-15.91
-15.12
-13.48
-11.32
-9.13
-7.31
-6.02
-5.12
-4.27
-3.1
-1.46
0.51
2.45
3.95
4.71
4.67
4.06
3.38
3.23
4.17
6.53
10.22
14.66
18.97
22.29
24.27
25.36
26.71
29.99
36.6
47.16
61.04
76.42
90.64
100.9
105.08
102.25
93.05
79.48
64.37
50.55
40.01
33.35
29.69
27.15
23.71
18.16
10.6
2.34
-4.88
-9.74
-12.08
-12.85
-13.58
-15.5
-19.01
-23.64
-28.58
-33.09
-36.83
-39.72
-41.6
-42.14
-41
-38.19
-34.27
-30.32
-27.51
-26.7
-28.18
-31.59
-36.16
-40.9
-44.88
-47.34
-47.79
-46.1
-42.44
-37.29
-31.25
-24.96
-18.98
-13.77
-9.63
-6.69
-4.86
-3.91
-3.57
-3.62
-4.01
-4.78
-5.91
-7.29
-8.71
-9.93
-10.86
-11.55
-12.13
-12.65
-13.02
-13.02
-12.46
-11.31
-9.73
-8.06
-6.62
-5.68
-5.32
-5.49
-6.07
-6.91
-7.94
-9.11
-10.41
-11.81
-13.22
-14.48
-15.39
-15.76
-15.5
-14.66
-13.41
-11.95
-10.39
-8.75
-6.97
-5.02
-2.95
-0.93
0.83
2.19
3.1
3.67
4.04
4.31
4.48
4.44
4.08
3.32
2.23
0.94
-0.4
-1.68
-2.94
-4.29
-5.83
-7.66
-9.7
-11.76
-13.5
-14.59
-14.71
-13.77
-11.94
-9.61
-7.37
-5.8
-5.3
-5.96
-7.47
-9.33
-10.92
-11.8
-11.75
-10.83
-9.34
-7.73
-6.52
-6.13
-6.82
-8.45
-10.5
-12.1
-12.28
-10.25
-5.76
0.85
8.7
16.65
23.61
28.84
32.02
33.27
33.04
31.91
30.34
28.6
26.68
24.42
21.57
17.94
13.49
8.32
2.7
-3
-8.32
-12.75
-15.84
-17.3
-17.08
-15.37
-12.63
-9.4
-6.3
-3.78
-2.05
-1.04
-0.47
0.02
0.68
1.58
2.61
3.62
4.56
5.52
6.64
8.04
9.66
11.24
12.5
13.24
13.43
13.27
12.96
12.62
12.26
11.75
10.98
9.96
8.81
7.72
6.86
6.25
5.83
5.51
5.2
4.84
4.45
4
3.39
2.56
1.44
0.03
-1.59
-3.31
-5.05
-6.67
-8.08
-9.16
-9.76
-9.81
-9.4
-8.74
-8.16
-7.95
-8.18
-8.72
-9.29
-9.57
-9.39
-8.83
-8.04
-7.26
-6.62
-6.12
-5.71
-5.36
-5.09
-5.08
-5.52
-6.54
-8.12
-10.05
-12.02
-13.7
-14.88
-15.54
-15.88
-16.15
-16.6
-17.33
-18.28
-19.25
-20.07
-20.66
-21.11
-21.61
-22.32
-23.27
-24.35
-25.34
-26.08
-26.51
-26.71
-26.74
-26.6
-26.18
-25.35
-24.08
-22.51
-20.78
-18.85
-16.31
-12.42
-6.36
2.5
14.27
28.59
44.75
61.9
79.14
95.49
109.85
120.97
127.7
129.28
125.67
117.59
106.42
93.86
81.59
71
62.94
57.68
54.87
53.64
52.81
51.19
47.9
42.54
35.34
26.97
18.35
10.3
3.33
-2.44
-7.26
-11.52
-15.59
-19.61
-23.49
-26.87
-29.4
-30.85
-31.21
-30.79
-30.17
-30.17
-31.73
-35.76
-42.74
-52.41
-63.47
-73.64
-80.19
-80.68
-73.8
-59.89
-40.94
-20.01
-0.49
14.78
23.91
26.11
21.65
11.67
-1.84
-16.17
-28.22
-35.19
-35.39
-28.93
-17.92
-5.8
3.75
8.18
6.8
0.87
-7.31
-15.38
-21.83
-26.38
-29.68
-32.7
-36.2
-40.3
-44.49
-47.83
-49.26
-47.93
-43.44
-35.96
-26.28
-15.72
-5.89
1.7
5.97
6.54
3.79
-1.4
-7.88
-14.64
-20.86
-25.97
-29.57
-31.41
-31.47
-30
-27.62
-25.1
-23.19
-22.25
-22.18
-22.38
-22.04
-20.33
-16.67
-10.89
-3.16
6.1
16.27
26.71
36.7
45.52
52.49
57.05
58.71
57.27
52.83
45.81
37.01
27.38
17.95
9.59
2.99
-1.39
-3.24
-2.36
1.23
7.28
15.06
23.48
31.16
36.78
39.34
38.56
34.82
29
22.25
15.61
9.76
5
1.3
-1.5
-3.5
-4.74
-5.26
-5.15
-4.66
-4.1
-3.71
-3.6
-3.73
-4.03
-4.48
-5.22
-6.42
-8.18
-10.43
-12.94
-15.44
-17.72
-19.77
-21.67
-23.48
-25.03
-25.98
-25.92
-24.5
-21.69
-17.64
-12.7
-7.27
-1.7
3.73
8.8
13.28
17.03
19.86
21.71
22.61
22.65
21.92
20.48
18.32
15.41
11.72
7.31
2.37
-2.68
-7.35
-11.22
-14.06
-15.9
-16.99
-17.6
-17.9
-17.95
-17.71
-17.17
-16.38
-15.49
-14.66
-14.08
-13.87
-14.19
-15.18
-16.88
-19.04
-20.97
-21.55
-19.44
-13.41
-2.8
12.13
30.07
48.89
66.04
79.24
87.08
89.4
87.27
82.58
77.5
73.83
72.69
74.3
78.12
83.02
87.47
89.77
88.35
82.15
70.89
55.34
37.15
18.4
1.04
-13.59
-24.99
-33.28
-38.91
-42.4
-44.11
-44.3
-43.18
-40.99
-38.1
-35
-32.28
-30.7
-30.96
-33.52
-38.28
-44.52
-50.94
-56.03
-58.46
-57.45
-52.91
-45.44
-36.1
-26.12
-16.59
-8.29
-1.57
3.71
8.2
12.88
18.87
27.02
37.35
48.75
59
65.27
65.16
57.8
44.25
27.26
10.06
-4.83
-16.27
-24.35
-29.73
-32.97
-34.23
-33.59
-31.47
-28.83
-26.9
-26.66
-28.33
-31.26
-34.33
-36.42
-36.94
-35.91
-33.89
-31.56
-29.53
-28.04
-27.02
-26.23
-25.55
-25.11
-25.26
-26.38
-28.55
-31.38
-34.19
-36.19
-36.93
-36.39
-34.95
-33
-30.78
-28.27
-25.3
-21.76
-17.75
-13.48
-9.22
-5.18
-1.44
1.92
4.77
7.02
8.65
9.84
10.92
12.16
13.54
14.65
14.77
13.24
9.76
4.55
-1.71
-8.2
-14.11
-18.94
-22.42
-24.47
-25.07
-24.16
-21.69
-17.59
-11.9
-4.79
3.3
11.77
19.87
26.85
32.15
35.47
36.74
36.1
33.8
30.17
25.61
20.56
15.5
10.8
6.7
3.22
0.25
-2.27
-4.32
-5.71
-6.2
-5.65
-4.16
-2.14
-0.26
0.77
0.42
-1.41
-4.4
-7.83
-10.71
-12.09
-11.22
-7.88
-2.42
4.2
10.74
15.98
19.26
20.64
20.96
21.45
23.08
26.04
29.47
31.63
30.47
24.32
12.57
-3.91
-22.83
-41.03
-55.45
-64
-66.1
-62.68
-55.58
-46.8
-37.88
-29.72
-22.76
-17.24
-13.36
-11.16
-10.31
-10.05
-9.32
-7.17
-3.15
2.54
9.14
15.63
21.07
24.95
27.25
28.34
28.76
28.84
28.69
28.17
27.08
25.34
23.05
20.43
17.69
14.86
11.75
8.12
3.81
-1.08
-6.24
-11.12
-15.22
-18.22
-20.07
-20.98
-21.31
-21.41
-21.51
-21.64
-21.73
-21.54
-20.88
-19.61
-17.66
-15.09
-12.03
-8.72
-5.47
-2.61
-0.42
0.93
1.53
1.62
1.56
1.62
1.91
2.4
2.98
3.54
4.06
4.58
5.16
5.81
6.53
7.27
8
8.66
9.22
9.57
9.67
9.58
9.38
9.18
9.03
8.85
8.55
8.05
7.34
6.51
5.64
4.77
3.9
2.94
1.89
0.78
-0.31
-1.29
-2.09
-2.72
-3.17
-3.39
-3.25
-2.6
-1.29
0.68
3.18
5.94
8.65
11.11
13.28
15.31
17.36
19.57
21.91
24.25
26.48
28.61
30.85
33.43
36.48
39.96
43.63
47.23
50.5
53.14
54.83
55.15
53.75
50.67
46.48
42.21
39
37.54
37.77
38.89
39.72
39.22
36.81
32.49
26.83
20.72
15.33
11.92
11.57
14.87
21.48
30.06
38.5
44.49
46.03
42.04
32.56
18.74
2.65
-13.24
-26.64
-36.07
-41.21
-42.91
-42.77
-42.47
-43.33
-45.98
-50.48
-56.47
-63.37
-70.43
-76.76
-81.39
-83.55
-82.89
-79.64
-74.6
-68.88
-63.58
-59.53
-57.06
-55.92
-55.39
-54.56
-52.72
-49.73
-46.12
-42.92
-41.26
-41.78
-44.39
-48.31
-52.46
-55.89
-58.15
-59.32
-59.72
-59.77
-59.64
-59.21
-57.91
-54.78
-48.61
-38.25
-23.08
-3.57
18.49
40.08
57.6
67.85
69.1
61.79
48.56
33.52
21
14.09
13.62
17.9
23.55
27
26.05
20.69
12.79
4.97
-0.78
-3.91
-5.09
-5.41
-5.36
-4.51
-1.85
3.3
10.49
18.01
23.46
24.81
21.26
13.65
4.1
-4.83
-11.11
-13.74
-13.04
-10.29
-7.22
-5.48
-6.24
-9.77
-15.35
-21.08
-24.02
-21
-9.64
10.4
36.76
64.72
88.62
103.75
107.8
101.52
87.98
71.3
55.17
41.85
31.97
24.89
19.23
13.46
6.28
-3.18
-15.2
-29.34
-44.41
-58.62
-69.93
-76.67
-78.11
-74.83
-68.65
-61.9
-56.57
-53.57
-52.55
-52.37
-51.77
-49.97
-46.74
-42.17
-36.25
-28.56
-18.68
-6.51
7.27
21.33
34.08
44.43
52
57.18
60.6
62.63
63.18
61.94
58.87
54.58
50.35
47.64
47.46
49.82
53.63
57.09
58.43
56.48
51.03
42.72
32.61
21.76
10.98
0.92
-7.7
-13.98
-17.02
-16.18
-11.5
-3.77
5.72
15.59
24.65
32.01
36.9
38.54
36.24
29.68
19.25
6.21
-7.54
-19.82
-28.67
-32.81
-31.97
-26.95
-19.54
-12.02
-6.51
-4.45
-6.16
-10.94
-17.49
-24.48
-30.93
-36.34
-40.45
-42.98
-43.62
-42.13
-38.57
-33.42
-27.52
-21.7
-16.55
-12.24
-8.59
-5.28
-2.14
0.9
3.73
6.34
8.79
11.22
13.78
16.5
19.23
21.65
23.28
23.62
22.26
19.03
14.15
8.23
2.18
-3.13
-7.07
-9.47
-10.61
-11.06
-11.48
-12.35
-13.88
-15.99
-18.46
-21.01
-23.37
-25.27
-26.33
-25.93
-23.41
-18.23
-10.38
-0.62
9.64
18.81
25.64
29.62
31.06
30.75
29.52
28.03
26.6
25.33
24.21
23.19
22.11
20.77
18.98
16.69
14.13
11.73
9.97
9.18
9.53
11.09
13.94
18.06
23.22
28.74
33.5
36.25
36.04
32.65
26.6
19.03
11.16
4.04
-1.7
-5.71
-7.87
-8.19
-7.03
-5.27
-4.07
-4.49
-6.74
-9.8
-11.65
-10.17
-4.33
4.97
15.11
22.72
25.09
20.96
10.73
-4.16
-21.83
-40.29
-57.37
-70.76
-78.26
-78.65
-72.3
-61.36
-49.08
-38.56
-31.83
-29.39
-30.47
-33.65
-37.44
-40.63
-42.32
-41.93
-39.14
-34.04
-27.03
-18.85
-10.51
-3.12
2.29
5.04
4.88
2.23
-2.15
-7.26
-12.25
-16.55
-19.84
-21.82
-21.98
-19.73
-14.68
-7.01
2.33
11.89
20.09
25.86
28.87
29.6
28.9
27.63
26.26
24.81
23.02
20.7
18.03
15.68
14.66
15.94
19.95
26.34
34.02
41.55
47.76
52.27
55.34
57.45
58.7
58.59
56.22
50.99
43.1
33.68
24.33
16.4
10.37
5.87
2.01
-1.91
-6.06
-10.06
-13.39
-15.81
-17.55
-19.2
-21.38
-24.35
-27.86
-31.2
-33.48
-33.96
-32.41
-29.18
-25.06
-20.85
-17
-13.41
-9.53
-4.81
0.97
7.43
13.72
18.84
22.07
23.18
22.48
20.52
17.84
14.81
11.5
7.91
4.03
-0.01
-4.01
-7.72
-10.94
-13.61
-15.72
-17.27
-18.12
-18.04
-16.81
-14.35
-10.84
-6.73
-2.58
1.08
3.88
5.73
6.7
6.96
6.61
5.7
4.25
2.32
0.06
-2.33
-4.66
-6.8
-8.7
-10.36
-11.74
-12.72
-13.13
-12.9
-12.17
-11.41
-11.19
-11.97
-13.76
-15.92
-17.2
-16.14
-11.65
-3.59
7.03
18.26
27.83
33.91
35.62
33.31
28.15
21.76
15.71
11.18
8.85
8.75
10.34
12.55
14.18
14.21
12.43
9.57
7.14
6.77
9.42
14.84
21.53
27.42
30.77
30.88
28.12
23.4
17.41
10.39
2.27
-6.76
-15.81
-23.4
-28.07
-29.07
-26.76
-22.29
-16.98
-11.76
-6.92
-2.39
1.86
5.64
8.52
10.15
10.54
10.12
9.58
9.64
10.82
13.22
16.58
20.33
23.78
26.26
27.27
26.55
24.13
20.35
15.78
11.13
7.08
4.08
2.34
1.82
2.27
3.41
4.91
6.45
7.7
8.35
8.15
6.96
4.79
1.81
-1.65
-5.17
-8.35
-10.9
-12.77
-14.14
-15.3
-16.55
-18.06
-19.83
-21.69
-23.4
-24.68
-25.25
-24.93
-23.71
-21.7
-19.18
-16.49
-13.96
-11.81
-10.15
-8.96
-8.18
-7.68
-7.28
-6.8
-6.11
-5.09
-3.79
-2.33
-0.92
0.19
0.84
0.98
0.7
0.18
-0.36
-0.76
-0.93
-0.87
-0.62
-0.26
0.08
0.23
0.07
-0.47
-1.3
-2.2
-2.88
-3.19
-3.13
-2.94
-2.89
-3.17
-3.75
-4.44
-4.96
-5.18
-5.19
-5.26
-5.69
-6.66
-8.07
-9.61
-10.9
-11.64
-11.78
-11.57
-11.45
-11.9
-13.24
-15.46
-18.3
-21.19
-23.51
-24.72
-24.64
-23.38
-21.38
-19.21
-17.3
-15.78
-14.21
-11.54
-6.25
3.2
17.73
37.14
59.9
83.43
104.83
121.8
133.11
138.69
139.24
135.68
128.86
119.47
108.17
95.76
83.19
71.36
61
52.71
46.88
43.75
43.3
44.99
47.63
49.55
48.98
44.59
35.99
23.77
9.15
-6.48
-22.02
-36.63
-49.6
-60.09
-67.24
-70.5
-69.96
-66.48
-61.37
-55.84
-50.64
-46.02
-42.12
-39.27
-38.15
-39.45
-43.43
-49.49
-56.24
-61.91
-64.88
-64.2
-59.66
-51.73
-41.43
-30.07
-19.22
-10.35
-4.67
-2.8
-4.52
-8.87
-14.43
-19.81
-24.04
-26.81
-28.32
-29.04
-29.42
-29.71
-30.02
-30.34
-30.64
-30.86
-30.9
-30.64
-30.03
-29.15
-28.15
-27.24
-26.49
-25.9
-25.34
-24.72
-24.04
-23.4
-22.99
-22.92
-23.29
-24.08
-25.25
-26.7
-28.24
-29.52
-30.11
-29.62
-28.01
-25.7
-23.63
-22.85
-24.06
-27.14
-31.12
-34.53
-36
-34.84
-31.2
-25.87
-19.81
-13.69
-7.74
-1.9
3.97
9.79
15.23
19.88
23.37
25.57
26.53
26.53
25.89
25
24.21
23.76
23.7
23.86
23.9
23.35
21.88
19.31
15.68
11.13
5.8
-0.09
-6.26
-12.23
-17.37
-21.03
-22.86
-22.96
-21.9
-20.56
-19.69
-19.77
-20.86
-22.72
-24.98
-27.33
-29.48
-31.1
-31.86
-31.44
-29.74
-26.84
-23.06
-18.79
-14.3
-9.71
-5.04
-0.33
4.25
8.42
11.96
14.74
16.81
18.24
19.09
19.25
18.49
16.59
13.38
8.94
3.7
-1.55
-5.72
-7.68
-6.61
-2.33
4.56
12.87
21.24
28.69
34.82
39.75
43.78
47.06
49.52
50.96
51.32
50.83
49.89
48.74
47.3
45.14
41.68
36.67
30.4
23.74
17.95
14.31
13.66
16.21
21.44
28.17
34.89
40.17
42.98
43
40.59
36.57
31.91
27.4
23.48
20.29
17.73
15.63
13.79
12.03
10.18
8.2
6.32
5.14
5.5
8.2
13.38
20.23
26.92
30.98
30.16
23.09
9.82
-8.31
-28.98
-49.51
-67.22
-79.65
-84.56
-80.03
-64.94
-39.64
-6.51
30.05
64.35
90.77
105.2
106.13
94.77
74.44
49.48
24.27
2.51
-13.3
-22.12
-24.5
-22.44
-18.82
-16.59
-17.92
-23.61
-33.07
-44.67
-56.28
-65.78
-71.52
-72.76
-69.87
-64.26
-57.98
-52.98
-50.48
-50.45
-51.73
-52.52
-51.08
-46.29
-38.07
-27.34
-15.81
-5.35
2.53
7.13
8.76
8.47
7.53
6.95
7
7.37
7.32
6.13
3.34
-1.02
-6.48
-12.35
-17.91
-22.71
-26.59
-29.53
-31.37
-31.62
-29.42
-24.01
-15.16
-3.61
9.06
20.86
30.06
35.63
37.4
35.79
31.5
25.38
18.39
11.58
5.98
2.35
0.87
1.07
1.95
2.47
2
0.38
-2.06
-4.79
-7.33
-9.33
-10.55
-10.87
-10.28
-8.96
-7.35
-6.03
-5.52
-5.99
-7.26
-8.87
-10.27
-11.14
-11.48
-11.54
-11.65
-11.91
-12.18
-12.09
-11.33
-9.9
-8.2
-6.9
-6.63
-7.62
-9.68
-12.22
-14.53
-16.1
-16.68
-16.44
-15.8
-15.38
-15.9
-17.99
-21.77
-26.56
-30.72
-32.14
-29.08
-21.05
-9.15
4.17
16.09
24.45
28.47
28.78
26.95
24.68
23.23
23.08
24.12
25.9
28.07
30.42
32.88
35.43
37.83
39.61
40.21
39.16
36.43
32.4
27.7
22.87
18.2
13.7
9.28
4.97
0.95
-2.42
-4.83
-6.18
-6.73
-7.08
-7.97
-10.1
-13.71
-18.38
-23.04
-26.3
-26.96
-24.44
-19.03
-11.8
-4.23
2.3
6.93
9.45
10.24
9.96
9.28
8.71
8.49
8.7
9.35
10.47
12.14
14.44
17.44
21.34
26.44
33.01
41.03
49.86
58.18
64.2
66.28
63.54
56.3
46.04
34.92
25.11
18.11
14.45
13.66
14.5
15.4
14.86
11.82
5.86
-2.8
-13.43
-25.03
-36.35
-46.1
-52.96
-55.91
-54.73
-50.24
-44.27
-39.06
-36.33
-36.46
-38.16
-38.87
-35.84
-27.4
-13.79
2.83
19.24
32.35
40.43
43.5
43.05
41.16
39.57
39.23
40.29
42.54
45.81
50.21
55.87
62.65
69.81
76.05
79.92
80.31
76.95
70.67
63.27
56.94
53.49
53.59
56.42
60.14
62.45
61.48
56.24
46.76
33.85
18.81
3.39
-10.5
-21.13
-27.6
-30.38
-31.38
-33.1
-37.47
-44.67
-52.91
-59.3
-61.39
-58.47
-51.85
-44.14
-37.88
-34.52
-34.16
-36.05
-39.34
-43.54
-48.34
-53.35
-57.78
-60.64
-61.09
-58.89
-54.57
-49.21
-44.05
-39.99
-37.34
-35.83
-34.79
-33.52
-31.52
-28.67
-25.13
-21.17
-17.09
-13.15
-9.57
-6.54
-4.17
-2.45
-1.22
-0.2
0.83
1.89
2.83
3.36
3.31
2.73
1.87
1.08
0.64
0.65
1
1.53
2.05
2.48
2.78
2.88
2.55
1.39
-0.96
-4.61
-9.16
-13.75
-17.36
-19.21
-19.12
-17.64
-15.67
-14.19
-13.73
-14.28
-15.38
-16.5
-17.23
-17.52
-17.59
-17.74
-18.23
-19.08
-20.01
-20.58
-20.32
-19.01
-16.74
-13.94
-11.13
-8.69
-6.68
-4.88
-2.95
-0.7
1.83
4.41
6.76
8.72
10.24
11.27
11.73
11.38
10.06
7.85
5.18
2.83
1.61
2.08
4.34
7.94
12.12
16.04
19.24
21.62
23.45
25.05
26.47
27.5
27.75
26.99
25.33
23.14
20.87
18.71
16.54
14.09
11.25
8.26
5.66
3.96
3.36
3.59
4.14
4.54
4.63
4.58
4.68
5.1
5.76
6.43
6.82
6.86
6.6
6.17
5.64
5.04
4.35
3.56
2.71
1.83
0.92
-0.02
-1
-1.91
-2.61
-2.93
-2.78
-2.14
-1.08
0.31
1.96
3.75
5.52
7
7.96
8.25
7.89
7.11
6.19
5.31
4.49
3.52
2.11
0.05
-2.62
-5.59
-8.37
-10.48
-11.64
-11.89
-11.52
-10.93
-10.48
-10.41
-10.81
-11.67
-12.94
-14.53
-16.33
-18.18
-19.89
-21.32
-22.37
-23.03
-23.3
-23.23
-22.79
-21.92
-20.44
-18.04
-14.3
-8.86
-1.54
7.45
17.46
27.63
37.09
45.26
51.82
56.66
59.54
60.09
57.99
53.2
46.21
37.92
29.18
20.49
11.86
3.17
-5.45
-13.43
-20.09
-25.03
-28.39
-30.79
-32.7
-34.16
-34.65
-33.49
-30.49
-26.1
-21.24
-16.68
-12.57
-8.48
-3.8
1.67
7.52
12.85
16.82
18.95
19.29
18.15
15.78
12.23
7.32
0.94
-6.75
-15.2
-23.55
-30.93
-36.61
-40.17
-41.45
-40.49
-37.46
-32.66
-26.56
-19.82
-13.14
-7.1
-2.03
2.04
5.27
7.89
10.14
12.14
13.98
15.67
17.04
17.74
17.26
15.15
11.24
5.88
-0.16
-5.92
-10.52
-13.38
-14.32
-13.37
-10.71
-6.4
-0.47
7.16
16.46
27.1
38.37
49.16
58.11
63.94
65.74
63.15
56.52
46.65
34.6
21.46
8.26
-4.04
-14.66
-22.98
-28.74
-32.06
-33.36
-33.31
-32.55
-31.59
-30.67
-29.8
-28.75
-27.13
-24.54
-20.61
-15.17
-8.49
-1.26
5.42
10.35
12.64
11.97
8.75
3.93
-1.24
-5.63
-8.42
-9.28
-8.45
-6.59
-4.58
-3.27
-3.14
-4.17
-5.91
-7.66
-8.86
-9.2
-8.7
-7.47
-5.55
-2.89
0.55
4.39
7.92
10.14
10.21
7.88
3.58
-1.7
-6.81
-10.87
-13.55
-14.93
-15.31
-14.95
-13.91
-12.19
-9.81
-6.93
-3.72
-0.14
4.14
9.64
16.7
25.09
33.74
40.93
44.86
44.32
39.2
30.53
20.07
9.75
1.08
-5.11
-8.64
-9.76
-8.99
-6.93
-4.26
-1.64
0.32
1.18
0.76
-0.83
-3.26
-6.1
-8.93
-11.39
-13.25
-14.41
-14.86
-14.76
-14.36
-13.98
-13.87
-14.13
-14.6
-14.89
-14.47
-12.85
-9.75
-5.25
0.21
6.06
11.61
16.4
20.09
22.56
23.83
23.96
23.09
21.37
19.04
16.41
13.86
11.73
10.22
9.36
8.92
8.56
7.95
6.89
5.35
3.47
1.45
-0.57
-2.53
-4.44
-6.32
-8.21
-10.1
-12
-13.95
-15.97
-18.03
-20.06
-21.97
-23.7
-25.27
-26.75
-28.31
-30.01
-31.79
-33.42
-34.56
-34.92
-34.33
-32.8
-30.48
-27.52
-23.87
-19.35
-13.65
-6.6
1.55
10.05
17.76
23.49
26.4
26.34
23.9
20.14
16.35
13.74
13.26
15.5
20.52
27.7
35.71
42.76
46.99
47.28
43.54
36.82
28.74
20.87
14.2
9.05
5.35
2.93
1.74
1.65
2.35
3.09
2.79
0.36
-4.93
-13.18
-23.86
-35.86
-47.78
-58.05
-65.04
-67.27
-63.73
-54.26
-39.8
-22.36
-4.52
11.3
23.5
31.64
36.21
38.08
37.91
35.92
32.11
26.67
20.23
13.86
8.66
5.37
4.21
4.85
6.75
9.34
12.12
14.72
16.81
18.16
18.59
18.08
16.71
14.58
11.81
8.59
5.19
2
-0.56
-2.22
-3.02
-3.26
-3.46
-4.04
-5.16
-6.59
-7.87
-8.47
-8.01
-6.37
-3.73
-0.53
2.6
4.98
6.16
6.14
5.7
6.17
9.01
14.95
23.51
32.87
40.52
44.11
42.33
35.1
23.42
8.81
-6.89
-21.74
-33.72
-41.09
-42.98
-40.05
-34.5
-29.49
-27.9
-31.2
-39
-49.42
-60.01
-68.68
-74.19
-75.81
-72.96
-64.96
-51.2
-31.81
-8.13
17.26
41.14
60.6
73.98
81.16
83.21
81.72
77.98
72.68
65.92
57.66
47.99
37.45
26.81
16.81
7.95
0.34
-6.18
-11.79
-16.59
-20.44
-23.16
-24.63
-24.97
-24.54
-23.82
-23.16
-22.67
-22.23
-21.54
-20.35
-18.55
-16.25
-13.65
-10.98
-8.43
-6.08
-3.95
-2.05
-0.43
0.87
1.76
2.23
2.4
2.43
2.51
2.82
3.38
4.06
4.63
4.79
4.33
3.24
1.68
0
-1.44
-2.35
-2.65
-2.41
-1.86
-1.23
-0.69
-0.32
-0.11
-0.05
-0.1
-0.23
-0.38
-0.56
-0.73
-0.97
-1.38
-2.06
-3.04
-4.21
-5.35
-6.12
-6.26
-5.6
-4.19
-2.29
-0.25
1.6
3.04
3.94
4.32
4.27
3.91
3.4
2.94
2.71
2.8
3.18
3.72
4.28
4.78
5.29
5.96
6.92
8.12
9.38
10.42
11
11.03
10.54
9.67
8.59
7.39
6.11
4.81
3.55
2.48
1.71
1.31
1.21
1.21
0.99
0.31
-0.95
-2.66
-4.44
-5.84
-6.52
-6.46
-5.95
-5.52
-5.73
-6.86
-8.82
-11.12
-13.04
-13.87
-13.11
-10.71
-7.04
-2.96
0.4
1.91
0.83
-2.83
-8.15
-13.39
-16.62
-16.39
-12.47
-6.02
0.75
5.47
6.37
2.85
-4.56
-14.74
-26.35
-38.08
-48.64
-56.62
-60.58
-59.35
-52.49
-40.5
-24.83
-7.43
9.69
24.87
37.04
45.76
51.08
53.42
53.39
51.61
48.63
44.9
40.78
36.62
32.68
29.12
25.89
22.76
19.43
15.67
11.44
6.91
2.45
-1.5
-4.54
-6.41
-7.03
-6.56
-5.33
-3.83
-2.5
-1.66
-1.32
-1.35
-1.41
-1.27
-0.87
-0.36
-0.02
-0.12
-0.8
-1.93
-3.25
-4.35
-4.92
-4.83
-4.12
-2.97
-1.61
-0.24
1.02
2.09
2.88
3.33
3.35
2.96
2.26
1.44
0.68
0.12
-0.23
-0.46
-0.67
-0.98
-1.41
-2
-2.71
-3.47
-4.21
-4.86
-5.36
-5.72
-6.02
-6.36
-6.83
-7.4
-7.93
-8.19
-7.98
-7.26
-6.16
-5.03
-4.19
-3.94
-4.34
-5.3
-6.6
-8.04
-9.5
-10.88
-12.08
-12.88
-13.04
-12.32
-10.65
-8.24
-5.5
-2.93
-0.95
0.22
0.62
0.46
0.07
-0.22
-0.15
0.45
1.56
2.93
4.11
4.59
4.04
2.61
1
0.29
1.57
5.34
11.28
18.25
24.73
29.32
31.28
30.65
28.06
24.43
20.47
16.6
12.93
9.49
6.38
3.89
2.42
2.3
3.7
6.56
10.67
15.83
21.81
28.35
35.02
41.16
46
48.96
49.87
49.04
47.11
44.69
42.08
39.24
35.94
31.99
27.34
22.02
16.09
9.62
2.98
-3.04
-7.21
-8.28
-5.58
0.5
8.32
15.56
20.06
20.59
17.21
11.01
3.45
-4.16
-10.89
-16.18
-19.6
-20.75
-19.4
-15.76
-10.6
-5.16
-0.69
1.94
2.55
1.51
-0.47
-2.78
-5.01
-7.04
-8.86
-10.49
-11.89
-13
-13.8
-14.36
-14.89
-15.59
-16.6
-17.91
-19.37
-20.7
-21.73
-22.5
-23.29
-24.48
-26.3
-28.72
-31.33
-33.49
-34.57
-34.14
-32.11
-28.72
-24.36
-19.49
-14.56
-9.95
-5.91
-2.53
0.28
2.75
5.04
7.16
8.87
9.81
9.65
8.26
5.77
2.56
-0.82
-3.85
-6.1
-7.32
-7.5
-6.82
-5.62
-4.36
-3.5
-3.32
-3.9
-5.04
-6.38
-7.54
-8.25
-8.41
-8.17
-7.79
-7.51
-7.47
-7.67
-8
-8.29
-8.42
-8.27
-7.81
-7.03
-6.02
-4.96
-4.06
-3.57
-3.55
-3.91
-4.43
-4.91
-5.28
-5.64
-6.13
-6.71
-7.17
-7.13
-6.38
-5
-3.53
-2.73
-3.25
-5.44
-9.14
-13.87
-19.05
-24.06
-28.37
-31.49
-33
-32.53
-29.95
-25.33
-19.03
-11.61
-3.75
3.8
10.39
15.46
18.75
20.29
20.45
19.77
18.92
18.41
18.48
19.01
19.59
19.76
19.21
18
16.52
15.29
14.69
14.77
15.2
15.43
14.93
13.38
10.73
7.21
3.14
-1.09
-5.12
-8.63
-11.4
-13.24
-14.06
-13.8
-12.48
-10.3
-7.61
-4.88
-2.56
-0.96
-0.07
0.34
0.62
1.1
1.86
2.78
3.58
3.97
3.81
3.15
2.21
1.27
0.6
0.31
0.37
0.57
0.63
0.32
-0.44
-1.5
-2.58
-3.32
-3.39
-2.64
-1.08
1.1
3.64
6.23
8.62
10.55
11.88
12.55
12.63
12.3
11.81
11.39
11.18
11.15
11.15
11.03
10.75
10.43
10.28
10.52
11.24
12.36
13.65
14.75
15.28
14.91
13.67
12.22
11.95
14.77
22.31
35.17
52.35
71.29
88.69
101.4
107.32
105.63
96.79
82.22
64.1
45.09
27.96
15.08
7.84
6.29
9.02
13.63
17.32
17.73
13.53
4.86
-6.72
-18.64
-28.16
-33.31
-33.52
-29.74
-23.94
-18.21
-14.09
-12.27
-12.78
-15.32
-19.47
-24.83
-30.79
-36.55
-41.17
-43.89
-44.42
-43.14
-40.92
-38.73
-37.22
-36.47
-36.07
-35.46
-34.25
-32.42
-30.22
-27.96
-25.86
-23.88
-21.93
-19.94
-17.98
-16.24
-14.95
-14.25
-14.28
-15.1
-16.7
-18.97
-21.63
-24.29
-26.52
-27.97
-28.47
-28.04
-26.87
-25.21
-23.31
-21.36
-19.5
-17.79
-16.25
-14.87
-13.62
-12.5
-11.54
-10.79
-10.27
-9.94
-9.71
-9.49
-9.25
-9.05
-9.02
-9.29
-9.9
-10.72
-11.58
-12.28
-12.74
-13.01
-13.24
-13.63
-14.31
-15.29
-16.49
-17.73
-18.81
-19.51
-19.72
-19.34
-18.34
-16.68
-14.26
-10.9
-6.35
-0.33
7.35
16.77
27.83
40.24
53.45
66.69
79.09
89.72
97.77
102.58
103.59
100.36
92.64
80.52
64.61
46.14
26.63
7.53
-10.15
-25.95
-39.8
-51.62
-61.15
-67.88
-71.25
-70.98
-67.14
-60.25
-51.17
-41.22
-32.06
-25.45
-22.69
-23.66
-26.43
-27.45
-22.95
-10.69
8.57
30.95
50.67
62.27
62.73
52.33
34.27
13.14
-6.82
-22.68
-33.13
-38.09
-38.31
-35.07
-30.17
-25.67
-23.25
-23.47
-25.39
-26.91
-25.84
-21.06
-13.15
-4.13
3.47
7.8
8.29
5.75
1.78
-1.82
-3.44
-1.82
3.73
13.04
24.85
36.97
46.82
52.32
52.66
48.36
40.91
32
22.92
14.31
6.26
-1.43
-8.94
-16.44
-24.1
-32.08
-40.4
-48.71
-56.21
-61.68
-63.69
-61.04
-53.14
-40.24
-23.37
-4.13
15.76
34.71
51.47
65.11
74.92
80.4
81.44
78.59
73.28
67.58
63.51
62.22
63.42
65.43
66.02
63.32
56.55
45.97
32.6
17.65
2.44
-11.54
-22.57
-29
-29.87
-25.64
-18.45
-11.55
-8.17
-10.44
-18.85
-32.51
-49.79
-68.9
-87.99
-104.9
-117.02
-121.57
-116.49
-101.47
-78.49
-51.43
-24.97
-3.09
12.04
20.21
22.63
20.98
16.66
10.55
3.19
-4.93
-13.11
-20.42
-25.92
-28.95
-29.41
-27.79
-25.03
-22.19
-20.06
-18.98
-18.81
-19.21
-19.81
-20.46
-21.18
-22.06
-23.01
-23.72
-23.68
-22.44
-19.83
-16.08
-11.74
-7.49
-3.86
-1.04
1.12
2.99
4.9
6.95
8.98
10.65
11.73
12.17
12.19
12.06
12.01
12.11
12.29
12.43
12.43
12.23
11.77
11.01
9.97
8.74
7.58
6.78
6.58
7.05
8
9.11
10.05
10.57
10.63
10.3
9.79
9.26
8.78
8.36
7.87
7.19
6.23
5
3.56
2.06
0.59
-0.76
-1.95
-2.96
-3.84
-4.65
-5.51
-6.53
-7.72
-8.99
-10.12
-10.88
-11.08
-10.57
-9.28
-7.06
-3.68
1.11
7.45
15.13
23.49
31.42
37.7
41.3
41.7
38.99
33.76
26.82
19
11.03
3.45
-3.31
-9
-13.63
-17.39
-20.52
-23.05
-24.73
-25.07
-23.74
-20.93
-17.42
-14.34
-12.71
-12.88
-14.45
-16.42
-17.61
-17.15
-14.64
-10.22
-4.39
2.01
8.07
12.87
15.75
16.46
15.2
12.5
8.99
5.14
1.17
-2.77
-6.54
-9.91
-12.67
-14.73
-16.27
-17.52
-18.56
-19.08
-18.46
-16.11
-11.88
-6.29
-0.37
4.84
8.7
11.28
13.06
14.6
16.12
17.44
18.13
17.84
16.59
14.69
12.71
11.19
10.49
10.71
11.79
13.49
15.53
17.7
19.83
21.84
23.65
25.15
26.15
26.38
25.57
23.55
20.37
16.32
11.88
7.57
3.83
0.93
-1.12
-2.47
-3.34
-3.96
-4.53
-5.21
-6.04
-6.91
-7.54
-7.62
-6.83
-5.05
-2.3
1.24
5.28
9.46
13.36
16.52
18.43
18.76
17.4
14.6
10.95
7.21
3.98
1.56
-0.18
-1.64
-3.23
-5.15
-7.2
-8.92
-9.81
-9.66
-8.78
-7.92
-7.96
-9.56
-12.87
-17.43
-22.34
-26.55
-29.29
-30.35
-30.17
-29.66
-29.79
-31.12
-33.35
-35.19
-34.71
-29.94
-19.72
-4.41
14.02
32.34
46.94
54.86
54.75
47.25
34.93
21.45
10.37
3.95
2.5
4.45
7.14
8
5.49
-0.52
-9.05
-18.55
-27.45
-34.37
-38.17
-38.03
-33.63
-25.35
-14.3
-2.03
9.78
19.8
27.22
31.79
33.8
33.87
32.76
31.25
29.9
28.92
28.26
27.74
27.31
27.11
27.37
28.17
29.24
30.02
29.85
28.3
25.32
21.31
16.99
13.2
10.61
9.53
9.79
10.84
12.02
12.82
13.06
12.92
12.7
12.72
13.2
14.22
15.84
18.14
21.1
24.63
28.46
32.17
35.35
37.62
38.71
38.41
36.54
33
27.85
21.42
14.25
6.97
0.13
-5.92
-11.03
-15.15
-18.19
-19.98
-20.37
-19.43
-17.58
-15.63
-14.56
-15.2
-17.91
-22.35
-27.56
-32.22
-35.02
-34.85
-31.04
-23.35
-12.19
1.28
15.08
26.77
34.05
35.56
31.38
23.07
13.09
3.99
-2.38
-5.24
-4.77
-1.8
2.55
7.32
11.71
15.2
17.45
18.21
17.32
14.71
10.59
5.48
0.16
-4.61
-8.33
-11.12
-13.5
-16.09
-19.2
-22.59
-25.67
-28
-29.68
-31.35
-33.85
-37.66
-42.57
-47.71
-51.97
-54.51
-55.09
-53.94
-51.43
-47.75
-42.85
-36.68
-29.59
-22.35
-16.11
-11.88
-10.02
-10.12
-11.1
-11.76
-11.25
-9.43
-6.75
-3.99
-1.72
-0.04
1.4
3.09
5.35
8.06
10.75
12.85
13.88
13.73
12.63
10.96
9.06
7.13
5.15
3.05
0.78
-1.55
-3.59
-4.9
-5.08
-4.01
-1.9
0.7
3.14
4.83
5.43
4.94
3.58
1.7
-0.31
-2.08
-3.38
-4.05
-4.11
-3.7
-3.03
-2.34
-1.78
-1.44
-1.33
-1.46
-1.85
-2.5
-3.4
-4.42
-5.42
-6.2
-6.63
-6.63
-6.26
-5.59
-4.77
-3.93
-3.16
-2.48
-1.86
-1.26
-0.64
0.03
0.75
1.48
2.15
2.66
2.86
2.63
1.95
0.96
-0.1
-0.89
-1.18
-0.89
-0.12
0.9
1.94
2.88
3.69
4.45
5.13
5.68
5.99
5.98
5.7
5.3
4.99
4.96
5.3
5.96
6.79
7.6
8.21
8.49
8.44
8.2
7.97
8.04
8.63
9.81
11.41
13.02
14.11
14.16
12.93
10.46
7.01
2.99
-1.23
-5.35
-9.15
-12.44
-14.96
-16.46
-16.8
-16.07
-14.57
-12.73
-10.99
-9.64
-8.72
-8.02
-7.19
-5.8
-3.52
-0.18
4.11
8.95
13.7
17.56
19.75
19.82
17.76
14.05
9.57
5.24
1.79
-0.49
-1.72
-2.32
-2.69
-3.09
-3.49
-3.72
-3.57
-2.96
-2.01
-0.95
-0.11
0.26
0.06
-0.65
-1.61
-2.51
-3.09
-3.2
-2.91
-2.43
-1.97
-1.72
-1.68
-1.75
-1.85
-1.97
-2.18
-2.62
-3.38
-4.43
-5.61
-6.71
-7.56
-8.03
-8.08
-7.7
-6.92
-5.81
-4.49
-3.16
-2.03
-1.24
-0.78
-0.55
-0.35
-0
0.54
1.29
2.13
2.97
3.71
4.29
4.61
4.54
3.95
2.81
1.27
-0.33
-1.59
-2.18
-2.03
-1.41
-0.94
-1.18
-2.42
-4.46
-6.68
-8.35
-8.95
-8.49
-7.39
-6.3
-5.74
-5.94
-6.78
-7.91
-8.93
-9.4
-8.98
-7.41
-4.67
-1.02
2.88
6.15
7.98
7.9
6.08
3.31
0.8
-0.28
0.75
3.75
7.88
11.96
14.99
16.51
16.63
15.91
15.02
14.41
14.31
14.66
15.31
15.97
16.27
15.78
14.11
11.01
6.55
1.18
-4.43
-9.52
-13.45
-15.83
-16.51
-15.57
-13.33
-10.3
-7.14
-4.5
-2.88
-2.39
-2.69
-3.18
-3.28
-2.72
-1.7
-0.73
-0.3
-0.65
-1.59
-2.6
-3.18
-3.06
-2.32
-1.33
-0.59
-0.56
-1.54
-3.57
-6.42
-9.62
-12.54
-14.61
-15.51
-15.3
-14.34
-13.16
-12.23
-11.95
-12.65
-14.62
-18.01
-22.66
-27.79
-32.01
-33.68
-31.52
-25.19
-15.48
-4.02
7.26
16.57
22.63
24.71
22.72
17.41
10.5
4.59
2.51
6.33
16.25
30.12
43.91
53.08
54.33
46.92
32.94
16.52
2.32
-6.03
-7.06
-1.67
7.42
16.75
23.12
24.45
20.22
11.57
0.93
-8.67
-14.52
-15.07
-10.39
-2.11
7.17
14.73
18.49
17.66
12.8
5.72
-1.05
-4.93
-4.05
2.06
12.27
24.04
34.33
40.63
41.81
38.39
32.13
25.19
19.39
15.81
14.84
16.43
20.2
25.42
30.79
34.63
35.31
31.88
24.59
14.82
4.51
-4.65
-11.89
-17.55
-22.55
-27.76
-33.33
-38.64
-42.65
-44.52
-44.09
-41.93
-39.15
-36.94
-36.18
-37.3
-40.12
-43.94
-47.55
-49.43
-48.15
-42.85
-33.67
-21.8
-9.09
2.64
12.2
19.23
23.98
26.8
27.84
27.04
24.44
20.43
15.87
11.74
8.8
7.25
6.75
6.65
6.41
5.98
5.78
6.42
8.28
11.12
13.97
15.55
14.81
11.38
5.63
-1.72
-10.03
-18.92
-28.14
-37.01
-44.14
-47.56
-45.31
-36.43
-21.55
-2.92
16.22
32.65
44.26
50.52
52.43
52.02
51.38
51.93
53.9
56.21
56.79
53.25
43.66
27.32
5.26
-19.67
-43.46
-61.88
-71.75
-71.82
-63
-47.94
-30.17
-13.12
0.52
9.19
12.48
10.92
5.81
-1.15
-8.19
-13.78
-17.07
-17.95
-17.04
-15.4
-14.21
-14.3
-15.87
-18.47
-21.22
-23.34
-24.48
-24.81
-24.79
-24.81
-24.91
-24.82
-24.08
-22.33
-19.36
-15.06
-9.41
-2.51
5.17
12.72
18.92
22.7
23.59
21.94
18.76
15.07
11.52
8.21
4.93
1.56
-1.68
-4.35
-6.04
-6.62
-6.32
-5.39
-3.9
-1.61
1.83
6.37
11.24
14.97
15.76
12.19
3.91
-8.13
-21.93
-35.16
-45.89
-53.02
-56.15
-55.25
-50.23
-40.96
-27.71
-11.54
5.59
21.29
33.41
40.72
43.14
41.46
36.94
30.8
24.14
17.88
12.83
9.59
8.31
8.65
9.87
11.01
11.27
10.18
7.73
4.25
0.35
-3.4
-6.57
-8.97
-10.75
-12.22
-13.69
-15.34
-17.14
-18.83
-20.01
-20.35
-19.62
-17.81
-15.1
-11.9
-8.66
-5.84
-3.71
-2.37
-1.63
-1.2
-0.62
0.55
2.62
5.84
10.23
15.67
21.89
28.45
34.85
40.55
45.14
48.34
49.99
49.9
47.82
43.51
36.93
28.55
19.55
11.58
6.31
4.72
6.68
11.14
16.6
21.72
25.52
27.32
26.47
22.35
14.64
3.76
-8.89
-21.13
-30.69
-35.83
-35.84
-31.04
-22.52
-11.75
-0.24
10.55
19.56
26.19
30.48
32.87
33.78
33.29
31.1
26.82
20.47
12.72
4.84
-1.81
-6.34
-8.64
-9.4
-9.56
-9.84
-10.46
-11.19
-11.61
-11.44
-10.72
-9.68
-8.67
-8.01
-7.9
-8.45
-9.61
-11.25
-13.07
-14.74
-15.95
-16.56
-16.61
-16.27
-15.75
-15.07
-14.19
-13.08
-11.86
-10.94
-10.9
-12.28
-15.37
-20.15
-26.28
-33.27
-40.47
-47.08
-52.08
-54.35
-52.94
-47.5
-38.54
-27.37
-15.62
-4.79
4.22
11.09
15.86
18.58
19.15
17.52
14.03
9.61
5.65
3.51
3.98
6.92
11.41
16.11
19.82
21.89
22.23
21.22
19.46
17.61
16.34
16.34
18.15
21.97
27.45
33.65
39.2
42.76
43.33
40.66
35.24
28.15
20.68
13.92
8.46
4.29
0.94
-2.34
-6.3
-11.48
-18.02
-25.56
-33.36
-40.39
-45.68
-48.55
-48.79
-46.58
-42.35
-36.54
-29.42
-21.12
-11.8
-1.7
8.73
18.85
27.86
34.83
38.72
38.7
34.48
26.71
17.06
7.87
1.39
-0.99
0.7
5.07
10.01
13.54
14.56
13.09
9.92
6.16
2.75
0.26
-1.13
-1.43
-0.86
0.21
1.25
1.83
2
2.52
4.59
9.21
16.5
25.32
33.58
39.11
40.48
37.44
30.79
21.72
11.39
0.69
-9.63
-18.71
-25.7
-30
-31.58
-31.06
-29.4
-27.52
-25.87
-24.43
-22.73
-20.23
-16.64
-12.05
-6.87
-1.67
3.12
7.3
10.9
14.13
17.19
20.09
22.63
24.44
25.09
24.41
22.57
20.22
18.34
17.9
19.4
22.5
26.05
28.4
28.04
24.13
16.7
6.61
-4.82
-16.24
-26.52
-34.83
-40.56
-43.34
-42.9
-39.39
-33.37
-25.91
-18.44
-12.4
-8.8
-7.85
-8.85
-10.56
-11.8
-11.99
-11.41
-10.91
-11.29
-12.85
-15.12
-17.25
-18.51
-18.64
-17.94
-16.92
-15.99
-15.2
-14.25
-12.84
-10.78
-8.14
-5.17
-2.18
0.62
3.01
4.89
6.16
6.87
7.12
7.09
6.93
6.65
6.07
4.87
2.74
-0.55
-4.97
-10.3
-16.07
-21.68
-26.47
-29.81
-31.33
-30.98
-29.11
-26.37
-23.51
-21.16
-19.69
-19.06
-18.93
-18.88
-18.51
-17.58
-15.93
-13.47
-10.06
-5.64
-0.39
5.11
9.89
12.94
13.57
12.01
9.41
7.59
8.27
12.34
19.36
27.64
34.82
38.76
38.26
33.45
25.67
16.93
9.38
4.78
4.26
8.06
15.52
25.15
34.88
42.61
46.92
47.48
45.2
41.68
38.44
36.28
35.04
33.95
32.25
29.51
25.73
21
15.26
8.28
-0.05
-9.38
-18.79
-26.96
-32.66
-35.16
-34.52
-31.41
-26.94
-22.27
-18.26
-15.35
-13.44
-12.09
-10.8
-9.27
-7.54
-5.98
-5.01
-4.72
-4.82
-4.68
-3.66
-1.51
1.59
5.08
8.32
10.78
12.07
11.95
10.22
6.78
1.7
-4.69
-11.83
-18.97
-25.34
-30.24
-33.09
-33.49
-31.15
-25.98
-18.11
-7.99
3.71
16.09
28.15
38.83
47.18
52.54
54.59
53.51
49.85
44.43
38.17
31.89
26.17
21.34
17.49
14.59
12.5
11.01
9.74
8.33
6.61
4.85
3.79
4.29
6.93
11.6
17.43
23.09
27.36
29.59
29.76
28.24
25.29
20.87
14.74
6.86
-2.37
-12
-20.9
-28.1
-33.07
-35.78
-36.61
-36.11
-34.99
-33.9
-33.38
-33.75
-35.01
-36.8
-38.61
-39.94
-40.57
-40.64
-40.48
-40.39
-40.48
-40.54
-40.2
-39
-36.58
-32.76
-27.58
-21.23
-14.07
-6.6
0.56
6.7
11.15
13.4
13.32
11.27
8.06
4.71
2.22
1.27
2.11
4.53
8.01
11.91
15.6
18.56
20.34
20.62
19.25
16.3
12.1
7.19
2.16
-2.43
-6.19
-8.94
-10.6
-11.19
-10.71
-9.17
-6.6
-3.16
0.82
4.93
8.72
11.81
13.9
14.82
14.47
12.86
10.17
6.76
3.15
-0.05
-2.27
-3.21
-2.82
-1.29
1.09
4.09
7.66
11.8
16.49
21.59
26.8
31.76
36.19
39.94
43.03
45.53
47.52
49.07
50.2
51
51.51
51.72
51.6
51.11
50.34
49.53
49.13
49.56
51.1
53.69
56.99
60.48
63.66
66.12
67.56
67.79
66.59
63.84
59.4
53.27
45.48
36.13
25.42
13.75
1.81
-9.24
-17.95
-22.98
-23.63
-20.36
-14.83
-9.4
-6.28
-6.68
-10.42
-16.08
-21.73
-25.7
-27.1
-26.01
-23.11
-19.28
-15.3
-11.69
-8.84
-7.11
-7.02
-9.1
-13.82
-21.17
-30.52
-40.58
-49.65
-56.11
-58.85
-57.58
-52.87
-45.93
-38.13
-30.71
-24.49
-19.8
-16.65
-14.91
-14.52
-15.58
-18.31
-22.79
-28.8
-35.74
-42.71
-48.7
-52.77
-54.09
-51.99
-46.03
-36.33
-23.85
-10.44
1.51
9.81
13.34
12.51
9.17
5.81
4.5
6.08
9.96
14.55
18.11
19.46
18.3
15.13
10.8
6.14
1.68
-2.39
-6.17
-9.82
-13.5
-17.22
-20.78
-23.83
-25.92
-26.67
-25.87
-23.57
-20.03
-15.72
-11.25
-7.32
-4.63
-3.72
-4.72
-7.28
-10.57
-13.45
-14.86
-14.07
-10.95
-5.9
0.28
6.65
12.4
17
20.13
21.59
21.11
18.26
12.69
4.55
-5.26
-15.05
-22.68
-26.23
-24.63
-17.96
-7.38
5.09
17.2
26.94
33.07
35.41
34.81
32.81
30.99
30.43
31.24
32.77
34.04
34.38
33.57
31.62
28.45
23.5
15.95
5.14
-8.71
-24.24
-39.13
-50.84
-57.57
-58.89
-55.88
-50.72
-45.82
-42.96
-42.85
-45.07
-48.39
-51.44
-53.04
-52.47
-49.43
-43.91
-36.04
-26.22
-15.11
-3.7
6.74
14.91
19.78
20.86
18.28
12.79
5.44
-2.58
-10.22
-16.66
-21.44
-24.47
-25.97
-26.38
-26.15
-25.58
-24.7
-23.24
-20.86
-17.33
-12.76
-7.52
-2.2
2.78
7.32
11.71
16.47
21.97
28.13
34.18
38.81
40.55
38.48
32.55
23.77
13.85
4.62
-2.57
-7.14
-9.3
-9.84
-9.64
-9.65
-10.74
-13.46
-17.61
-21.97
-24.42
-22.79
-16.19
-5.93
4.48
10.61
9.08
-0.82
-16.81
-34.65
-50.07
-60.26
-64.32
-62.74
-56.42
-46.07
-32.37
-16.47
-0.16
14.31
24.91
30.71
32.11
30.56
27.99
25.94
25.09
25.32
25.94
25.97
24.68
21.74
17.29
11.96
6.54
1.7
-2.12
-4.94
-7.08
-8.98
-10.97
-13.04
-14.82
-15.77
-15.37
-13.42
-10.2
-6.3
-2.42
0.88
3.37
5.21
6.64
7.92
9.07
9.92
10.18
9.69
8.47
6.78
5.05
3.65
2.73
2.16
1.52
0.28
-2.05
-5.71
-10.53
-15.95
-21.18
-25.38
-27.81
-27.98
-25.69
-21.01
-14.27
-6.14
2.43
10.36
16.59
20.48
21.92
21.43
19.93
18.41
17.58
17.63
18.34
19.15
19.53
19.03
17.49
15.06
12.23
9.62
7.84
7.16
7.24
7.12
5.59
1.7
-4.63
-12.49
-20.29
-26.4
-29.75
-30.2
-28.24
-24.64
-19.95
-14.34
-7.77
-0.16
8.36
17.36
26.11
33.7
39.01
40.99
38.95
32.91
24
14.3
6.35
2.33
3.12
7.81
14.07
19.16
21.06
19.25
14.65
8.85
3.23
-1.54
-5.43
-8.48
-10.31
-10.18
-7.43
-2.11
4.75
11.44
16.21
18.05
16.96
13.82
9.84
5.97
2.58
-0.6
-4.14
-8.44
-13.4
-18.44
-22.75
-25.71
-27.13
-27.24
-26.58
-25.71
-25.14
-25.22
-26.17
-27.89
-30
-31.82
-32.56
-31.65
-28.91
-24.61
-19.29
-13.56
-7.93
-2.81
1.51
4.89
7.48
9.73
12.34
15.92
20.71
26.34
31.97
36.59
39.45
40.25
39.15
36.54
32.83
28.32
23.23
17.72
12.05
6.44
1.11
-3.7
-7.86
-11.15
-13.4
-14.51
-14.54
-13.71
-12.38
-10.93
-9.64
-8.7
-8.13
-7.95
-8.14
-8.62
-9.28
-9.98
-10.58
-11
-11.28
-11.47
-11.58
-11.55
-11.27
-10.61
-9.6
-8.39
-7.18
-6.21
-5.56
-5.23
-5.09
-5.01
-4.82
-4.37
-3.56
-2.45
-1.42
-1
-1.81
-4.13
-7.7
-11.69
-15.01
-16.67
-16.18
-13.7
-9.82
-5.29
-0.7
3.62
7.58
11.2
14.46
17.36
19.8
21.7
22.98
23.57
23.44
22.66
21.33
19.59
17.56
15.28
12.79
10.25
7.9
6.01
4.81
4.29
4.26
4.44
4.58
4.59
4.53
4.45
4.35
4.12
3.64
2.88
1.97
1.1
0.45
0.08
-0.16
-0.43
-0.84
-1.35
-1.82
-2.15
-2.39
-2.73
-3.41
-4.6
-6.22
-7.96
-9.4
-10.22
-10.31
-9.8
-9.04
-8.31
-7.83
-7.58
-7.46
-7.27
-6.88
-6.29
-5.63
-5.17
-5.2
-5.98
-7.56
-9.81
-12.35
-14.63
-16.11
-16.43
-15.58
-14
-12.52
-12.04
-13.19
-15.95
-19.49
-22.42
-23.2
-20.71
-14.73
-6.04
3.79
12.95
19.94
24.08
25.63
25.62
25.36
25.77
27.13
28.9
30.17
30.04
28.07
24.45
19.83
15.09
11.11
8.57
7.85
9.02
11.67
15.05
18.11
19.84
19.59
17.18
13.02
7.86
2.56
-2.07
-5.32
-6.64
-5.67
-2.44
2.49
8.14
13.22
16.68
18.05
17.62
16.29
15.09
14.72
15.41
16.86
18.57
20.02
20.72
20.27
18.41
15.15
10.9
6.39
2.56
0.19
-0.36
0.75
2.92
5.41
7.56
8.95
9.42
8.95
7.61
5.47
2.69
-0.51
-3.78
-6.67
-8.91
-10.36
-11.14
-11.49
-11.6
-11.44
-10.8
-9.44
-7.24
-4.38
-1.32
1.48
3.68
5.14
5.91
6.08
5.68
4.75
3.38
1.73
0.03
-1.59
-3.09
-4.5
-5.91
-7.37
-8.86
-10.34
-11.79
-13.19
-14.57
-15.95
-17.38
-19.02
-21.07
-23.66
-26.64
-29.54
-31.68
-32.46
-31.72
-29.74
-27.15
-24.63
-22.49
-20.72
-19.17
-17.74
-16.53
-15.76
-15.5
-15.58
-15.64
-15.26
-14.33
-12.96
-11.39
-9.76
-8.09
-6.37
-4.78
-3.78
-3.79
-4.84
-6.17
-6.34
-3.72
2.82
13.35
26.82
41.4
55.05
65.99
72.84
74.67
70.98
61.91
48.45
32.52
16.63
3.29
-5.72
-9.91
-10.04
-7.73
-4.75
-2.61
-2.14
-3.65
-7.05
-12.05
-18.23
-24.87
-30.88
-34.86
-35.56
-32.24
-25.13
-15.3
-4.28
6.49
16.16
24.48
31.61
37.69
42.6
45.89
46.96
45.48
41.49
35.68
29.09
22.92
18.18
15.34
14.22
14
13.49
11.33
6.48
-1.49
-12.16
-24.11
-35.19
-43.04
-45.8
-42.62
-34.04
-21.75
-8.03
4.93
15.49
22.86
26.91
27.96
26.58
23.49
19.56
15.86
13.48
13.22
15.3
19.14
23.4
26.56
27.56
26.16
23.06
19.34
15.89
12.99
10.34
7.44
4.05
0.4
-2.95
-5.47
-6.97
-7.67
-8.05
-8.63
-9.76
-11.42
-13.44
-15.48
-17.26
-18.61
-19.47
-19.96
-20.25
-20.54
-21
-21.75
-22.82
-24.12
-25.53
-26.87
-27.97
-28.75
-29.29
-29.78
-30.54
-31.87
-33.93
-36.65
-39.68
-42.37
-43.88
-43.46
-40.6
-35.3
-28.07
-19.8
-11.51
-4.05
2.03
6.54
9.52
11.18
11.8
11.66
11.09
10.32
9.5
8.68
7.76
6.67
5.34
3.87
2.48
1.52
1.33
2.19
4.18
7.11
10.5
13.61
15.63
15.91
14.29
11.21
7.64
4.86
3.96
5.47
9.19
14.39
20.14
25.8
31.05
35.78
39.84
42.66
43.44
41.38
36.28
28.78
20.31
12.62
7.26
4.96
5.54
7.96
10.8
12.65
12.47
9.82
4.98
-0.94
-6.26
-9.39
-9.5
-7.2
-4.48
-4.02
-8.06
-17.39
-30.99
-46.46
-60.96
-72.12
-78.56
-79.94
-76.61
-69.25
-58.67
-45.77
-31.64
-17.43
-4.23
7.04
15.83
21.96
25.66
27.5
28.17
28.28
28.16
27.85
27.19
26.06
24.5
22.81
21.45
20.8
21.1
22.31
24.12
26.06
27.63
28.46
28.37
27.48
26.04
24.39
22.75
21.06
19.08
16.57
13.48
10.11
6.96
4.49
2.9
2.01
1.31
0.17
-1.98
-5.4
-9.93
-14.97
-19.55
-22.48
-22.69
-19.54
-12.97
-3.58
7.56
19.13
29.72
38.01
42.99
44.23
42.15
37.95
33.18
29.11
26.26
24.34
22.84
21.56
20.84
21.38
23.54
26.92
30.44
32.85
33.46
32.36
30.16
27.41
24.2
20.31
15.6
10.42
5.64
2.17
0.44
0.25
0.84
1.34
1.09
-0.26
-2.9
-6.88
-12.03
-17.74
-22.77
-25.69
-25.45
-21.98
-16.41
-10.61
-6.37
-4.53
-4.82
-6.16
-7.46
-8.26
-8.93
-10.33
-13.2
-17.63
-22.97
-28.02
-31.46
-32.27
-29.92
-24.48
-16.6
-7.45
1.5
8.76
13.07
13.73
10.65
4.41
-3.9
-12.86
-20.95
-26.93
-30.26
-31.35
-31.53
-32.69
-36.5
-43.73
-53.9
-65.48
-76.38
-84.67
-89.04
-88.8
-83.87
-74.65
-62.09
-47.77
-33.79
-22.25
-14.66
-11.46
-11.83
-14.18
-16.75
-18.13
-17.62
-15
-10.22
-3.23
6.09
17.58
30.49
43.48
54.86
63.03
67
66.6
62.41
55.59
47.53
39.49
32.44
26.85
22.59
19.1
15.62
11.55
6.85
2.02
-2.09
-4.76
-5.71
-5.2
-3.78
-1.95
0.02
2.19
4.65
7.34
9.89
11.75
12.38
11.56
9.49
6.72
3.91
1.6
-0.02
-1.09
-2.01
-3.15
-4.73
-6.66
-8.69
-10.39
-11.43
-11.6
-10.85
-9.34
-7.33
-5.15
-3.18
-1.77
-1.1
-1.23
-1.98
-3.08
-4.29
-5.45
-6.56
-7.66
-8.79
-9.9
-10.81
-11.39
-11.59
-11.56
-11.48
-11.5
-11.59
-11.57
-11.25
-10.56
-9.64
-8.79
-8.31
-8.39
-9
-10.02
-11.33
-12.86
-14.58
-16.44
-18.26
-19.81
-20.91
-21.53
-21.82
-22.02
-22.38
-22.91
-23.45
-23.7
-23.39
-22.49
-21.22
-19.95
-19.01
-18.53
-18.22
-17.51
-15.71
-12.37
-7.51
-1.67
4.25
9.32
12.9
14.87
15.57
15.54
15.24
14.79
14.07
12.78
10.75
8.1
5.17
2.39
0.11
-1.5
-2.54
-3.2
-3.81
-4.72
-6.4
-9.4
-14.16
-20.62
-28.01
-34.82
-39.05
-38.85
-33.05
-21.59
-5.48
13.61
33.75
53.1
69.86
82.38
89.13
89.19
82.65
70.85
56.33
42.12
30.93
24.35
22.51
24.05
26.71
28.13
26.56
21.53
13.87
5.22
-2.66
-8.66
-12.83
-16.02
-19.25
-23.01
-26.98
-30.31
-32.07
-31.65
-28.86
-23.94
-17.23
-9.14
-0.24
8.72
16.86
23.34
27.61
29.53
29.39
27.98
26.44
26.11
27.98
32.26
38.05
43.63
47.11
47.15
43.57
37.12
29.16
21.05
13.85
8.22
4.57
3.13
3.88
6.4
9.89
13.22
15.33
15.44
13.22
8.81
2.7
-4.27
-11.01
-16.28
-18.93
-18.15
-13.81
-6.58
2.13
10.51
16.81
19.87
19.43
16.14
11.16
5.73
0.75
-3.44
-6.85
-9.6
-11.72
-13.13
-13.77
-13.73
-13.17
-12.21
-10.78
-8.59
-5.44
-1.52
2.34
4.89
4.84
1.54
-4.63
-12.21
-19.13
-23.42
-23.94
-20.7
-14.74
-7.61
-0.82
4.7
8.6
11.05
12.45
13.1
13
11.7
8.41
2.33
-6.82
-18.23
-29.71
-38.05
-39.99
-33.56
-19.04
0.78
21.52
38.45
47.99
48.5
40.49
26.07
8.29
-9.64
-24.9
-35.45
-40.3
-39.59
-34.45
-26.77
-18.75
-12.42
-9.2
-9.74
-13.72
-20.1
-27.49
-34.61
-40.66
-45.42
-49.05
-51.79
-53.76
-54.87
-54.87
-53.53
-50.69
-46.38
-40.8
-34.37
-27.71
-21.48
-16.2
-12.03
-8.7
-5.65
-2.38
1.25
4.99
8.22
10.38
11.19
10.77
9.56
8.11
6.87
6.25
6.57
8.06
10.8
14.64
19.11
23.51
27.09
29.33
30.13
29.86
29.11
28.46
28.14
28.03
27.74
26.91
25.39
23.29
20.87
18.36
15.9
13.47
10.99
8.41
5.79
3.24
0.9
-1.18
-3.06
-4.8
-6.54
-8.35
-10.24
-12.2
-14.16
-16.02
-17.65
-18.94
-19.75
-20.03
-19.76
-19.01
-17.87
-16.52
-15.18
-14.12
-13.59
-13.83
-14.94
-16.9
-19.66
-23.1
-27.09
-31.36
-35.36
-38.14
-38.5
-35.45
-28.61
-18.57
-6.74
5.09
15.31
22.8
26.99
27.69
25.08
19.8
13.15
7.02
3.4
3.7
8.06
15.35
23.59
30.85
35.87
38.28
38.46
37.09
34.9
32.58
30.67
29.68
29.94
31.63
34.74
39.2
44.74
50.93
57.05
62.1
65.18
65.73
63.81
60.05
55.35
50.37
45.22
39.45
32.27
23.03
11.53
-1.78
-15.9
-29.49
-41.24
-49.97
-54.87
-55.52
-52.02
-45.13
-36.33
-27.69
-21.45
-19.36
-22
-28.41
-36.31
-42.77
-45.34
-42.79
-35.42
-24.83
-13.11
-2.11
7.05
14.01
18.86
21.75
22.72
21.72
18.85
14.44
9.18
3.9
-0.64
-3.93
-5.87
-6.7
-6.86
-6.88
-7.22
-8.12
-9.6
-11.48
-13.47
-15.21
-16.43
-16.97
-16.9
-16.61
-16.78
-18.18
-21.33
-26.08
-31.45
-35.78
-37.2
-34.4
-27.03
-15.9
-2.64
10.79
22.59
31.41
36.35
37.07
33.79
27.36
19.29
11.34
5.18
1.93
1.93
4.79
9.65
15.51
21.36
26.22
29.18
29.55
27.19
22.58
16.78
10.98
6.07
2.33
-0.46
-2.64
-4.31
-5.24
-5.08
-3.71
-1.47
1.04
3.27
5.16
7.14
9.69
12.94
16.31
18.77
19.27
17.15
12.34
5.21
-3.7
-13.8
-24.4
-34.65
-43.45
-49.74
-52.85
-52.75
-50.07
-45.87
-41.28
-37.12
-33.86
-31.6
-30.05
-28.71
-26.95
-24.22
-20.27
-15.24
-9.59
-4.01
0.88
4.75
7.57
9.66
11.51
13.63
16.37
19.8
23.72
27.73
31.42
34.42
36.54
37.7
37.93
37.35
36.13
34.44
32.42
30.09
27.24
23.55
18.72
12.66
5.69
-1.45
-7.83
-12.54
-15.13
-15.72
-14.98
-13.93
-13.63
-14.67
-16.88
-19.14
-19.6
-16.37
-8.33
4.2
19.27
33.75
44.3
48.4
45.04
34.9
20.08
3.43
-12
-23.72
-30.29
-31.68
-29.37
-25.87
-23.87
-25.29
-30.57
-38.71
-47.84
-56
-61.69
-64.09
-62.88
-58.03
-49.74
-38.53
-25.36
-11.66
1.07
11.65
19.52
24.78
27.97
29.65
30.23
29.79
28.32
25.81
22.37
18.26
13.9
9.67
5.86
2.63
-0.06
-2.29
-4.15
-5.66
-6.65
-6.73
-5.42
-2.4
2.19
7.54
12.45
15.79
17.06
16.74
16.03
16.08
17.32
19.25
20.83
21.28
20.47
18.81
16.75
14.21
10.71
5.88
0.05
-5.71
-10.05
-12.21
-12.49
-11.96
-11.72
-12.07
-12.29
-11.05
-7.28
-0.73
7.88
17.27
26.11
33.43
38.89
42.81
46.02
49.47
53.74
58.66
63.18
65.83
65.24
60.74
52.53
41.42
28.47
14.82
1.75
-9.1
-15.83
-16.97
-12.46
-4.22
3.92
7.43
2.81
-10.93
-31.83
-55.45
-76.44
-90.1
-93.61
-86.75
-71.59
-51.79
-31.53
-14.42
-2.9
1.99
0.52
-6.08
-15.96
-26.92
-36.6
-42.88
-44.28
-40.33
-31.84
-20.52
-8.4
2.91
12.66
20.9
27.96
33.75
37.48
37.87
33.84
25.2
13.23
0.37
-10.49
-16.99
-18.14
-14.53
-8.03
-0.96
4.65
7.72
8.14
6.59
4.09
1.66
0.15
0.15
1.99
5.68
10.87
16.86
22.67
27.26
29.64
29.16
25.57
19.13
10.69
1.45
-7.23
-14.29
-19.22
-22.19
-23.78
-24.66
-25.24
-25.56
-25.49
-24.87
-23.84
-22.78
-22.21
-22.59
-24.12
-26.68
-29.84
-32.93
-35.19
-35.99
-34.96
-32.09
-27.73
-22.5
-17.09
-12.13
-7.96
-4.66
-2.11
-0.09
1.55
2.83
3.65
3.81
3.14
1.64
-0.48
-2.74
-4.48
-4.98
-3.69
-0.39
4.7
10.92
17.37
23.19
27.72
30.71
32.23
32.6
32.25
31.54
30.74
29.97
29.22
28.39
27.3
25.73
23.52
20.66
17.33
13.93
10.95
8.85
7.86
7.91
8.62
9.43
9.79
9.35
8.05
6.05
3.58
0.84
-2.06
-5.07
-8.16
-11.3
-14.45
-17.52
-20.36
-22.73
-24.32
-24.84
-24.23
-22.8
-21.27
-20.47
-20.94
-22.59
-24.53
-25.34
-23.59
-18.4
-9.75
1.56
14.21
26.88
38.5
48.33
55.85
60.57
62.23
60.85
57.12
52.19
47.36
43.51
40.72
38.29
35.08
30.12
23.02
14.17
4.46
-5.15
-14.06
-22
-28.99
-34.98
-39.67
-42.5
-42.87
-40.46
-35.4
-28.48
-20.94
-14.21
-9.53
-7.59
-8.41
-11.46
-15.93
-21.1
-26.49
-31.78
-36.64
-40.55
-42.82
-42.77
-40.04
-34.8
-27.63
-19.31
-10.5
-1.7
6.78
14.7
21.71
27.49
31.7
34.14
34.83
33.92
31.73
28.65
25.08
21.27
17.32
13.2
8.87
4.39
-0.06
-4.29
-8.28
-12.14
-16.15
-20.42
-24.79
-28.7
-31.42
-32.27
-30.97
-27.75
-23.3
-18.62
-14.7
-12.26
-11.46
-11.8
-12.02
-10.49
-5.68
3.12
15.28
28.94
41.48
50.34
53.85
51.56
44.33
33.97
22.84
13.11
6.09
1.85
-0.95
-4.55
-11.24
-22.33
-37.53
-54.81
-71.02
-82.68
-86.86
-81.75
-67.12
-44.39
-16.57
12.36
38.3
58.05
70.02
74.27
72.08
65.34
55.93
45.49
35.42
26.84
20.53
16.73
14.99
14.33
13.62
12.01
9.19
5.39
1.23
-2.59
-5.57
-7.59
-8.84
-9.71
-10.47
-11.29
-12.18
-13.13
-14.19
-15.46
-17.12
-19.29
-21.93
-24.76
-27.19
-28.48
-27.91
-25.05
-19.91
-13.12
-5.68
1.33
7.1
11.38
14.43
16.78
18.85
20.73
22.11
22.55
21.8
20.02
17.86
16.18
15.73
16.72
18.71
20.75
21.8
21.12
18.55
14.6
10.47
7.82
8.38
13.4
22.95
35.53
48.16
57.09
58.97
52.16
37.42
17.83
-2.25
-18.5
-28.1
-30.31
-26.49
-19.36
-11.98
-6.74
-4.81
-6.03
-9.33
-13.34
-16.85
-19.1
-19.71
-18.66
-16.23
-12.84
-9.05
-5.49
-2.78
-1.39
-1.58
-3.2
-5.68
-8.31
-10.53
-12.3
-14.13
-16.59
-19.69
-22.45
-23.23
-20.79
-15.45
-9.45
-6.2
-8.55
-17.23
-30.47
-44.86
-57.03
-64.87
-67.86
-66.41
-61.02
-52.01
-39.9
-26.02
-12.63
-2.34
2.94
2.81
-1.65
-8.44
-15.58
-21.6
-25.61
-27.1
-25.71
-21.23
-13.68
-3.53
8.37
20.93
33.07
43.9
52.73
59.04
62.49
62.9
60.37
55.29
48.19
39.61
30.1
20.2
10.58
2.18
-4.01
-7.04
-6.42
-2.3
4.47
12.56
20.46
26.88
30.99
32.48
31.44
28.32
23.71
18.28
12.74
7.7
3.67
0.95
-0.44
-0.69
-0.19
0.62
1.37
1.88
2.1
2.1
1.87
1.27
-0.01
-2.33
-6.01
-11.09
-17.29
-24.04
-30.6
-36.22
-40.25
-42.23
-41.99
-39.63
-35.55
-30.41
-24.93
-19.83
-15.6
-12.47
-10.4
-9.19
-8.56
-8.24
-7.98
-7.54
-6.72
-5.41
-3.6
-1.46
0.72
2.7
4.31
5.57
6.57
7.45
8.32
9.27
10.39
11.74
13.38
15.26
17.29
19.28
21.09
22.68
24.1
25.53
27.15
28.97
30.84
32.45
33.42
33.49
32.6
30.96
29
27.2
25.89
25.15
24.85
24.8
24.9
25.25
26.18
28.13
31.49
36.44
42.8
49.95
56.89
62.34
65.09
64.37
60.24
53.65
46.23
39.72
35.33
33.36
33.09
33.24
32.46
29.86
25.26
19.19
12.51
6.03
0.21
-4.97
-9.9
-15.14
-21.16
-28.11
-35.7
-43.36
-50.43
-56.47
-61.34
-65.24
-68.41
-70.98
-72.75
-73.28
-72.03
-68.76
-63.63
-57.32
-50.71
-44.72
-39.92
-36.39
-33.61
-30.44
-25.61
-18.11
-7.82
4.18
15.8
24.55
28.47
26.79
20.16
10.32
-0.64
-10.95
-19.49
-25.78
-29.86
-31.95
-32.36
-31.46
-29.65
-27.28
-24.49
-21.21
-17.04
-11.59
-4.72
3.08
10.49
15.63
16.51
11.91
2.04
-11.15
-24.43
-34.29
-38.09
-35.07
-26.56
-15.53
-5.44
0.96
2.44
-0.38
-5.64
-11.13
-15.12
-16.8
-16.22
-13.83
-10.04
-5.02
1.29
8.82
17.09
25.13
31.72
35.65
36.11
32.96
26.84
19.21
11.97
6.85
4.77
5.38
7.09
7.72
5.44
-0.33
-8.52
-16.81
-22.41
-23.08
-17.92
-7.48
6.4
21.15
34.09
43.09
46.93
45.65
40.34
32.76
24.83
18.08
13.28
10.51
9.27
8.81
8.51
8
7.13
5.87
4.16
1.81
-1.3
-5.16
-9.48
-13.73
-17.31
-19.86
-21.42
-22.55
-24.01
-26.36
-29.66
-33.45
-37
-39.81
-41.92
-43.95
-46.73
-50.68
-55.34
-59.39
-61.01
-58.78
-52.38
-42.97
-32.84
-24.61
-20.23
-20.29
-23.88
-29
-33.17
-34.18
-30.53
-21.63
-7.89
9.23
27.3
43.19
53.78
56.79
51.81
40.63
26.72
14.06
5.5
1.86
1.79
2.74
2.4
-0.22
-4.59
-9.32
-13.07
-15.17
-15.55
-14.28
-11.04
-5.13
3.93
15.82
29.07
41.41
50.63
55.41
55.71
52.55
47.5
41.93
36.67
31.94
27.52
22.97
17.99
12.67
7.43
2.99
0.03
-1.13
-0.69
0.64
1.84
2.03
0.75
-1.97
-5.65
-9.68
-13.66
-17.53
-21.51
-25.95
-31.18
-37.4
-44.71
-53.08
-62.3
-71.72
-80.16
-85.88
-86.87
-81.41
-68.64
-49.02
-24.29
2.82
29.22
52.06
69.03
78.51
79.53
72.08
57.25
37.41
15.96
-3.39
-17.6
-25.22
-26.73
-24.26
-20.65
-18.47
-19.39
-23.79
-30.88
-39.02
-46.21
-50.54
-50.66
-46.1
-37.36
-25.73
-12.79
-0.08
11.23
20.47
27.44
32.35
35.79
38.42
40.82
43.37
45.92
48
48.84
47.68
44.1
38.25
30.81
22.86
15.45
9.24
4.31
0.3
-3.35
-6.99
-10.54
-13.59
-15.59
-16.23
-15.55
-13.96
-11.95
-9.94
-8.18
-6.75
-5.77
-5.34
-5.59
-6.58
-8.17
-10.11
-12.04
-13.68
-14.84
-15.51
-15.73
-15.54
-15.01
-14.09
-12.68
-10.61
-7.79
-4.22
-0.11
4.12
8.02
11.22
13.63
15.39
16.77
17.92
18.78
19.14
18.78
17.73
16.37
15.37
15.43
17.05
20.32
24.93
30.3
35.72
40.5
44.05
45.97
46.1
44.45
41.25
36.82
31.48
25.57
19.51
13.75
8.74
4.77
1.87
-0.11
-1.43
-2.26
-2.65
-2.61
-2.27
-1.99
-2.24
-3.35
-5.31
-7.72
-9.98
-11.53
-12.13
-11.84
-10.89
-9.51
-7.89
-6.18
-4.58
-3.27
-2.31
-1.61
-0.98
-0.24
0.63
1.59
2.54
3.53
4.66
6.06
7.73
9.53
11.25
12.75
14.04
15.13
15.98
16.44
16.28
15.46
14.23
13.2
13.03
14.21
16.73
19.98
22.94
24.54
23.99
21.17
16.59
11.2
6.01
1.74
-1.36
-3.52
-5.15
-6.61
-8.04
-9.25
-9.95
-9.94
-9.23
-8.08
-6.9
-6.03
-5.51
-5.12
-4.5
-3.35
-1.74
-0.01
1.36
2.04
1.99
1.45
0.81
0.33
0.1
-0.02
-0.22
-0.68
-1.47
-2.53
-3.75
-5.01
-6.2
-7.3
-8.34
-9.4
-10.6
-11.96
-13.45
-15.04
-16.75
-18.64
-20.71
-22.82
-24.64
-25.81
-26.14
-25.68
-24.77
-23.82
-23.06
-22.47
-21.83
-20.9
-19.58
-17.96
-16.22
-14.49
-12.82
-11.21
-9.72
-8.46
-7.59
-7.16
-7.08
-7.06
-6.8
-6.04
-4.76
-3.13
-1.48
-0.14
0.7
1.08
1.27
1.67
2.67
4.43
6.75
9.07
10.55
10.36
8.02
3.63
-2.07
-7.79
-12.17
-14.21
-13.77
-11.77
-9.95
-10.22
-13.9
-21.1
-30.61
-40.31
-47.89
-51.59
-50.67
-45.5
-37.24
-27.4
-17.47
-8.64
-1.75
2.77
4.9
5
3.69
1.79
0.01
-1.09
-1.23
-0.38
1.39
4.18
8.26
14.05
21.91
31.8
43.13
54.85
65.64
74.33
80.11
82.65
82.14
79.12
74.28
68.33
61.8
54.94
47.78
40.26
32.39
24.48
17.09
10.9
6.48
4.14
3.77
4.9
6.81
8.81
10.32
11.02
10.82
9.76
7.95
5.46
2.35
-1.34
-5.56
-10.23
-15.22
-20.38
-25.48
-30.25
-34.38
-37.64
-39.94
-41.28
-41.75
-41.37
-39.98
-37.33
-33.2
-27.66
-21.17
-14.44
-8.27
-3.26
0.4
2.95
4.99
7.23
10.18
14.05
18.57
23.13
26.87
29.04
29.12
27.09
23.36
18.71
14.09
10.33
7.99
6.96
6.41
5.02
1.53
-4.59
-12.66
-20.94
-27.25
-29.75
-27.74
-21.74
-13.19
-3.83
4.82
11.65
15.95
17.36
15.98
12.45
7.92
3.77
1.11
0.37
1.24
2.99
4.91
6.67
8.38
10.37
12.88
15.87
19.07
22.13
24.82
27.08
28.96
30.54
31.89
33.13
34.47
36.19
38.43
40.9
42.83
43.25
41.54
37.98
33.88
31.13
31.35
35.04
41.13
47.45
51.55
51.69
47.39
39.37
29.11
18.3
8.44
0.81
-3.73
-4.79
-2.85
0.45
2.41
-0.09
-9.39
-25.98
-47.91
-71.29
-91.68
-105.54
-111.3
-109.33
-100.99
-87.63
-70.11
-49.1
-25.92
-2.99
16.34
28.76
32.08
25.99
12
-7.14
-28.25
-48.36
-65.01
-76.43
-81.51
-79.9
-72
-58.95
-42.4
-24.26
-6.5
9.18
21.57
30.04
34.54
35.37
32.88
27.4
19.19
8.74
-3.1
-14.9
-24.91
-31.34
-32.9
-29.25
-21.09
-10.01
1.96
12.88
21.35
26.68
28.84
28.19
25.3
20.83
15.44
9.84
4.72
0.62
-2.25
-4.04
-5.22
-6.31
-7.61
-9.07
-10.39
-11.19
-11.25
-10.67
-9.72
-8.79
-8.15
-7.86
-7.78
-7.7
-7.38
-6.69
-5.57
-4.04
-2.22
-0.27
1.63
3.29
4.61
5.52
6
6.02
5.61
4.83
3.72
2.28
0.37
-2.23
-5.74
-10.15
-15.12
-19.92
-23.65
-25.53
-25.14
-22.6
-18.43
-13.45
-8.47
-4.16
-0.91
1.08
1.79
1.37
0
-2.07
-4.56
-7.14
-9.46
-11.2
-12.24
-12.69
-12.86
-13.16
-13.89
-14.94
-15.75
-15.38
-12.81
-7.45
0.55
10.18
19.8
27.75
32.85
34.81
34.24
32.25
29.86
27.63
25.5
23.03
19.74
15.49
10.5
5.29
0.37
-3.91
-7.38
-9.87
-11.17
-10.91
-8.86
-5.18
-0.49
4.27
8.2
10.81
12.26
13.11
13.98
15.19
16.54
17.6
17.96
17.54
16.59
15.48
14.39
13.24
11.72
9.57
6.73
3.41
0.03
-3.02
-5.54
-7.54
-9.14
-10.45
-11.41
-11.9
-11.81
-11.18
-10.21
-9.2
-8.46
-8.1
-8.06
-8.14
-8.2
-8.21
-8.27
-8.49
-8.93
-9.54
-10.21
-10.89
-11.53
-12.14
-12.71
-13.19
-13.52
-13.72
-13.89
-14.18
-14.79
-15.78
-17.01
-18.23
-19.17
-19.73
-19.98
-20.12
-20.35
-20.71
-21.04
-20.96
-20.08
-18.13
-15.14
-11.46
-7.65
-4.32
-1.94
-0.75
-0.67
-1.36
-2.33
-3.06
-3.16
-2.5
-1.16
0.64
2.57
4.3
5.58
6.27
6.32
5.85
5.06
4.18
3.39
2.88
2.82
3.48
5.2
8.22
12.5
17.66
23.09
28.16
32.47
35.85
38.22
39.38
38.92
36.42
31.74
25.3
18.02
10.94
4.82
0
-3.55
-5.89
-6.9
-6.28
-3.81
0.35
5.56
10.84
15.26
18.21
19.45
19.08
17.24
14.05
9.68
4.38
-1.43
-7.26
-12.61
-17.1
-20.42
-22.34
-22.71
-21.55
-19.07
-15.65
-11.79
-7.95
-4.41
-1.26
1.51
3.94
6.03
7.71
8.9
9.5
9.48
8.84
7.73
6.35
4.96
3.82
3.06
2.71
2.7
2.92
3.22
3.51
3.66
3.52
2.89
1.63
-0.29
-2.72
-5.36
-7.82
-9.76
-10.96
-11.42
-11.27
-10.8
-10.29
-9.94
-9.83
-9.97
-10.24
-10.55
-10.81
-10.92
-10.9
-10.77
-10.58
-10.37
-10.13
-9.77
-9.18
-8.26
-6.95
-5.27
-3.33
-1.26
0.85
2.9
4.82
6.53
7.94
8.97
9.58
9.79
9.67
9.27
8.65
7.84
6.88
5.84
4.86
4.05
3.5
3.23
3.17
3.21
3.18
2.96
2.4
1.44
0.12
-1.27
-2.18
-2
-0.23
3.21
7.89
12.97
17.52
20.8
22.58
23.08
22.74
22.02
21.14
20.09
18.76
17.06
15.07
12.92
10.73
8.63
6.71
5.07
3.87
3.27
3.31
3.92
4.8
5.56
5.89
5.69
5.06
4.3
3.77
3.67
3.96
4.39
4.55
4.13
3.01
1.31
-0.64
-2.55
-4.27
-5.89
-7.69
-10.04
-13.29
-17.61
-22.99
-29.15
-35.58
-41.62
-46.56
-49.83
-51.22
-50.79
-48.87
-45.79
-41.74
-36.56
-29.9
-21.33
-10.65
1.83
15.35
28.72
40.69
50.3
57.12
61.28
63.36
64.05
63.88
63.09
61.57
59.11
55.55
51.02
45.92
40.77
36.01
31.82
28.06
24.4
20.67
17
13.84
11.76
11.04
11.51
12.52
13.21
12.78
10.77
7.22
2.68
-1.94
-5.72
-8.04
-8.86
-8.82
-9.02
-10.69
-14.72
-21.29
-29.71
-38.6
-46.24
-51.06
-52.04
-49.01
-42.62
-34.09
-24.75
-15.62
-7.2
0.37
7.08
12.74
16.99
19.53
20.35
19.9
18.87
17.88
17.15
16.49
15.49
13.94
12.05
10.33
9.29
9.11
9.46
9.73
9.28
7.77
5.3
2.28
-0.7
-3.09
-4.6
-5.25
-5.36
-5.52
-6.34
-8.19
-11.06
-14.5
-17.83
-20.34
-21.46
-20.81
-18.27
-13.94
-8.17
-1.7
4.52
9.51
12.66
13.96
13.99
13.49
12.88
12
10.1
6.4
0.57
-6.91
-14.87
-21.91
-27
-29.83
-30.79
-30.76
-30.56
-30.7
-31.28
-31.99
-32.42
-32.22
-31.23
-29.47
-27.14
-24.37
-21.14
-17.47
-13.43
-9.29
-5.52
-2.41
0.03
2.23
4.99
9.09
15.04
22.97
32.65
43.52
54.76
65.25
73.64
78.56
78.98
74.62
66.18
55.26
43.95
34.29
27.79
24.94
25.04
26.23
25.92
21.69
12.07
-2.75
-20.85
-39.09
-54.07
-63.04
-64.64
-59.08
-48.02
-34.03
-19.94
-8.22
-0.48
2.63
1.37
-3.34
-10.19
-17.69
-24.37
-28.86
-30.25
-28.26
-23.58
-17.58
-11.89
-7.74
-5.52
-4.77
-4.56
-4.03
-2.84
-1.21
0.28
1.12
1.12
0.5
-0.26
-0.7
-0.6
0.07
1.17
2.59
4.29
6.23
8.29
10.2
11.64
12.4
12.43
11.93
11.19
10.4
9.58
8.56
7.2
5.53
3.85
2.51
1.78
1.64
1.82
2
1.94
1.65
1.21
0.75
0.27
-0.32
-1.09
-2
-2.92
-3.74
-4.55
-5.68
-7.61
-10.75
-15.19
-20.53
-25.94
-30.45
-33.39
-34.78
-35.31
-36.04
-37.81
-40.7
-43.89
-45.99
-45.5
-41.4
-33.31
-21.49
-6.78
9.48
25.36
38.57
47.02
49.69
47.16
41.42
34.95
29.42
24.86
19.71
11.95
0.4
-14.49
-30.7
-45.44
-56.01
-60.27
-56.82
-45.04
-25.34
0.53
29.29
56.56
77.98
90.43
92.72
85.85
72.36
55.48
38.39
23.64
12.79
6.28
3.35
2.28
1.01
-2.09
-7.73
-15.5
-24.23
-32.32
-38.33
-41.24
-40.47
-35.9
-27.68
-16.27
-2.38
12.97
28.41
42.31
52.98
59.02
59.64
54.97
46.09
34.91
23.62
14.16
7.64
4.21
3.07
3.03
3.02
2.41
1.23
-0.15
-1.46
-2.74
-4.4
-6.94
-10.53
-14.95
-19.56
-23.68
-26.85
-28.9
-29.93
-30.04
-29.22
-27.35
-24.41
-20.68
-16.71
-13.26
-10.98
-10.17
-10.69
-12.03
-13.48
-14.52
-14.98
-15.07
-15.29
-16.13
-17.81
-20.24
-23.08
-25.87
-28.27
-30.08
-31.22
-31.72
-31.76
-31.63
-31.78
-32.62
-34.29
-36.4
-38.16
-38.57
-36.93
-33.15
-27.74
-21.62
-15.65
-10.4
-5.99
-2.29
0.85
3.48
5.6
7.28
8.63
9.83
11
12.27
13.7
15.43
17.61
20.29
23.42
26.73
29.78
32.18
33.7
34.32
34.15
33.26
31.58
28.93
25.17
20.49
15.33
10.42
6.37
3.58
2
1.26
0.84
0.35
-0.38
-1.42
-2.69
-4.2
-5.88
-7.74
-9.86
-12.48
-15.94
-20.56
-26.31
-32.42
-37.49
-39.74
-37.65
-30.55
-18.92
-4.17
11.67
26.5
38.54
46.53
49.83
48.63
43.79
36.82
29.36
22.77
17.72
14.2
11.67
9.44
6.96
3.86
0.08
-4.24
-8.65
-12.45
-14.82
-15.15
-13.32
-9.76
-5.41
-1.22
2.11
4.3
5.44
5.75
5.42
4.68
3.88
3.41
3.64
4.68
6.27
7.89
8.95
9.11
8.52
7.71
7.31
7.65
8.63
9.82
10.7
11.08
11.12
11.27
11.94
13.18
14.64
15.69
15.81
14.87
13.18
11.4
10.23
10.13
11.22
13.29
15.87
18.36
20.07
20.33
18.6
14.62
8.63
1.33
-6.22
-12.86
-17.61
-19.92
-19.68
-17.36
-13.81
-10.04
-6.97
-5.1
-4.46
-4.72
-5.45
-6.45
-7.85
-9.99
-13.11
-17.12
-21.47
-25.42
-28.33
-29.84
-29.98
-29.08
-27.52
-25.71
-24.01
-22.74
-22.24
-22.79
-24.53
-27.42
-31.2
-35.35
-39.28
-42.4
-44.18
-44.37
-43.05
-40.59
-37.62
-34.8
-32.57
-31.08
-30.27
-29.97
-30.07
-30.38
-30.52
-29.85
-27.56
-23.03
-16.23
-7.95
0.36
6.99
10.6
10.57
7.17
1.37
-5.42
-11.75
-16.31
-18.19
-17.08
-13.31
-7.75
-1.59
4.11
8.85
12.74
16.52
20.98
26.69
33.63
41.17
48.23
53.54
55.94
54.61
49.48
41.42
32.25
24.09
18.65
16.36
16.09
15.55
12.27
4.72
-6.99
-21.06
-34.65
-44.72
-48.92
-46.07
-36.44
-21.6
-3.93
14
30.05
42.96
52.32
58.4
61.71
62.87
62.47
61.08
59.26
57.47
56.02
54.96
54.28
53.86
53.69
53.8
54.34
55.49
57.45
60.35
64.06
68.16
71.93
74.62
75.75
75.26
73.53
70.96
67.64
63.1
56.51
47.06
34.58
19.75
4.03
-10.84
-23.52
-33.48
-41.1
-47.3
-52.98
-58.63
-64.26
-69.54
-74.12
-77.69
-79.63
-78.89
-74.06
-63.98
-48.47
-28.96
-8.28
10.19
23.66
30.95
32.44
29.6
23.98
16.66
8.18
-1.05
-10.28
-18.48
-24.64
-28.23
-29.5
-29.41
-29.19
-29.91
-32.05
-35.38
-39.11
-42.1
-43.3
-41.99
-38.05
-31.99
-24.72
-17.29
-10.48
-4.84
-0.68
1.73
2.03
-0.04
-4.48
-10.95
-18.76
-26.91
-34.21
-39.26
-40.66
-37.38
-29.22
-17.18
-3.29
9.83
19.89
25.54
26.58
23.74
18.23
11.4
4.64
-0.52
-2.6
-0.51
6.02
16.16
28.21
40.11
50.05
56.96
60.55
61.17
59.52
56.43
52.75
49.36
47.06
46.5
47.94
51.08
55.03
58.53
60.21
58.97
54.23
46.06
35.13
22.64
10.04
-1.26
-10.18
-16.16
-19.29
-20.14
-19.69
-19.06
-19.27
-20.97
-24.26
-28.71
-33.48
-37.52
-39.8
-39.45
-36.01
-29.71
-21.7
-13.93
-8.74
-8.06
-12.55
-21.12
-31.29
-40.01
-44.77
-44.42
-39.22
-30.39
-19.44
-7.82
3.34
13.2
21.22
27.37
32.05
35.95
39.65
43.31
46.58
48.87
49.82
49.63
49.07
49.04
50.05
51.9
53.76
54.57
53.49
50.18
44.77
37.47
28.38
17.32
3.99
-11.63
-29.02
-46.99
-63.81
-77.72
-87.33
-91.96
-91.77
-87.59
-80.63
-72.19
-63.51
-55.63
-49.29
-44.8
-41.93
-40.07
-38.49
-36.92
-35.87
-36.55
-40.28
-47.72
-58.34
-70.51
-82.11
-91.26
-96.8
-98.25
-95.49
-88.53
-77.44
-62.71
-45.43
-27.13
-9.37
6.85
21.3
34.36
46.43
57.56
67.1
73.95
76.92
75.13
68.35
56.99
41.97
24.44
5.5
-14.05
-33.61
-52.65
-70.56
-86.5
-99.35
-107.87
-110.81
-107.17
-96.52
-79.3
-57.04
-32.38
-8.55
11.36
25.2
32.25
33.18
29.59
23.39
16.3
9.67
4.46
1.28
0.38
1.49
3.91
6.72
9.03
10.28
10.36
9.61
8.63
7.96
8.01
8.8
10.12
11.54
12.64
13.14
12.95
12.2
11.08
9.88
8.85
8.17
7.88
7.86
7.84
7.52
6.67
5.28
3.54
1.76
0.2
-1.02
-1.94
-2.63
-3.12
-3.35
-3.2
-2.56
-1.46
-0.05
1.48
2.97
4.38
5.76
7.17
8.58
9.89
10.95
11.62
11.91
11.78
11.27
10.33
8.87
6.84
4.29
1.29
-2
-5.53
-9.37
-13.62
-18.43
-23.88
-30.01
-36.81
-44.21
-52.01
-59.82
-67.11
-73.22
-77.38
-78.65
-75.94
-68.17
-54.66
-35.57
-12.31
12.6
36.12
55.57
69.42
77.53
80.78
80.4
77.38
72.22
65.19
56.67
47.38
38.29
30.26
23.82
18.88
15.02
11.61
8.23
4.77
1.45
-1.41
-3.54
-4.88
-5.59
-5.94
-6.24
-6.62
-6.97
-7
-6.44
-5.23
-3.65
-2.28
-1.67
-2.1
-3.33
-4.73
-5.57
-5.41
-4.37
-3.06
-2.35
-3.05
-5.56
-9.8
-15.2
-20.88
-25.65
-28.25
-27.56
-22.94
-14.7
-4.3
5.89
13.32
16.18
14.13
8.42
1.32
-4.88
-8.74
-10.16
-10.03
-9.63
-9.91
-11.12
-12.86
-14.45
-15.26
-14.98
-13.55
-11.05
-7.56
-3.24
1.65
6.61
11.05
14.59
17.39
20.17
24.02
29.78
37.6
46.7
55.67
62.97
67.57
69.14
67.95
64.5
59.32
52.86
45.6
38.21
31.39
25.8
21.67
18.8
16.56
14.27
11.46
8.02
4.15
0.11
-3.88
-7.82
-11.78
-15.87
-20.12
-24.56
-29.21
-34.08
-39.13
-44.1
-48.54
-51.95
-53.95
-54.5
-53.94
-52.79
-51.45
-50
-48
-44.69
-39.45
-32.14
-23.41
-14.48
-6.79
-1.35
1.62
2.8
3.35
4.42
6.6
9.64
12.66
14.54
14.36
11.59
6.33
-0.85
-8.81
-16.03
-21.03
-22.85
-21.66
-18.98
-17.21
-18.71
-24.68
-34.44
-45.63
-54.98
-59.67
-58.2
-50.66
-38.4
-23.32
-7.21
8.56
23
35.39
45.1
51.57
54.48
54.04
50.95
46.31
41.39
37.15
33.95
31.62
29.53
26.91
23.37
18.93
14.13
9.87
6.97
6.03
7.09
9.56
12.44
14.59
15.06
13.41
9.7
4.37
-1.92
-8.52
-14.85
-20.37
-24.67
-27.52
-28.88
-29.1
-28.89
-28.95
-29.7
-30.85
-31.33
-29.66
-24.55
-15.41
-2.58
12.67
28.75
44.13
57.64
68.51
76.17
80.22
80.5
77.26
71.22
63.57
55.63
48.6
43.29
40.04
38.56
38.1
37.53
35.74
32.03
26.2
18.63
10.01
1.09
-7.44
-14.98
-20.86
-24.4
-25.07
-22.83
-18.33
-12.63
-6.81
-1.48
3.36
8.2
13.37
18.76
23.59
26.83
27.69
25.99
22.38
17.94
13.77
10.43
7.79
5.18
1.88
-2.38
-7.16
-11.42
-13.99
-14.14
-11.9
-8.05
-3.8
-0.35
1.39
0.96
-1.65
-6.04
-11.45
-16.77
-20.76
-22.23
-20.49
-15.61
-8.51
-0.82
5.57
9.13
9.07
5.67
0.03
-6.33
-12.03
-16.19
-18.57
-19.34
-18.78
-17.17
-14.76
-11.88
-9
-6.5
-4.48
-2.58
-0.11
3.54
8.4
13.76
18.32
20.83
20.66
18.01
13.68
8.6
3.49
-1.24
-5.1
-7.36
-7.13
-3.78
2.51
10.68
19.13
26.4
31.71
35.03
36.59
36.4
33.96
28.62
20.28
10.01
-0
-7.13
-9.52
-7.01
-1.37
4.21
6.36
2.87
-6.49
-19.99
-34.68
-47.6
-56.68
-61.26
-61.71
-59.04
-54.24
-48.1
-41.26
-34.35
-27.93
-22.44
-17.94
-13.98
-9.82
-4.77
1.43
8.46
15.59
21.92
26.75
29.71
30.91
30.77
29.87
28.77
27.84
27.3
27.1
27.05
26.85
26.25
25.03
23.18
20.87
18.4
16.08
14.09
12.47
11.06
9.66
8.1
6.4
4.73
3.33
2.37
1.83
1.48
1
0.09
-1.37
-3.24
-5.21
-6.98
-8.33
-9.16
-9.53
-9.51
-9.14
-8.42
-7.38
-6.11
-4.76
-3.43
-2.12
-0.79
0.58
1.95
3.15
3.95
4.21
3.87
3.01
1.71
0.03
-2.05
-4.62
-7.59
-10.66
-13.13
-14.12
-12.75
-8.59
-1.85
6.52
15
22.05
26.56
28.17
27.27
24.68
21.27
17.58
13.86
10.11
6.33
2.58
-1.01
-4.36
-7.48
-10.4
-13.1
-15.39
-16.93
-17.39
-16.66
-14.89
-12.43
-9.66
-6.78
-3.8
-0.66
2.52
5.44
7.64
8.78
8.88
8.33
7.73
7.64
8.29
9.49
10.76
11.51
11.2
9.41
5.95
0.97
-4.94
-10.76
-15.37
-17.87
-18.03
-16.3
-13.62
-11.04
-9.28
-8.67
-9.07
-10.2
-11.62
-12.85
-13.35
-12.61
-10.35
-6.7
-2.18
2.44
6.52
9.8
12.41
14.75
17.2
19.93
22.88
25.85
28.65
31.25
33.74
36.07
38.02
39.18
39.18
37.98
36
33.97
32.6
32.16
32.28
32.12
30.76
27.68
23
17.42
11.86
7.01
3.07
-0.23
-3.38
-6.65
-9.98
-12.89
-14.84
-15.48
-14.94
-13.79
-12.74
-12.34
-12.69
-13.51
-14.3
-14.77
-14.93
-15.21
-16.11
-17.94
-20.64
-23.77
-26.77
-29.22
-31.02
-32.35
-33.53
-34.83
-36.39
-38.14
-39.93
-41.64
-43.19
-44.62
-45.94
-47.16
-48.18
-48.81
-48.81
-47.95
-46.12
-43.42
-40.06
-36.36
-32.51
-28.54
-24.3
-19.56
-14.22
-8.36
-2.24
3.78
9.41
14.5
19.03
23.01
26.42
29.16
31.05
31.97
31.87
30.87
29.21
27.22
25.18
23.27
21.54
19.91
18.28
16.59
14.81
12.98
11.14
9.37
7.78
6.51
5.75
5.62
6.03
6.78
7.52
7.96
7.97
7.68
7.43
7.56
8.26
9.49
10.97
12.38
13.47
14.24
14.71
14.9
14.62
13.58
11.69
9.34
7.42
6.99
8.72
12.41
16.92
20.6
21.99
20.4
16.12
10.09
3.47
-2.78
-8.08
-12.03
-14.33
-14.66
-12.94
-9.58
-5.69
-2.66
-1.48
-2.1
-3.36
-3.59
-1.55
2.76
8.11
12.78
15.78
17.59
20.18
26.04
37.13
54
75.59
99.62
123.01
142.51
155.09
158.62
152.43
137.6
116.63
92.48
67.66
43.45
20.08
-2.86
-25.58
-47.72
-68.4
-86.68
-101.99
-114.26
-123.73
-130.5
-134.39
-134.84
-131.31
-123.69
-112.55
-99.04
-84.49
-69.92
-55.68
-41.62
-27.42
-13.09
0.69
12.65
21.48
26.39
27.62
26.33
24.17
22.6
22.46
23.81
26.21
29.15
32.25
35.34
38.31
40.96
43.02
44.27
44.63
44.3
43.56
42.66
41.68
40.5
38.97
36.99
34.58
31.86
28.94
25.92
22.79
19.58
16.35
13.16
9.98
6.6
2.67
-2.16
-8.04
-14.76
-21.77
-28.36
-34
-38.39
-41.67
-44.08
-45.87
-47.07
-47.53
-47.08
-45.68
-43.49
-40.84
-38.06
-35.41
-33.05
-31.01
-29.21
-27.57
-25.95
-24.27
-22.41
-20.35
-18.02
-15.4
-12.45
-9.21
-5.85
-2.62
0.22
2.65
4.97
7.7
11.36
16.11
21.69
27.44
32.53
36.32
38.39
38.58
36.87
33.35
28.3
22.37
16.56
12
9.42
8.68
8.73
7.86
4.51
-1.99
-10.98
-20.83
-29.69
-36.49
-41.31
-45.21
-49.51
-55.09
-62.08
-70.01
-78.1
-85.57
-91.69
-95.72
-96.89
-94.79
-89.66
-82.9
-76.83
-74.15
-76.64
-84.23
-94.56
-103.75
-108.06
-105.48
-96.63
-84.03
-70.64
-58.24
-47.06
-36.58
-26.84
-19.38
-16.52
-19.78
-28.24
-38.35
-45.37
-45.56
-37.74
-23.27
-4.92
14.8
34.44
53.48
71.69
88.55
103.27
115.44
125.43
134.34
143.31
152.72
161.55
167.65
168.66
162.94
150.38
132.43
111.55
90.41
71.14
55.01
42.76
34.66
30.51
29.61
30.62
31.87
32.04
30.81
28.84
27.29
26.63
25.84
22.57
14.16
-0.9
-21.89
-46.05
-69.61
-89.22
-102.92
-110.41
-112.5
-110.48
-105.67
-98.98
-91.17
-82.87
-74.66
-67.12
-60.56
-54.98
-49.95
-44.76
-38.72
-31.69
-24.39
-18.34
-15.38
-16.66
-21.88
-29.1
-35.28
-37.52
-34.18
-25.58
-13.68
-1.18
9.47
16.85
20.67
21.41
19.85
16.67
12.48
8.01
4.31
2.6
3.93
8.62
16.02
24.52
32.04
36.83
38.07
36.16
32.25
27.59
22.85
17.96
12.34
5.48
-2.58
-11.19
-19.28
-25.94
-30.75
-33.88
-35.79
-36.78
-36.75
-35.15
-31.36
-25.07
-16.61
-6.84
3.19
12.71
21.48
29.75
37.85
45.82
53.32
59.64
64.03
65.97
65.25
62.08
56.89
50.3
42.99
35.65
28.79
22.75
17.63
13.39
9.9
6.97
4.37
1.79
-1.01
-4.2
-7.77
-11.51
-15.16
-18.57
-21.78
-24.89
-27.92
-30.63
-32.66
-33.66
-33.66
-33.18
-33.05
-33.99
-36.2
-39.23
-42.18
-44.31
-45.39
-45.71
-45.79
-45.78
-45.28
-43.4
-39.47
-33.48
-26.39
-19.7
-14.77
-12.12
-11.24
-10.86
-9.66
-6.95
-2.91
1.57
5.5
8.24
9.77
10.64
11.56
13.08
15.28
17.87
20.28
21.95
22.48
21.77
20.03
17.68
15.26
13.11
11.35
9.78
8.02
5.64
2.45
-1.43
-5.62
-9.57
-12.78
-14.86
-15.58
-15.01
-13.48
-11.63
-10.21
-9.8
-10.41
-11.4
-11.61
-9.8
-5.21
2.24
11.92
22.92
34.43
46.03
57.43
68.26
77.81
85.09
89.13
89.31
85.52
78.12
67.75
55.13
41.06
26.53
12.64
0.55
-8.9
-15.42
-19.34
-21.46
-22.68
-23.67
-24.72
-25.82
-26.78
-27.41
-27.54
-27.02
-25.81
-23.91
-21.51
-18.92
-16.56
-14.78
-13.78
-13.57
-13.94
-14.62
-15.24
-15.55
-15.33
-14.56
-13.28
-11.7
-10
-8.37
-6.93
-5.7
-4.65
-3.79
-3.12
-2.71
-2.63
-2.9
-3.51
-4.38
-5.42
-6.51
-7.52
-8.28
-8.6
-8.27
-7.12
-5.1
-2.38
0.73
3.8
6.48
8.54
9.89
10.59
10.67
10.12
8.95
7.22
5.17
3.18
1.62
0.72
0.46
0.62
0.91
1.18
1.49
1.96
2.65
3.48
4.15
4.39
4.08
3.34
2.45
1.64
0.97
0.35
-0.39
-1.3
-2.23
-2.91
-3.06
-2.56
-1.54
-0.29
0.87
1.74
2.3
2.67
2.98
3.32
3.67
3.97
4.12
4.11
3.95
3.66
3.26
2.72
2.03
1.24
0.42
-0.28
-0.79
-1.11
-1.35
-1.72
-2.39
-3.45
-4.91
-6.67
-8.61
-10.64
-12.72
-14.88
-17.21
-19.85
-22.96
-26.64
-30.93
-35.76
-40.97
-46.32
-51.48
-56.08
-59.8
-62.38
-63.87
-64.56
-64.99
-65.57
-66.19
-66.12
-64.13
-58.89
-49.5
-35.73
-18.05
2.49
24.37
45.91
65.27
80.8
91.43
96.85
97.64
95.02
90.31
84.66
78.78
73.09
67.85
63.25
59.37
56.01
52.86
49.57
45.95
42.03
38.08
34.47
31.48
29.16
27.34
25.67
23.71
21.06
17.54
13.18
8.33
3.56
-0.49
-3.31
-4.7
-4.83
-4.19
-3.3
-2.52
-1.96
-1.59
-1.36
-1.29
-1.54
-2.21
-3.32
-4.72
-6.28
-8
-9.98
-12.41
-15.38
-18.8
-22.3
-25.5
-27.97
-29.37
-29.47
-28.07
-25.09
-20.64
-15.04
-8.85
-2.73
2.81
7.48
11.24
14.24
16.62
18.45
19.67
20.24
20.18
19.64
18.8
17.84
16.86
15.85
14.78
13.67
12.57
11.57
10.72
9.93
9.1
8.15
7.08
5.98
4.97
4.11
3.39
2.78
2.28
1.96
1.91
2.18
2.74
3.5
4.31
5.13
5.95
6.81
7.68
8.43
8.82
8.66
7.87
6.53
4.9
3.24
1.79
0.64
-0.26
-1.05
-1.82
-2.59
-3.31
-3.87
-4.18
-4.23
-4.01
-3.58
-3.01
-2.37
-1.75
-1.23
-0.9
-0.82
-1.01
-1.45
-2.07
-2.78
-3.54
-4.32
-5.11
-5.85
-6.49
-6.94
-7.08
-6.86
-6.18
-5.05
-3.63
-2.13
-0.88
-0.18
-0.17
-0.85
-1.96
-3.14
-4.03
-4.49
-4.56
-4.46
-4.52
-4.98
-5.92
-7.22
-8.61
-9.76
-10.42
-10.57
-10.47
-10.61
-11.64
-14.08
-18.17
-23.57
-29.55
-35.17
-39.73
-43.09
-45.76
-48.63
-52.5
-57.74
-64
-70.33
-75.42
-77.81
-76.08
-69.16
-56.72
-39.68
-20.17
-1.13
14.8
26.29
33.8
39.12
44.18
49.96
56.05
61.12
63.91
64.09
62.37
59.99
57.9
56.33
54.87
52.99
50.4
47.37
44.49
42.32
41.17
40.84
40.7
39.95
37.93
34.45
29.88
24.89
20.1
15.69
11.34
6.41
0.42
-6.54
-13.75
-19.96
-23.95
-24.94
-22.9
-18.53
-13.12
-8.09
-4.66
-3.36
-3.96
-5.45
-6.57
-6.27
-4.2
-0.74
3.19
6.68
9.21
10.9
12.33
14.2
16.84
20.08
23.31
25.67
26.44
25.19
21.85
16.67
10.22
3.32
-3.07
-7.97
-10.73
-11.23
-10.02
-8.19
-6.87
-6.86
-8.28
-10.58
-12.8
-13.94
-13.24
-10.52
-6.19
-1.11
3.56
6.8
7.88
6.59
3.09
-2.08
-8.27
-14.69
-20.4
-24.41
-25.81
-24.04
-19.25
-12.46
-5.21
0.74
4.07
4.19
1.32
-3.63
-9.49
-15.15
-19.9
-23.43
-25.66
-26.53
-25.78
-23.2
-18.73
-12.76
-6.11
0.11
4.99
8.03
9.2
9.01
8.23
7.58
7.6
8.54
10.34
12.81
15.67
18.57
21.54
24.62
27.9
31.27
34.47
37.06
38.71
39.15
38.27
36.67
35.06
33.97
33.62
33.97
34.69
35.63
36.46
36.53
36.21
35.83
35.34
34.25
32.07
28.41
24.29
21.07
19.78
22.61
30.89
44.28
60.98
78.59
94.72
109.32
123.16
137.07
154.06
176.66
205.57
238.91
272.84
302.05
323.4
334.97
322.6
279.84
211.36
132.51
60.76
12.37
-17.04
-35.34
-49.16
-62.53
-75.24
-84.78
-89.23
-88.79
-85.6
-83.46
-84.13
-88.45
-96.24
-104.66
-110.54
-112.37
-111.01
-108.94
-109.19
-112.3
-117.57
-124.04
-130.04
-134.63
-138.15
-141.7
-146.39
-152.97
-160.61
-168.37
-175.69
-181.63
-185.1
-185.01
-180.53
-171.35
-158.05
-141.49
-123.06
-104.3
-86.21
-69.34
-53.98
-40.55
-29.73
-22.24
-18.3
-17.38
-18.12
-18.69
-17.46
-13.6
-7.44
-0.17
6.74
12.27
16.25
19.27
22.25
26
30.78
36.38
42.34
48.29
54.08
59.64
64.86
69.3
72.33
73.25
71.57
67.17
60.12
50.42
37.78
21.85
2.63
-18.86
-40.48
-59.42
-73.13
-80.23
-80.92
-76.62
-69.06
-59.54
-48.54
-36.14
-22.53
-8.55
4.32
14.54
21.1
23.92
23.78
21.8
18.93
15.66
11.94
7.55
2.34
-3.52
-9.59
-15.36
-20.35
-24.18
-26.57
-27.31
-26.25
-23.4
-18.91
-13.02
-6.07
1.56
9.39
16.75
22.92
27.34
29.78
30.37
29.51
27.57
24.7
20.87
15.98
10.06
3.36
-3.8
-11.19
-18.72
-26.35
-33.83
-40.65
-46.23
-50.16
-52.38
-53.25
-53.24
-52.74
-51.95
-50.87
-49.51
-48.05
-46.7
-45.67
-45.02
-44.64
-44.39
-44.24
-44.28
-44.51
-44.74
-44.47
-42.96
-39.55
-33.94
-26.39
-17.72
-9.06
-1.44
4.52
8.92
12.37
15.56
18.9
22.07
24.14
24.03
21.2
16.08
10.07
4.93
2.07
1.98
4.29
8.18
12.93
18.09
23.2
27.42
29.57
28.49
23.89
16.7
8.88
2.39
-1.72
-3.95
-5.92
-9.27
-14.65
-21.24
-27.26
-30.93
-31.4
-29.2
-26.11
-24.31
-25.37
-29.59
-35.8
-41.83
-45.32
-44.65
-39.45
-30.64
-19.86
-8.72
1.61
10.71
18.64
25.52
31.21
35.3
37.25
36.9
34.54
30.94
27.25
24.43
22.9
22.35
21.94
20.63
17.81
13.46
8.14
2.63
-2.53
-7.32
-11.94
-16.43
-20.22
-22.04
-20.48
-14.87
-5.89
4.47
13.68
19.97
23.04
23.91
24.17
24.89
26.16
27.42
28.16
28.33
28.33
28.39
28.06
26.4
22.68
17.28
12.06
9.69
12.35
20.5
32.37
44.54
53.23
55.71
51.28
41.31
28.44
15.5
4.51
-3.72
-9.21
-12.22
-12.78
-10.7
-5.95
0.89
8.45
15.04
19.3
20.9
20.66
20.08
20.61
22.91
26.71
31.08
34.95
37.51
38.49
37.98
36.29
33.81
30.84
27.72
24.78
22.3
20.34
18.8
17.35
15.68
13.74
11.75
10.12
9.21
8.99
8.93
8.11
5.54
0.43
-7.43
-17.57
-28.83
-39.54
-47.88
-52.39
-52.24
-47.58
-39.47
-29.54
-19.57
-11.01
-4.62
-0.55
1.42
1.6
0.12
-3.06
-7.9
-14.1
-20.95
-27.48
-32.84
-36.63
-38.99
-40.36
-41.06
-40.85
-38.94
-34.24
-25.97
-14.14
0.24
15.47
29.73
41.75
51.19
58.57
64.66
69.96
74.29
76.81
76.64
73.46
67.98
61.65
56.17
52.96
52.98
56.71
64.27
75.49
89.54
104.78
118.84
129.27
134.42
134.16
129.79
123.17
115.37
105.8
92.45
73.43
48.77
21.26
-4.3
-23.31
-33.67
-36.9
-37.27
-39.34
-45.39
-54.39
-63.14
-68.47
-69.27
-66.94
-64.29
-63.61
-65.38
-68.15
-69.82
-68.89
-65.13
-59.53
-53.43
-47.69
-42.31
-36.59
-29.6
-20.82
-10.42
0.83
11.88
21.8
30.22
37.43
44.23
51.43
59.49
68.08
76.24
82.71
86.63
87.87
87.09
85.38
83.79
82.9
82.7
82.72
82.41
81.42
79.9
78.28
77.03
76.22
75.35
73.52
69.83
63.86
55.82
46.54
37.25
29.22
23.39
20.08
18.58
17.15
13.17
3.69
-13.52
-38.95
-70.78
-105.22
-137.72
-164.5
-183.66
-195.49
-201.91
-205.19
-206.8
-206.94
-204.77
-199.36
-190.47
-178.92
-166.14
-153.42
-141.22
-129.22
-116.79
-103.77
-90.83
-79.29
-70.44
-64.74
-61.47
-58.94
-55.34
-49.6
-41.86
-33.35
-25.81
-20.64
-18.36
-18.53
-20.18
-22.43
-24.86
-27.53
-30.56
-33.8
-36.63
-38.2
-37.84
-35.47
-31.65
-27.3
-23.23
-19.75
-16.71
-13.6
-9.95
-5.54
-0.45
4.99
10.38
15.33
19.63
23.24
26.35
29.4
32.98
37.71
43.9
51.53
60.1
68.77
76.54
82.54
86.14
87.1
85.67
82.46
78.28
73.86
69.54
65.15
60
53.32
44.61
33.99
22.15
10.14
-0.99
-10.47
-17.91
-23.19
-26.44
-27.88
-27.9
-27.08
-26.11
-25.62
-25.92
-26.97
-28.31
-29.32
-29.54
-28.78
-27.26
-25.4
-23.58
-21.98
-20.47
-18.73
-16.48
-13.62
-10.25
-6.54
-2.7
1.04
4.39
6.95
8.41
8.89
8.99
9.74
12.02
16.01
21.01
25.67
28.55
28.71
26.05
21.1
14.72
7.7
0.58
-6.35
-12.96
-19.29
-25.47
-31.63
-37.76
-43.65
-49.1
-54.09
-58.96
-64.29
-70.57
-77.85
-85.63
-93.17
-99.79
-105.34
-110.18
-114.89
-119.85
-125.03
-129.98
-134.22
-137.56
-140.04
-141.63
-141.72
-138.97
-131.31
-116.77
-94.32
-64.21
-27.73
13.67
58.97
107.54
158.44
209.97
259.49
304.09
341.55
370.77
391.61
404.07
407.61
400.85
382.18
350.46
305.74
249.48
184.38
114.11
43.09
-23.96
-82.63
-129.64
-163.55
-184.71
-194.76
-195.88
-190.14
-179.26
-164.75
-148.12
-130.89
-114.39
-99.42
-86.05
-73.82
-62.2
-50.98
-40.53
-31.61
-24.79
-20.14
-17.03
-14.49
-11.72
-8.5
-5.1
-2.2
-0.37
0.08
-0.81
-2.85
-5.72
-9.12
-12.68
-15.94
-18.37
-19.52
-19.12
-17.12
-13.72
-9.25
-4.1
1.31
6.54
11.18
14.87
17.42
18.83
19.29
19.14
18.75
18.4
18.29
18.43
18.73
19.03
19.17
19.03
18.57
17.85
16.91
15.85
14.75
13.66
12.61
11.6
10.57
9.42
8.14
6.78
5.52
4.57
4.07
4
4.19
4.29
3.95
2.96
1.32
-0.78
-2.94
-4.74
-5.82
-6.03
-5.4
-4.1
-2.39
-0.45
1.63
3.83
6.14
8.48
10.72
12.66
14.18
15.24
15.88
16.23
16.38
16.44
16.45
16.43
16.42
16.48
16.71
17.23
18.06
19.11
20.14
20.89
21.19
21.01
20.49
19.83
19.22
18.76
18.53
18.6
18.98
19.68
20.58
21.49
22.15
22.48
22.61
23.02
24.28
26.77
30.5
34.97
39.38
42.88
44.83
44.9
43.05
39.38
33.94
26.83
18.26
8.66
-1.32
-10.97
-19.74
-27.39
-33.86
-39.21
-43.37
-46.16
-47.39
-47
-45.17
-42.34
-39.02
-35.63
-32.43
-29.58
-27.13
-25.06
-23.25
-21.38
-18.98
-15.62
-11.06
-5.48
0.52
6.06
10.28
12.63
12.96
11.58
9.06
6.06
3.07
0.36
-2.21
-4.94
-8.15
-11.98
-16.32
-20.9
-25.46
-29.87
-34.16
-38.41
-42.53
-46.16
-48.73
-49.74
-49.04
-46.97
-44.3
-41.77
-39.8
-38.23
-36.48
-33.9
-30.1
-25.11
-19.36
-13.34
-7.45
-1.9
3.29
8.14
12.7
17.11
21.56
26.27
31.31
36.53
41.58
46.02
49.47
51.81
53.09
53.43
52.87
51.31
48.61
44.71
39.77
34.11
28.23
22.53
17.29
12.6
8.45
4.76
1.44
-1.52
-4.13
-6.37
-8.22
-9.71
-10.89
-11.87
-12.74
-13.6
-14.36
-14.86
-14.88
-14.27
-13.07
-11.5
-9.88
-8.45
-7.31
-6.41
-5.75
-5.42
-5.53
-5.99
-6.34
-5.78
-3.49
0.89
6.99
13.75
19.77
23.94
25.77
25.44
23.52
20.57
16.96
12.93
8.77
4.88
1.68
-0.61
-2.21
-3.51
-4.93
-6.47
-7.74
-8.05
-6.87
-4.12
-0.26
3.83
7.29
9.47
10.16
9.46
7.71
5.22
2.24
-1.14
-4.9
-8.95
-13.07
-16.85
-19.74
-21.31
-21.45
-20.41
-18.68
-16.79
-14.99
-13.31
-11.58
-9.65
-7.55
-5.41
-3.4
-1.6
0.02
1.51
2.94
4.27
5.4
6.25
6.78
6.99
6.93
6.63
6.19
5.75
5.52
5.62
6.05
6.6
6.87
6.48
5.26
3.32
1.04
-1.13
-2.85
-4
-4.75
-5.37
-6.14
-7.1
-8.16
-9.07
-9.6
-9.62
-9.12
-8.22
-7.11
-5.96
-4.93
-4.17
-3.73
-3.66
-3.91
-4.32
-4.7
-4.87
-4.69
-4.16
-3.43
-2.64
-1.96
-1.48
-1.17
-0.95
-0.74
-0.47
-0.15
0.18
0.47
0.69
0.85
1.04
1.3
1.67
2.14
2.61
2.9
2.85
2.41
1.71
1.14
1.14
2.09
4.14
7.11
10.55
13.89
16.55
18.02
17.91
15.97
12.11
6.56
-0.05
-6.72
-12.2
-15.36
-15.57
-12.9
-8.15
-2.55
2.58
6.23
7.97
7.83
6.23
3.67
0.54
-2.79
-6.02
-8.75
-10.62
-11.37
-11.01
-9.83
-8.31
-6.91
-5.9
-5.33
-5.01
-4.81
-4.62
-4.46
-4.28
-4.03
-3.61
-2.93
-2.09
-1.22
-0.52
-0.01
0.43
1.09
2.26
4
6.15
8.32
10.13
11.37
12.07
12.48
12.82
13.12
13.19
12.71
11.39
9.11
5.87
1.68
-3.49
-9.68
-16.69
-23.84
-29.97
-33.7
-33.94
-30.34
-23.43
-14.43
-4.84
3.99
11.07
15.84
18.14
18.15
16.31
13.24
9.55
5.68
1.79
-2.14
-6.11
-9.92
-13.18
-15.46
-16.5
-16.36
-15.35
-13.82
-12.01
-9.96
-7.55
-4.71
-1.5
1.89
5.27
8.57
11.92
15.46
19.12
22.38
24.39
24.3
21.77
17.26
11.89
7.06
3.89
2.86
3.75
5.92
8.69
11.49
14.01
16.01
17.27
17.61
16.93
15.25
12.76
9.76
6.54
3.41
0.57
-1.84
-3.82
-5.42
-6.71
-7.73
-8.37
-8.5
-7.99
-6.85
-5.27
-3.6
-2.34
-1.92
-2.6
-4.38
-7
-10.02
-12.98
-15.5
-17.36
-18.53
-19.08
-19.07
-18.55
-17.63
-16.43
-15.12
-13.91
-12.89
-12
-10.98
-9.6
-7.75
-5.5
-3.14
-0.91
1.06
2.89
4.8
6.97
9.34
11.66
13.61
14.98
15.81
16.3
16.64
16.91
17.04
16.84
16.21
15.21
14.06
13.02
12.27
11.72
11.14
10.2
8.71
6.67
4.34
2.08
0.23
-0.98
-1.49
-1.39
-0.88
-0.19
0.46
0.91
1.1
1.02
0.78
0.49
0.27
0.21
0.34
0.67
1.21
1.97
2.99
4.28
5.78
7.37
8.86
10.06
10.88
11.33
11.58
11.82
12.13
12.47
12.66
12.44
11.67
10.32
8.54
6.54
4.53
2.65
1
-0.35
-1.37
-2.09
-2.6
-3.02
-3.51
-4.19
-5.11
-6.25
-7.54
-8.93
-10.41
-11.97
-13.6
-15.27
-16.9
-18.35
-19.44
-20.02
-20.01
-19.43
-18.46
-17.39
-16.58
-16.35
-16.93
-18.33
-20.35
-22.57
-24.47
-25.65
-26
-25.78
-25.52
-25.79
-26.9
-28.78
-30.95
-32.63
-32.96
-31.16
-26.82
-19.97
-11.21
-1.64
7.51
15.18
20.9
24.9
27.91
30.76
33.98
37.48
40.67
42.67
42.74
40.49
36.13
30.47
24.7
20.09
17.56
17.42
19.38
22.62
26.26
29.53
32.04
33.64
34.37
34.21
33.09
30.91
27.6
23.28
18.24
12.96
7.96
3.68
0.33
-2.08
-3.76
-4.98
-5.98
-6.99
-8.22
-9.89
-12.21
-15.29
-18.97
-22.76
-25.94
-27.6
-26.95
-23.59
-17.6
-9.64
-0.73
7.96
15.47
21.16
24.81
26.53
26.62
25.48
23.54
21.18
18.73
16.42
14.32
12.37
10.49
8.58
6.68
4.87
3.26
1.93
0.91
0.16
-0.37
-0.75
-1.04
-1.28
-1.48
-1.68
-1.9
-2.19
-2.6
-3.2
-4.08
-5.32
-6.96
-8.88
-10.86
-12.54
-13.62
-13.96
-13.55
-12.53
-11.02
-9.1
-6.73
-3.88
-0.62
2.81
6.1
8.95
11.18
12.81
14.01
14.99
15.96
17.06
18.3
19.57
20.62
21.19
21.02
19.99
18.2
16
13.94
12.6
12.37
13.27
14.89
16.54
17.41
16.87
14.65
10.89
6.03
0.68
-4.57
-9.2
-12.85
-15.33
-16.63
-16.89
-16.33
-15.23
-13.84
-12.4
-11.18
-10.4
-10.17
-10.47
-11.13
-11.86
-12.39
-12.52
-12.18
-11.41
-10.24
-8.69
-6.71
-4.32
-1.56
1.39
4.32
7
9.29
11.09
12.35
13.1
13.28
12.91
12.05
10.81
9.36
7.94
6.73
5.84
5.23
4.76
4.19
3.31
2.03
0.37
-1.5
-3.38
-5.05
-6.4
-7.38
-7.97
-8.22
-8.18
-7.96
-7.69
-7.49
-7.41
-7.46
-7.56
-7.64
-7.62
-7.45
-7.09
-6.48
-5.59
-4.44
-3.15
-1.89
-0.83
-0.09
0.34
0.52
0.59
0.64
0.74
0.98
1.43
2.16
3.16
4.36
5.61
6.74
7.63
8.2
8.48
8.52
8.42
8.25
8.14
8.17
8.41
8.81
9.24
9.49
9.36
8.71
7.46
5.65
3.43
1.14
-0.68
-1.47
-0.82
1.27
4.41
7.99
11.49
14.68
17.59
20.4
22.97
24.79
25.03
22.95
18.28
11.46
3.59
-3.91
-9.74
-13.09
-13.81
-12.35
-9.53
-6.26
-3.28
-1.02
0.26
0.47
-0.48
-2.67
-6.12
-10.62
-15.74
-20.78
-24.95
-27.64
-28.6
-28.05
-26.64
-25.19
-24.33
-24.28
-24.78
-25.25
-25.1
-23.96
-21.77
-18.75
-15.23
-11.55
-7.97
-4.72
-2
-0.02
1.09
1.25
0.52
-0.99
-3.11
-5.6
-8.18
-10.5
-12.26
-13.22
-13.29
-12.57
-11.26
-9.61
-7.79
-5.87
-3.8
-1.58
0.74
2.96
4.8
5.98
6.42
6.19
5.59
4.92
4.44
4.21
4.14
4.06
3.69
2.86
1.49
-0.3
-2.22
-3.78
-4.56
-4.33
-3.16
-1.46
0.27
1.57
2.22
2.3
2.12
2.04
2.39
3.3
4.67
6.22
7.57
8.39
8.55
8.07
7.12
5.9
4.57
3.16
1.65
-0.01
-1.78
-3.57
-5.25
-6.72
-7.93
-8.86
-9.56
-10.1
-10.52
-10.91
-11.26
-11.52
-11.57
-11.25
-10.44
-9.12
-7.36
-5.34
-3.26
-1.3
0.42
1.8
2.79
3.37
3.55
3.43
3.14
2.74
2.27
1.71
1.1
0.61
0.45
0.85
1.89
3.45
5.24
7.02
8.62
10.03
11.25
12.29
13.12
13.64
13.83
13.74
13.48
13.14
12.8
12.43
11.97
11.41
10.77
10.1
9.45
8.87
8.3
7.69
6.95
5.98
4.77
3.32
1.72
0.09
-1.43
-2.75
-3.77
-4.42
-4.69
-4.6
-4.23
-3.65
-2.94
-2.17
-1.39
-0.65
0.03
0.59
1.07
1.45
1.75
1.95
1.97
1.72
1.14
0.25
-0.85
-2.02
-3.09
-3.87
-4.19
-3.87
-2.83
-1.11
1.06
3.35
5.41
7
7.99
8.44
8.4
7.96
7.1
5.88
4.38
2.78
1.25
-0.03
-1.01
-1.7
-2.12
-2.27
-2.12
-1.61
-0.7
0.51
1.85
3.04
3.83
4.02
3.61
2.78
1.84
1.12
0.78
0.83
1.12
1.49
1.91
2.54
3.64
5.48
8.19
11.64
15.53
19.32
22.37
24
23.64
20.99
16.22
10.02
3.46
-2.27
-6.32
-8.42
-9.01
-8.98
-9.33
-10.69
-13
-15.5
-17
-16.45
-13.34
-7.94
-1.24
5.54
11.3
15.42
17.71
18.29
17.3
14.91
11.36
7.12
2.92
-0.39
-2.19
-2.3
-1.09
0.7
2.31
3.24
3.28
2.46
0.77
-1.93
-5.82
-10.92
-16.86
-22.83
-27.73
-30.52
-30.54
-27.75
-22.63
-16.02
-8.79
-1.65
4.91
10.56
15.02
18.07
19.55
19.5
18.17
16.09
13.82
11.79
10.2
8.94
7.78
6.49
5.03
3.52
2.21
1.28
0.81
0.69
0.75
0.83
0.84
0.79
0.71
0.53
0.11
-0.76
-2.2
-4.15
-6.36
-8.43
-10.02
-10.93
-11.2
-11.08
-10.84
-10.69
-10.67
-10.66
-10.46
-9.95
-9.12
-8.14
-7.19
-6.44
-5.98
-5.82
-5.9
-6.11
-6.23
-5.98
-5.05
-3.27
-0.69
2.31
5.2
7.43
8.72
9.06
8.76
8.17
7.57
6.99
6.3
5.31
3.92
2.17
0.22
-1.73
-3.47
-4.79
-5.51
-5.47
-4.64
-3.21
-1.67
-0.71
-1.03
-2.93
-6.07
-9.49
-11.88
-12.16
-9.9
-5.54
-0.21
4.75
8.25
9.83
9.65
8.26
6.24
4
1.67
-0.7
-2.99
-4.97
-6.33
-6.87
-6.59
-5.83
-5.04
-4.61
-4.62
-4.84
-4.86
-4.45
-3.63
-2.72
-2.16
-2.22
-2.93
-4.06
-5.31
-6.43
-7.36
-8.2
-9.11
-10.3
-11.9
-13.9
-16.13
-18.3
-20.02
-21.01
-21.18
-20.65
-19.66
-18.35
-16.71
-14.58
-11.86
-8.6
-5.05
-1.57
1.52
4.02
5.82
6.89
7.24
6.94
6.18
5.26
4.5
4.12
4.1
4.24
4.35
4.37
4.42
4.69
5.27
6.04
6.75
7.11
7
6.47
5.73
4.98
4.33
3.79
3.29
2.81
2.43
2.26
2.35
2.63
2.91
2.98
2.63
1.79
0.51
-1.02
-2.6
-4.04
-5.24
-6.18
-6.93
-7.58
-8.22
-8.94
-9.78
-10.73
-11.73
-12.73
-13.66
-14.52
-15.32
-16.03
-16.58
-16.85
-16.67
-15.96
-14.73
-13.12
-11.32
-9.54
-7.96
-6.69
-5.74
-4.9
-3.76
-1.81
1.38
5.88
11.24
16.62
21.08
23.95
25.01
24.43
22.5
19.46
15.44
10.59
5.33
0.39
-3.36
-5.24
-5
-2.99
-0
3
5.22
6.23
6.02
4.89
3.3
1.69
0.43
-0.31
-0.51
-0.35
-0.19
-0.42
-1.38
-3.19
-5.75
-8.78
-11.99
-15.19
-18.33
-21.46
-24.54
-27.4
-29.62
-30.7
-30.24
-28.08
-24.43
-19.85
-15.06
-10.69
-7.18
-4.65
-3.01
-2.13
-1.88
-2.19
-2.93
-3.84
-4.56
-4.73
-4.13
-2.79
-0.93
1.11
3
4.53
5.53
6
6.03
5.87
5.76
5.89
6.3
6.88
7.38
7.66
7.64
7.39
7.03
6.66
6.37
6.25
6.32
6.59
6.97
7.31
7.4
7.15
6.57
5.76
4.87
3.97
3.08
2.15
1.13
0.03
-1.11
-2.25
-3.35
-4.41
-5.41
-6.34
-7.15
-7.73
-7.93
-7.57
-6.57
-4.99
-3.06
-1.14
0.43
1.43
1.87
1.97
1.98
2.09
2.37
2.79
3.28
3.8
4.34
4.85
5.3
5.64
5.86
5.98
6.05
6.11
6.2
6.32
6.49
6.72
6.98
7.23
7.4
7.42
7.28
7.03
6.74
6.48
6.29
6.14
5.99
5.7
5.14
4.18
2.79
1.03
-0.92
-2.84
-4.52
-5.82
-6.67
-7.09
-7.16
-7.01
-6.81
-6.78
-7.1
-7.81
-8.79
-9.83
-10.73
-11.37
-11.73
-11.86
-11.78
-11.45
-10.89
-10.16
-9.39
-8.65
-7.88
-6.83
-5.25
-3.08
-0.57
1.78
3.58
4.66
5.24
5.8
6.7
8.13
9.96
11.91
13.74
15.28
16.42
17.04
16.95
16.01
14.31
12.2
10.17
8.66
7.88
7.75
8
8.31
8.44
8.28
7.81
7.02
5.88
4.41
2.72
0.99
-0.53
-1.69
-2.38
-2.64
-2.63
-2.53
-2.6
-3.03
-3.88
-5.08
-6.35
-7.32
-7.68
-7.28
-6.27
-4.93
-3.59
-2.4
-1.32
-0.25
0.91
2.07
3.05
3.64
3.79
3.62
3.39
3.3
3.41
3.62
3.81
3.93
4.07
4.35
4.82
5.37
5.77
5.75
5.14
3.98
2.49
0.96
-0.35
-1.34
-2.02
-2.52
-3.01
-3.66
-4.57
-5.74
-7.04
-8.24
-9.06
-9.31
-8.96
-8.17
-7.2
-6.32
-5.65
-5.16
-4.73
-4.28
-3.81
-3.45
-3.34
-3.56
-4.12
-4.92
-5.86
-6.8
-7.67
-8.37
-8.84
-9.07
-9.05
-8.86
-8.52
-8.1
-7.62
-7.13
-6.64
-6.18
-5.74
-5.31
-4.92
-4.68
-4.68
-4.86
-4.91
-4.27
-2.32
1.26
6.28
11.94
17.13
20.83
22.55
22.46
21.25
19.78
18.66
18.05
17.68
17.1
15.95
14.18
12.02
9.82
7.84
6.11
4.45
2.62
0.45
-2.06
-4.8
-7.68
-10.67
-13.84
-17.24
-20.81
-24.36
-27.54
-29.98
-31.34
-31.46
-30.4
-28.46
-26.1
-23.75
-21.65
-19.74
-17.8
-15.55
-12.79
-9.55
-6.03
-2.52
0.74
3.6
6.03
8.03
9.64
10.91
11.87
12.57
13.08
13.45
13.72
13.93
14.1
14.23
14.29
14.2
13.91
13.41
12.76
12.07
11.51
11.17
11.04
10.95
10.66
9.97
8.82
7.38
5.92
4.74
3.99
3.6
3.35
2.96
2.29
1.3
0.15
-0.96
-1.86
-2.53
-3.04
-3.58
-4.31
-5.35
-6.77
-8.58
-10.69
-12.85
-14.62
-15.35
-14.38
-11.34
-6.29
0.15
7.07
13.55
18.95
23.08
26.03
27.9
28.57
27.74
25.03
20.3
13.95
6.88
0.32
-4.5
-6.75
-6.19
-3.2
1.38
6.56
11.49
15.64
18.82
21.05
22.34
22.68
22.01
20.34
17.87
15.02
12.26
10.03
8.53
7.66
7.15
6.66
5.97
5.07
4.14
3.36
2.88
2.65
2.5
2.15
1.39
0.15
-1.5
-3.36
-5.25
-7.05
-8.75
-10.42
-12.15
-13.9
-15.6
-17.13
-18.39
-19.33
-19.87
-19.93
-19.45
-18.46
-17.1
-15.62
-14.26
-13.15
-12.23
-11.28
-9.99
-8.18
-5.78
-2.89
0.22
3.23
5.82
7.77
8.98
9.52
9.5
9.1
8.45
7.66
6.82
6.09
5.6
5.48
5.73
6.23
6.79
7.2
7.34
7.23
6.9
6.41
5.77
4.89
3.68
2.12
0.29
-1.67
-3.5
-5.01
-6.05
-6.6
-6.75
-6.62
-6.37
-6.09
-5.83
-5.54
-5.17
-4.68
-4.06
-3.38
-2.77
-2.37
-2.25
-2.43
-2.79
-3.16
-3.36
-3.26
-2.82
-2.1
-1.26
-0.44
0.23
0.72
1.08
1.4
1.77
2.23
2.8
3.42
4.02
4.55
4.94
5.13
5.14
4.97
4.68
4.35
4.06
3.84
3.67
3.49
3.22
2.81
2.25
1.52
0.59
-0.53
-1.81
-3.15
-4.38
-5.33
-5.85
-5.9
-5.55
-4.85
-3.92
-2.84
-1.7
-0.56
0.46
1.3
1.92
2.34
2.59
2.71
2.74
2.68
2.52
2.21
1.72
1
0.06
-0.96
-1.91
-2.58
-2.85
-2.71
-2.28
-1.79
-1.45
-1.43
-1.77
-2.47
-3.42
-4.41
-5.22
-5.59
-5.39
-4.62
-3.52
-2.43
-1.7
-1.5
-1.76
-2.21
-2.52
-2.49
-2.12
-1.64
-1.39
-1.7
-2.64
-4.11
-5.78
-7.32
-8.5
-9.28
-9.83
-10.44
-11.39
-12.87
-14.97
-17.57
-20.29
-22.51
-23.4
-22.25
-18.7
-13.02
-6.06
0.97
6.96
11.23
13.73
14.82
15.05
14.84
14.27
13.12
10.96
7.48
2.79
-2.39
-6.68
-8.48
-6.53
-0.59
8.36
18.38
27.27
33.33
35.84
35.07
31.79
26.83
20.76
14.01
7.07
0.63
-4.53
-7.86
-9.28
-9.25
-8.58
-8.09
-8.25
-9.06
-10.11
-10.92
-11.12
-10.68
-9.89
-9.22
-9.13
-9.94
-11.69
-14.2
-17.03
-19.65
-21.49
-22.07
-21.12
-18.66
-14.94
-10.38
-5.43
-0.49
4.15
8.26
11.63
14.11
15.58
16.05
15.66
14.65
13.29
11.79
10.24
8.65
7.01
5.33
3.65
1.99
0.4
-1.08
-2.37
-3.38
-3.98
-4.13
-3.82
-3.17
-2.37
-1.62
-1.03
-0.58
-0.08
0.72
1.98
3.68
5.54
7.13
7.99
7.87
6.79
5.05
3.15
1.52
0.44
-0.05
-0.05
0.3
0.86
1.57
2.42
3.44
4.59
5.81
7.01
8.11
9.05
9.82
10.41
10.83
11.09
11.24
11.34
11.44
11.53
11.48
11.1
10.25
8.86
7.03
4.99
2.96
1.08
-0.7
-2.53
-4.57
-6.89
-9.45
-12.1
-14.67
-16.95
-18.76
-19.98
-20.6
-20.67
-20.39
-19.97
-19.46
-18.72
-17.42
-15.17
-11.79
-7.4
-2.42
2.54
6.89
10.13
11.92
12.03
10.34
6.89
2.04
-3.46
-8.58
-12.22
-13.58
-12.41
-9.09
-4.5
0.3
4.33
6.99
8.12
8.01
7.11
5.89
4.67
3.6
2.7
1.96
1.42
1.18
1.3
1.69
2.12
2.26
1.86
0.87
-0.55
-2.09
-3.46
-4.49
-5.16
-5.67
-6.27
-7.23
-8.73
-10.82
-13.4
-16.21
-18.88
-20.91
-21.88
-21.45
-19.52
-16.2
-11.81
-6.81
-1.7
3.03
7.01
9.94
11.74
12.43
12.14
11.13
9.7
8.17
6.84
5.9
5.38
5.28
5.48
5.85
6.36
6.95
7.6
8.22
8.7
8.87
8.63
7.96
6.94
5.76
4.55
3.39
2.28
1.17
0
-1.21
-2.39
-3.42
-4.13
-4.5
-4.51
-4.26
-3.82
-3.23
-2.52
-1.76
-1.09
-0.71
-0.79
-1.37
-2.26
-3.17
-3.79
-3.98
-3.85
-3.67
-3.74
-4.2
-5.03
-6.11
-7.32
-8.64
-9.96
-11.06
-11.54
-10.94
-8.95
-5.59
-1.22
3.59
8.24
12.3
15.48
17.51
18.07
16.8
13.48
8.32
2.05
-4.13
-8.92
-11.28
-10.82
-7.87
-3.32
1.73
6.34
9.97
12.53
14.21
15.24
15.73
15.65
14.91
13.5
11.57
9.44
7.44
5.85
4.78
4.16
3.81
3.55
3.23
2.79
2.21
1.54
0.86
0.25
-0.21
-0.46
-0.52
-0.43
-0.26
-0.14
-0.22
-0.59
-1.3
-2.3
-3.36
-4.19
-4.46
-4.03
-2.95
-1.56
-0.32
0.39
0.38
-0.22
-1.15
-2.07
-2.79
-3.26
-3.57
-3.81
-4.05
-4.29
-4.55
-4.89
-5.4
-6.19
-7.31
-8.69
-10.14
-11.41
-12.31
-12.71
-12.63
-12.14
-11.39
-10.52
-9.63
-8.76
-7.93
-7.07
-6.16
-5.18
-4.14
-3.14
-2.31
-1.78
-1.63
-1.85
-2.34
-2.89
-3.37
-3.62
-3.56
-3.23
-2.71
-2.13
-1.59
-1.16
-0.84
-0.63
-0.54
-0.61
-0.88
-1.34
-1.9
-2.4
-2.62
-2.42
-1.82
-0.93
-0.03
0.7
1.12
1.3
1.4
1.58
1.91
2.3
2.59
2.58
2.2
1.49
0.57
-0.4
-1.32
-2.12
-2.78
-3.28
-3.61
-3.8
-3.92
-4.05
-4.24
-4.48
-4.7
-4.82
-4.75
-4.48
-4.03
-3.5
-3.02
-2.69
-2.53
-2.49
-2.43
-2.21
-1.74
-1.08
-0.35
0.25
0.59
0.69
0.68
0.72
0.96
1.42
1.98
2.49
2.75
2.63
2.09
1.22
0.18
-0.76
-1.35
-1.4
-0.85
0.16
1.32
2.26
2.66
2.38
1.51
0.29
-0.98
-2.06
-2.85
-3.37
-3.72
-4
-4.27
-4.54
-4.85
-5.18
-5.45
-5.58
-5.45
-4.98
-4.19
-3.18
-2.11
-1.16
-0.43
0.06
0.39
0.64
0.91
1.2
1.46
1.52
1.1
0.02
-1.71
-3.75
-5.47
-6.12
-5.13
-2.34
1.87
6.71
11.28
14.75
16.58
16.56
14.63
10.92
5.74
-0.32
-6.48
-11.8
-15.47
-17.09
-16.69
-14.73
-11.89
-8.74
-5.6
-2.5
0.64
3.9
7.1
9.98
12.25
13.75
14.52
14.76
14.69
14.45
14.07
13.47
12.64
11.59
10.46
9.43
8.61
8.04
7.62
7.2
6.59
5.73
4.62
3.39
2.19
1.12
0.24
-0.5
-1.16
-1.8
-2.45
-3.13
-3.87
-4.66
-5.46
-6.23
-6.91
-7.49
-7.95
-8.28
-8.47
-8.45
-8.17
-7.63
-6.94
-6.27
-5.83
-5.74
-6
-6.53
-7.23
-8.02
-8.85
-9.75
-10.7
-11.66
-12.56
-13.3
-13.73
-13.72
-13.17
-12.08
-10.57
-8.85
-7.2
-5.8
-4.69
-3.79
-2.95
-2.04
-1.04
0.06
1.24
2.49
3.82
5.25
6.75
8.22
9.55
10.61
11.32
11.71
11.92
12.06
12.27
12.56
12.85
12.99
12.82
12.28
11.42
10.36
9.18
7.93
6.63
5.3
4.03
2.92
2.06
1.42
0.85
0.15
-0.81
-2
-3.21
-4.15
-4.63
-4.61
-4.34
-4.26
-4.92
-6.73
-9.75
-13.54
-17.18
-19.5
-19.47
-16.63
-11.26
-4.32
2.76
8.52
11.8
12.03
9.3
4.42
-1.19
-5.91
-8.31
-7.6
-3.82
2.17
9.09
15.64
20.97
24.76
27.09
28.21
28.38
27.8
26.65
25.18
23.71
22.56
21.92
21.75
21.77
21.64
21.04
19.85
18.18
16.29
14.41
12.64
10.92
9.07
6.94
4.52
1.97
-0.39
-2.3
-3.67
-4.61
-5.42
-6.35
-7.56
-8.99
-10.44
-11.71
-12.71
-13.49
-14.18
-14.85
-15.46
-15.91
-16.1
-16.03
-15.75
-15.34
-14.85
-14.18
-13.29
-12.17
-10.93
-9.8
-8.92
-8.32
-7.92
-7.57
-7.11
-6.54
-5.93
-5.39
-4.97
-4.63
-4.22
-3.58
-2.66
-1.48
-0.23
0.85
1.56
1.78
1.57
1.12
0.65
0.32
0.15
0.03
-0.15
-0.43
-0.74
-0.99
-1.07
-1.01
-0.89
-0.78
-0.72
-0.66
-0.5
-0.26
-0.02
0.13
0.06
-0.17
-0.44
-0.63
-0.73
-0.8
-1
-1.43
-2.04
-2.75
-3.45
-4.11
-4.77
-5.42
-6.02
-6.43
-6.52
-6.24
-5.64
-4.87
-4.02
-3.13
-2.11
-0.9
0.52
2.1
3.81
5.59
7.46
9.41
11.36
13.19
14.75
15.89
16.57
16.78
16.57
15.98
14.99
13.61
11.83
9.76
7.52
5.27
3.14
1.27
-0.22
-1.16
-1.37
-0.72
0.79
2.94
5.33
7.46
8.97
9.69
9.7
9.22
8.48
7.58
6.51
5.18
3.49
1.33
-1.4
-4.74
-8.58
-12.58
-16.1
-18.38
-18.8
-17.12
-13.61
-8.96
-4.01
0.53
4.19
6.77
8.26
8.69
8.14
6.8
5.04
3.32
2.06
1.51
1.66
2.31
3.18
4.1
4.96
5.75
6.41
6.79
6.67
5.96
4.69
3.05
1.32
-0.22
-1.29
-1.64
-1.08
0.5
3.21
6.94
11.42
16.38
21.84
28.2
36.19
46.46
59.19
74.02
89.76
104.67
116.91
125.07
128.52
127.53
123.05
116.24
108.29
99.56
89.47
76.83
60.39
39.46
14.38
-13.62
-42.89
-71.45
-95.88
-111.78
-115.25
-105
-82.94
-52.74
-17.72
17.48
52.8
88.23
122.67
154.05
180.13
199.24
209.79
210.92
202.25
184.1
156.83
121.43
79.84
34.9
-10.01
-51.63
-87.32
-115.37
-134.67
-145.12
-147.29
-142.45
-132.48
-119.51
-105.52
-91.95
-79.77
-69.38
-61.08
-55.02
-51.1
-49.02
-48.41
-49.02
-50.79
-53.8
-57.94
-62.81
-67.56
-71.16
-72.81
-72.24
-69.85
-66.39
-62.54
-58.59
-54.37
-49.42
-43.37
-36.29
-28.78
-21.86
-16.51
-13.25
-12.06
-12.39
-13.62
-15.25
-17.2
-19.55
-22.34
-25.31
-27.92
-29.57
-29.79
-28.48
-26.01
-23.03
-20.21
-17.92
-16.13
-14.58
-12.97
-11.26
-9.76
-8.98
-9.54
-11.6
-14.73
-18.03
-20.52
-21.56
-20.89
-18.7
-15.41
-12.07
-9.48
-8.1
-7.96
-8.85
-10.35
-11.96
-13.22
-14
-15.66
-19.33
-25.34
-33.13
-41.64
-49.99
-57.83
-65.56
-74.13
-86.53
-104.74
-129.19
-159.01
-192.8
-229.11
-266.09
-300.9
-329.46
-349.51
-358.14
-352.64
-331.68
-296.48
-250.88
-200.14
-149.35
-87.94
-14.37
65.37
140.48
201.67
245.46
273.7
290.94
301.53
307.68
307.53
298.35
278.61
249.32
213.76
176.24
140.72
109.5
84.46
63.87
45.89
30.14
18
11.54
11.77
17.79
26.89
35.93
41.31
41.74
38.45
34.19
31.66
32.13
35.38
40.24
45.5
49.79
52.66
54.5
56.11
58.15
60.75
63.57
66
67.56
67.74
66.6
64.74
62.98
61.84
61.21
60.31
58.1
53.84
47.48
39.92
32.81
27.97
26.73
29.3
34.68
41.02
46.32
49.23
49.37
47.19
43.26
37.85
30.77
21.75
10.93
-0.92
-12.75
-23.82
-34.09
-44.19
-54.63
-65.24
-74.99
-82.49
-86.99
-89.05
-90.55
-93.85
-100.63
-110.86
-122.61
-132.57
-137.16
-133.59
-120.7
-99.1
-70.61
-37.67
-2.83
31.4
62.67
89.02
109.3
123.4
132.19
137.11
139.41
139.69
137.58
132.29
123.4
111.6
98.68
86.86
77.54
70.45
63.73
54.83
41.97
25.2
6.42
-11.65
-26.95
-39.18
-50.04
-61.97
-76.75
-94.41
-113.27
-130.99
-145.67
-156.7
-164.62
-170.49
-174.83
-177.28
-176.58
-171.57
-162.06
-149.32
-135.55
-122.61
-110.8
-98.52
-83.34
-63.8
-40.83
-17.54
2.48
17.46
28.48
38.68
50.98
65.84
80.67
91.22
94.12
89.05
79.07
69.1
63.56
64.52
71.15
80.5
89.01
94.07
94.69
91.58
86.61
81.77
78.53
77.48
78.36
80.49
82.73
83.05
77.98
63.14
34.89
-7.14
-58.31
-109.35
-149.11
-168.88
-165.84
-144.09
-112.59
-81.42
-58.28
-47.01
-48.3
-61.42
-85.78
-120.81
-164.69
-212.83
-257.41
-288.45
-296.66
-276.53
-228.22
-157.7
-74.74
10.06
87.71
152.04
199.65
229.24
241.02
236.6
219.02
192.31
160.65
127.61
95.96
68.19
46.87
34.43
31.9
37.88
48.4
58.33
63.45
62.13
55.5
46.17
36.33
26.36
14.85
-0.04
-18.79
-39.44
-57.83
-69.2
-70.21
-60.64
-43.9
-26.04
-13.35
-9.65
-14.66
-24.23
-32.46
-34.72
-29.63
-18.85
-5.48
8.06
20.79
32.26
41.41
46.31
45.64
39.95
32.23
26.09
23.54
23.71
23.99
23.02
22.96
28.58
43.2
64.58
83.77
88.95
72.25
35.1
-11.24
-50.92
-71.12
-67.74
-46.07
-16.78
10.18
29.65
41.74
49.52
55.41
59.21
58.58
51.32
37.4
19.89
4.04
-5.09
-4.66
4.72
19.39
34.44
45.75
51.43
52.17
50.48
49.01
49.32
51.15
52.83
52.43
48.89
42.57
34.98
27.99
22.86
19.76
17.83
15.82
12.8
8.53
3.47
-1.54
-5.76
-8.9
-11.09
-12.82
-14.52
-16.49
-18.77
-21.2
-23.43
-24.91
-24.88
-22.55
-17.3
-9.08
1.44
12.93
23.76
32.54
38.57
41.9
43.12
42.91
41.67
39.37
35.64
30.14
22.88
14.37
5.59
-2.07
-6.99
-7.66
-2.93
7.46
22.54
40.03
56.61
68.72
73.55
69.85
58.16
40.58
19.92
-1.01
-19.97
-35.35
-46.03
-51.13
-49.89
-41.82
-26.91
-5.88
19.67
47.25
73.7
95.58
109.65
113.58
106.49
89.34
64.73
36.31
7.93
-17.29
-37.52
-52.28
-62.11
-68.1
-71.39
-73.05
-74.08
-75.36
-77.61
-81.18
-85.86
-90.95
-95.4
-98.2
-98.85
-97.46
-94.65
-91.24
-87.92
-85.06
-82.63
-80.34
-77.76
-74.47
-70.26
-65.15
-59.49
-53.95
-49.29
-46.05
-44.33
-43.62
-42.96
-41.45
-38.51
-34.2
-29.15
-24.12
-19.68
-16.05
-13.07
-10.47
-8.08
-5.98
-4.37
-3.5
-3.51
-4.42
-6.09
-8.33
-10.8
-13.11
-14.79
-15.45
-14.97
-13.5
-11.46
-9.35
-7.53
-6.04
-4.51
-2.3
1.15
6.06
12.16
18.77
25.05
30.2
33.67
35.2
34.88
33.03
29.97
26.15
22.13
18.46
15.65
14.04
13.88
15.27
18.15
21.79
25.48
28.94
32.47
36.85
42.72
50.33
59.08
67.4
72.2
70.61
61.17
44.5
22.94
-0.56
-23.22
-43.11
-59.49
-73.79
-87.13
-99.38
-108.86
-113.49
-112.48
-106.74
-98.47
-90.63
-87.73
-92.81
-106.66
-127.06
-149.58
-169.15
-180.79
-180.58
-155.54
-101.63
-26.12
53.97
121.28
165.47
183.9
178.88
157.23
125.67
88.91
51.52
16.66
-14.04
-38.12
-56.96
-73.89
-92.11
-113.62
-139.42
-161.91
-173.03
-166.3
-140.19
-99.25
-51.17
-3.46
38.08
69.5
90.05
101.09
106.46
111.15
119.72
134
152.88
172.49
187.54
193.83
188.92
173.48
150.51
123.81
96.81
71.89
49.94
29.81
11.22
-6.22
-22.37
-36.59
-47.84
-54.85
-56.48
-52.61
-44.62
-35.34
-28.79
-28.42
-35.57
-48.52
-62.66
-71.89
-70.94
-57.43
-32.71
-1.53
30.2
57.73
79.06
94.9
107.34
118.06
127.16
133.29
134.37
128.87
116.56
98.7
78.09
58.85
46
44.39
56.91
82.69
116.54
150.05
174.45
183.41
174.78
150.28
113.97
70.65
24.93
-18.59
-55.15
-80.31
-91
-86.9
-70.85
-48.12
-24.68
-5.33
7.62
14.46
17.31
18.69
20.36
22.66
24.67
24.89
22.33
16.99
9.85
2
-5.97
-14.33
-23.74
-34.42
-45.79
-56.51
-65.22
-71.28
-75.12
-77.87
-80.63
-83.85
-87.12
-89.7
-91.15
-91.68
-91.96
-92.61
-93.71
-94.8
-95.18
-94.43
-92.62
-90.18
-87.53
-84.66
-81.13
-76.37
-70.25
-63.44
-57.35
-53.6
-53.41
-56.96
-63.33
-70.81
-77.51
-81.86
-83.04
-81.04
-76.49
-70.32
-63.38
-56.37
-49.77
-43.84
-38.74
-34.44
-30.71
-27.22
-23.65
-19.85
-15.82
-11.67
-7.42
-2.92
2.05
7.72
14.16
21.2
28.56
35.89
42.97
49.6
55.64
60.87
65.09
68.24
70.37
71.68
72.38
72.57
72.31
71.61
70.57
69.34
68.17
67.36
67.25
68.07
69.82
72.04
73.84
74.17
72.19
67.6
60.79
52.62
44.02
35.64
27.67
20.08
12.84
6.07
0.09
-4.9
-8.86
-11.98
-14.57
-16.85
-18.86
-20.49
-21.52
-21.83
-21.41
-20.46
-19.33
-18.41
-18.03
-18.31
-19.15
-20.21
-20.92
-20.64
-18.74
-14.84
-8.96
-1.62
6.2
13.34
18.87
22.42
24.33
25.48
26.85
29.06
32.14
35.5
38.29
39.83
40
39.25
38.49
38.59
40.05
42.76
46.12
49.35
51.84
53.44
54.4
55.17
56.24
57.93
60.46
63.86
67.79
71.13
71.92
67.65
56.2
37.04
11.88
-15.41
-39.95
-57.6
-66.62
-68.3
-66.35
-65.17
-67.87
-74.9
-84.09
-91.84
-95
-92.16
-84.2
-73.57
-63.12
-54.87
-49.57
-46.97
-46.6
-48.12
-51.16
-54.63
-56.49
-54.03
-44.96
-28.66
-6.9
16.58
37.28
51.48
57.24
54.6
44.98
30.51
13.4
-4.24
-20.34
-33.11
-41.15
-43.85
-41.47
-35.42
-28.45
-24.44
-27.04
-37.83
-54.5
-70.54
-77.15
-66.89
-37.43
6.59
54.77
94.95
117.76
119.65
103
73.79
38.4
1.28
-35.5
-71.24
-105.2
-135.76
-160.68
-177.87
-186.3
-186.28
-178.84
-165.01
-145.1
-118.86
-86.21
-48.29
-7.86
30.96
63.89
87.81
101.46
105.84
104.13
101.31
103.13
114.45
137.19
168.92
203.15
231.61
247.62
248.91
238.37
222.63
208.86
201.86
202.5
208.08
214.01
215.69
209.72
194.45
170.17
138.89
104.05
69.73
39.73
16.56
1.21
-6.84
-9.2
-7.76
-4.4
-0.82
1.56
1.71
-0.94
-6.19
-13
-19.82
-25.13
-28.22
-29.67
-31.13
-34.86
-42.66
-55.26
-72.05
-91.1
-109.58
-124.17
-131.73
-130.23
-119.6
-102.05
-81.44
-61.98
-46.65
-36.4
-30.44
-27.42
-26.55
-27.96
-32.04
-38.54
-46.1
-52.65
-56.49
-57.17
-55.61
-53.36
-51.54
-50.19
-48.4
-45.02
-39.4
-31.76
-23.18
-15.03
-8.52
-4.51
-3.5
-5.77
-11.28
-19.66
-30.15
-41.75
-53.32
-63.77
-72.38
-79.05
-84.31
-89.14
-94.66
-101.8
-111.44
-124.12
-139.99
-159.09
-181.15
-205.21
-229.06
-249.16
-261.27
-262.39
-251.07
-227.75
-194.75
-155.9
-115.88
-79.51
-51.04
-33.32
-28.41
-34.97
-47.94
-60.41
-66.6
-64.3
-55.19
-43.47
-33.35
-29.34
-31.77
-36.68
-38.51
-33.64
-21.99
-6.33
9.59
22.5
26.83
20.13
4.09
-16.72
-36.79
-51.13
-55.86
-48.67
-13.07
52.31
133.41
207.66
258
280.16
279.65
264.99
243.1
217.21
183.29
136.73
79.75
19.6
-34.6
-75.3
-98.67
-105.09
-88.52
-56.53
-18.72
18.55
52.84
83.81
110.69
131.79
145.46
151.08
146.57
133.31
115.64
98.84
87.3
82.98
85.27
92.13
100.86
106.66
106.85
100.73
89.02
73.78
56.84
38.85
20.33
1.15
-20.29
-44.83
-72.45
-102.91
-135.17
-165.38
-192.61
-214.75
-227.93
-228.31
-213.59
-185.23
-151.86
-118.07
-88.1
-64.68
-47.24
-32.85
-18.6
-2.93
14.22
31.83
50.6
72.34
98.48
129.6
164.55
200.45
234.35
264.96
285.53
285.22
259.49
210.34
145.73
75.64
7.58
-54.63
-109.63
-157.55
-197.45
-227.6
-247.13
-257.53
-260.56
-258.79
-254.94
-250.92
-247.97
-245.64
-242.22
-236.26
-227.12
-214.83
-199.89
-184.7
-170.83
-159.24
-149.68
-140.98
-132.06
-122.32
-111.7
-100.7
-90.01
-79.93
-70.63
-61.77
-52.55
-42.24
-30.36
-16.61
-1.13
15.71
33.61
52.19
71.12
90.2
109.31
128.49
148.05
168.44
190.05
212.92
236.33
258.68
277.86
292.03
300.27
302.98
301.74
298.68
295.95
295.16
297.26
302.59
310.74
320.38
329.25
334.43
333.13
323.68
306.09
281.97
253.7
223.51
192.81
162.35
132.65
104.59
79.29
57.66
39.84
24.82
10.96
-3.28
-18.53
-34.38
-49.67
-63.22
-74.41
-83.36
-90.67
-96.9
-102.28
-106.68
-109.8
-111.44
-111.7
-110.99
-109.81
-108.62
-107.7
-107.15
-107.01
-107.26
-107.89
-108.77
-109.61
-109.96
-109.25
-106.93
-102.65
-96.35
-88.32
-79.1
-69.32
-59.55
-50.04
-40.79
-31.51
-21.81
-11.42
-0.29
11.26
22.61
32.8
40.77
45.52
46.52
43.85
38.25
30.91
23.15
16.1
10.56
7.14
6.34
8.6
14.09
22.34
32.12
41.62
48.91
52.54
51.7
46.06
35.62
20.74
2.62
-16.54
-33.9
-46.87
-54.5
-58.14
-60.89
-65.9
-74.68
-86.76
-100.45
-114.09
-126.64
-137.17
-144.07
-145.02
-137.89
-122.37
-100.84
-77.59
-56.79
-40.39
-27.42
-15.12
-1.06
15.32
32.37
47.53
58.83
65.88
69.61
71.48
72.77
74.12
75.52
76.81
77.92
79.12
80.71
82.66
84.22
83.94
79.89
70.5
55.24
35.15
12.8
-8.24
-24.51
-33.73
-35.67
-32.42
-27.78
-25.79
-29.05
-37.64
-49.17
-59.83
-66.15
-66.22
-60.24
-49.94
-37.53
-24.87
-13.11
-2.78
5.94
13.17
19.4
25.51
32.55
41.27
51.54
61.95
69.93
72.42
67.03
53.09
32.1
7.48
-16.73
-37.54
-54.1
-67.69
-80.45
-93.34
-104.79
-110.81
-106.69
-89.62
-60.8
-25.59
8.12
32.81
44.02
41.46
28.34
9.52
-10.48
-28.58
-43.04
-52.9
-57.25
-55.29
-46.78
-32.65
-15.37
1.46
14.15
20.13
18.84
12.01
2.98
-4.54
-7.75
-5.77
0.36
8.38
15.88
21.31
24.34
25.53
25.85
26.03
26.38
26.83
27.25
27.53
27.54
27.06
25.61
22.55
17.37
9.92
0.6
-9.69
-19.84
-28.84
-35.99
-40.92
-43.58
-44.03
-42.39
-38.86
-33.76
-27.54
-20.84
-14.24
-8.2
-2.91
1.64
5.62
9.17
12.35
15.14
17.44
19.34
21
22.67
24.6
26.82
29.11
31.01
31.97
31.53
29.51
26.02
21.41
16.22
11.02
6.37
2.74
0.45
-0.42
0.04
1.51
3.63
6.04
8.55
11.07
13.6
16.04
18.16
19.67
20.3
19.89
18.52
16.37
13.73
10.9
8.1
5.5
3.25
1.49
0.32
-0.23
-0.33
-0.32
-0.64
-1.67
-3.55
-6.12
-8.98
-11.68
-13.93
-15.73
-17.32
-18.96
-20.76
-22.63
-24.23
-25.22
-25.3
-24.26
-22.07
-18.78
-14.57
-9.75
-4.73
0.04
4.22
7.61
10.22
12.18
13.59
14.51
14.95
14.95
14.64
14.18
13.74
13.48
13.37
13.39
13.41
13.41
13.4
13.5
13.86
14.59
15.69
16.99
18.19
18.92
18.97
18.35
17.32
16.24
15.38
14.77
14.17
13.27
11.79
9.66
7.06
4.3
1.71
-0.42
-1.89
-2.53
-2.26
-1.11
0.74
3.01
5.31
7.34
8.97
10.23
11.28
12.22
13.04
13.66
13.93
13.83
13.45
12.95
12.43
11.93
11.44
10.94
10.48
10.21
10.24
10.59
11.12
11.59
11.73
11.39
10.57
9.35
7.93
6.47
5.14
4.02
3.08
2.18
1.14
-0.26
-2.12
-4.35
-6.62
-8.46
-9.44
-9.32
-8.2
-6.37
-4.26
-2.18
-0.32
1.31
2.78
4.14
5.39
6.44
7.23
7.69
7.79
7.55
7
6.22
5.32
4.4
3.52
2.69
1.91
1.2
0.63
0.35
0.46
0.96
1.69
2.34
2.67
2.57
2.1
1.51
1.01
0.72
0.59
0.47
0.2
-0.31
-1.04
-1.94
-2.95
-4.05
-5.19
-6.24
-7.01
-7.25
-6.8
-5.67
-4.06
-2.3
-0.68
0.66
1.78
2.84
3.95
5.09
6.07
6.69
6.86
6.63
6.22
5.85
5.61
5.47
5.26
4.85
4.24
3.62
3.21
3.21
3.64
4.32
4.99
5.41
5.45
5.12
4.56
3.91
3.32
2.9
2.73
2.81
3.06
3.37
3.46
3.15
2.27
0.86
-0.95
-2.94
-4.83
-6.41
-7.44
-7.83
-7.62
-7.01
-6.22
-5.46
-4.78
-4.11
-3.36
-2.49
-1.57
-0.8
-0.31
-0.1
0.01
0.26
0.87
1.83
3.02
4.23
5.3
6.2
6.95
7.59
8.08
8.27
8.03
7.25
5.97
4.34
2.6
1
-0.23
-0.93
-1.01
-0.41
0.85
2.7
5
7.49
9.82
11.57
12.4
12.16
10.92
8.93
6.57
4.17
1.94
0.03
-1.51
-2.62
-3.31
-3.62
-3.73
-3.84
-4.12
-4.69
-5.44
-6.17
-6.66
-6.78
-6.53
-6.11
-5.8
-5.82
-6.33
-7.31
-8.64
-10.11
-11.57
-12.87
-13.96
-14.88
-15.7
-16.59
-17.68
-19.05
-20.62
-22.09
-22.96
-22.69
-20.88
-17.45
-12.7
-7.18
-1.52
3.82
8.55
12.56
15.72
17.85
18.68
18.03
15.91
12.65
8.79
5.04
1.97
-0.08
-1.06
-1.16
-0.73
-0.08
0.6
1.28
2.05
3
4.19
5.53
6.89
8.04
8.81
9.11
8.96
8.5
7.96
7.57
7.46
7.67
8.12
8.62
8.97
8.99
8.62
7.83
6.66
5.21
3.59
1.99
0.6
-0.43
-0.99
-1.09
-0.84
-0.4
0.04
0.35
0.44
0.27
-0.1
-0.59
-1.03
-1.29
-1.28
-1.07
-0.81
-0.77
-1.1
-1.83
-2.83
-3.83
-4.56
-4.82
-4.51
-3.61
-2.14
-0.16
2.22
4.82
7.36
9.57
11.28
12.42
13.06
13.36
13.41
13.2
12.62
11.52
9.88
7.82
5.55
3.3
1.18
-0.76
-2.54
-4.16
-5.53
-6.51
-7.04
-7.23
-7.21
-7.14
-7.1
-7.03
-6.89
-6.7
-6.56
-6.64
-6.98
-7.51
-8.02
-8.34
-8.39
-8.25
-8.1
-8.08
-8.19
-8.35
-8.43
-8.41
-8.33
-8.24
-8.2
-8.21
-8.26
-8.36
-8.52
-8.76
-9.03
-9.17
-8.97
-8.3
-7.15
-5.69
-4.2
-2.91
-1.95
-1.26
-0.66
0.05
0.95
2
3.02
3.81
4.24
4.3
4.06
3.67
3.21
2.74
2.27
1.78
1.27
0.81
0.46
0.3
0.36
0.59
0.84
0.95
0.79
0.36
-0.22
-0.79
-1.2
-1.4
-1.47
-1.52
-1.69
-2.04
-2.56
-3.13
-3.62
-3.93
-4.01
-3.91
-3.69
-3.49
-3.42
-3.54
-3.88
-4.36
-4.91
-5.38
-5.7
-5.74
-5.45
-4.8
-3.82
-2.61
-1.31
-0.08
0.9
1.51
1.79
1.81
1.73
1.66
1.65
1.65
1.58
1.37
1.04
0.7
0.48
0.51
0.86
1.48
2.25
3.04
3.69
4.17
4.45
4.57
4.58
4.51
4.37
4.18
3.96
3.75
3.57
3.41
3.25
3.05
2.81
2.54
2.27
1.99
1.69
1.34
0.87
0.26
-0.49
-1.35
-2.27
-3.17
-4
-4.69
-5.15
-5.36
-5.36
-5.2
-5.02
-4.94
-5
-5.15
-5.21
-5
-4.43
-3.6
-2.74
-2.11
-1.83
-1.88
-2.1
-2.24
-2.16
-1.84
-1.39
-0.95
-0.64
-0.44
-0.3
-0.1
0.24
0.69
1.17
1.54
1.67
1.52
1.16
0.72
0.32
-0
-0.3
-0.69
-1.27
-2.08
-3.01
-3.94
-4.71
-5.22
-5.46
-5.51
-5.48
-5.45
-5.45
-5.45
-5.4
-5.3
-5.19
-5.14
-5.21
-5.45
-5.87
-6.43
-7.08
-7.76
-8.32
-8.53
-8.19
-7.16
-5.54
-3.63
-1.82
-0.44
0.4
0.79
0.98
1.15
1.42
1.78
2.15
2.51
2.85
3.22
3.59
3.93
4.12
4.17
4.06
3.87
3.69
3.52
3.33
3.02
2.52
1.84
1.07
0.35
-0.22
-0.57
-0.79
-0.94
-1.14
-1.41
-1.74
-2.03
-2.22
-2.29
-2.27
-2.27
-2.39
-2.71
-3.29
-4.1
-5.08
-6.08
-6.95
-7.54
-7.74
-7.51
-6.86
-5.86
-4.58
-3.19
-1.84
-0.65
0.26
0.89
1.32
1.61
1.84
2.03
2.14
2.13
1.98
1.71
1.34
0.89
0.41
-0.06
-0.4
-0.5
-0.32
0.12
0.64
1.06
1.23
1.17
1.02
0.98
1.18
1.61
2.14
2.55
2.68
2.48
1.99
1.3
0.53
-0.27
-1.04
-1.75
-2.34
-2.73
-2.88
-2.82
-2.62
-2.43
-2.35
-2.45
-2.72
-3.1
-3.51
-3.9
-4.32
-4.77
-5.28
-5.81
-6.33
-6.75
-7.02
-7.07
-6.83
-6.28
-5.4
-4.27
-3.03
-1.85
-0.87
-0.12
0.44
0.89
1.23
1.46
1.51
1.36
1.18
1.16
1.51
2.31
3.47
4.79
6.01
7
7.73
8.28
8.78
9.29
9.79
10.19
10.36
10.23
9.69
8.71
7.32
5.58
3.64
1.7
-0.04
-1.4
-2.35
-2.95
-3.27
-3.4
-3.39
-3.24
-2.93
-2.48
-1.95
-1.43
-1.03
-0.82
-0.82
-1.01
-1.34
-1.7
-2.04
-2.29
-2.45
-2.57
-2.73
-3.03
-3.44
-3.9
-4.24
-4.32
-4.04
-3.41
-2.6
-1.83
-1.3
-1.08
-1.13
-1.31
-1.49
-1.58
-1.61
-1.62
-1.68
-1.73
-1.68
-1.42
-0.9
-0.18
0.58
1.21
1.64
1.89
2.03
2.13
2.19
2.15
1.92
1.47
0.87
0.24
-0.31
-0.68
-0.9
-1.01
-1.08
-1.16
-1.26
-1.31
-1.23
-0.98
-0.59
-0.18
0.05
-0.06
-0.59
-1.42
-2.32
-3
-3.28
-3.19
-2.91
-2.69
-2.73
-3.09
-3.7
-4.43
-5.15
-5.76
-6.21
-6.47
-6.45
-6.07
-5.31
-4.25
-3.08
-2.05
-1.36
-1.08
-1.13
-1.34
-1.49
-1.44
-1.17
-0.76
-0.35
-0.02
0.21
0.38
0.59
0.93
1.46
2.15
2.93
3.67
4.27
4.68
4.83
4.7
4.32
3.73
3.05
2.39
1.81
1.35
1
0.7
0.4
0.12
-0.15
-0.34
-0.45
-0.51
-0.55
-0.63
-0.76
-0.98
-1.3
-1.71
-2.11
-2.43
-2.58
-2.57
-2.49
-2.51
-2.79
-3.42
-4.37
-5.49
-6.62
-7.59
-8.29
-8.66
-8.7
-8.44
-7.92
-7.25
-6.54
-5.91
-5.44
-5.15
-5
-4.88
-4.67
-4.24
-3.54
-2.61
-1.52
-0.42
0.59
1.45
2.19
2.86
3.52
4.22
4.93
5.62
6.25
6.81
7.3
7.75
8.17
8.55
8.77
8.75
8.4
7.72
6.83
5.88
5.02
4.28
3.62
2.91
2.1
1.22
0.42
-0.11
-0.27
-0.06
0.38
0.9
1.37
1.82
2.34
3
3.81
4.63
5.26
5.51
5.28
4.63
3.7
2.71
1.84
1.24
0.98
1.08
1.41
1.85
2.25
2.45
2.39
2.06
1.56
0.96
0.37
-0.18
-0.67
-1.13
-1.59
-2.02
-2.41
-2.7
-2.84
-2.8
-2.58
-2.22
-1.79
-1.4
-1.1
-0.96
-1
-1.12
-1.23
-1.2
-0.95
-0.56
-0.15
0.09
0.06
-0.26
-0.76
-1.38
-2.04
-2.77
-3.53
-4.29
-4.93
-5.37
-5.58
-5.61
-5.52
-5.38
-5.19
-4.95
-4.67
-4.36
-4.08
-3.85
-3.64
-3.39
-3.07
-2.68
-2.32
-2.05
-1.9
-1.83
-1.75
-1.56
-1.16
-0.5
0.41
1.5
2.67
3.81
4.82
5.62
6.13
6.35
6.27
5.97
5.53
5.08
4.78
4.71
4.9
5.25
5.6
5.77
5.69
5.32
4.7
3.91
2.97
1.92
0.81
-0.24
-1.07
-1.52
-1.51
-1.15
-0.66
-0.27
-0.14
-0.29
-0.62
-1.03
-1.44
-1.83
-2.22
-2.55
-2.79
-2.93
-3.02
-3.17
-3.52
-4.13
-4.96
-5.8
-6.4
-6.52
-6.04
-4.99
-3.62
-2.21
-1.12
-0.51
-0.37
-0.48
-0.59
-0.52
-0.24
0.1
0.37
0.45
0.44
0.46
0.65
1.01
1.43
1.78
2.01
2.22
2.55
3.12
3.89
4.67
5.26
5.51
5.45
5.2
4.93
4.72
4.58
4.46
4.28
4.01
3.64
3.15
2.56
1.87
1.14
0.46
-0.02
-0.24
-0.16
0.07
0.31
0.38
0.23
-0.08
-0.39
-0.51
-0.37
-0.05
0.2
0.13
-0.4
-1.35
-2.44
-3.4
-3.95
-3.97
-3.54
-2.85
-2.1
-1.44
-0.97
-0.63
-0.35
-0.01
0.49
1.22
2.17
3.29
4.49
5.64
6.66
7.41
7.82
7.89
7.74
7.52
7.37
7.33
7.36
7.32
7.08
6.63
6.04
5.42
4.88
4.38
3.85
3.22
2.51
1.74
0.99
0.3
-0.35
-1
-1.62
-2.2
-2.73
-3.23
-3.76
-4.39
-5.08
-5.79
-6.42
-6.93
-7.35
-7.77
-8.28
-8.88
-9.5
-10.01
-10.25
-10.12
-9.63
-8.85
-7.88
-6.84
-5.78
-4.73
-3.64
-2.49
-1.23
0.13
1.54
2.92
4.09
4.91
5.3
5.3
5.06
4.82
4.78
4.99
5.36
5.7
5.86
5.78
5.5
5.11
4.71
4.37
4.06
3.78
3.51
3.24
2.97
2.67
2.29
1.81
1.25
0.62
0
-0.56
-1.02
-1.34
-1.57
-1.73
-1.84
-1.9
-1.91
-1.88
-1.87
-1.95
-2.18
-2.57
-3.03
-3.48
-3.83
-4.03
-4.05
-3.88
-3.53
-2.96
-2.2
-1.32
-0.48
0.18
0.57
0.69
0.64
0.57
0.54
0.6
0.71
0.84
0.97
1.13
1.35
1.64
1.96
2.24
2.41
2.44
2.4
2.39
2.55
2.95
3.52
4.1
4.47
4.45
4.03
3.31
2.53
1.91
1.55
1.44
1.48
1.55
1.55
1.44
1.18
0.74
0.11
-0.67
-1.49
-2.14
-2.47
-2.39
-1.97
-1.45
-1.07
-1.03
-1.32
-1.82
-2.37
-2.79
-3.04
-3.08
-2.89
-2.45
-1.77
-0.93
-0.07
0.62
1.04
1.2
1.21
1.18
1.18
1.19
1.13
0.98
0.75
0.55
0.43
0.39
0.37
0.3
0.19
0.15
0.28
0.69
1.37
2.22
3.08
3.81
4.32
4.61
4.69
4.63
4.48
4.36
4.35
4.49
4.75
4.99
5.05
4.84
4.38
3.79
3.2
2.67
2.17
1.58
0.8
-0.16
-1.15
-1.96
-2.41
-2.47
-2.23
-1.88
-1.62
-1.59
-1.82
-2.28
-2.93
-3.74
-4.63
-5.5
-6.21
-6.54
-6.4
-5.78
-4.85
-3.87
-3.08
-2.63
-2.5
-2.53
-2.56
-2.46
-2.17
-1.75
-1.33
-0.99
-0.85
-0.92
-1.2
-1.64
-2.14
-2.66
-3.14
-3.56
-3.87
-4.03
-4.03
-3.87
-3.57
-3.19
-2.8
-2.46
-2.18
-1.95
-1.75
-1.56
-1.36
-1.15
-0.93
-0.73
-0.59
-0.54
-0.58
-0.69
-0.79
-0.81
-0.76
-0.64
-0.47
-0.24
0.05
0.39
0.72
0.96
0.99
0.73
0.19
-0.5
-1.18
-1.66
-1.83
-1.65
-1.17
-0.52
0.21
0.91
1.54
2.06
2.48
2.76
2.91
2.93
2.88
2.82
2.83
2.97
3.23
3.57
3.87
4.04
4.04
3.87
3.59
3.26
2.96
2.7
2.47
2.22
1.9
1.46
0.86
0.12
-0.76
-1.68
-2.54
-3.22
-3.64
-3.78
-3.67
-3.36
-2.94
-2.53
-2.21
-2.07
-2.13
-2.4
-2.82
-3.29
-3.68
-3.9
-3.91
-3.75
-3.56
-3.44
-3.47
-3.62
-3.77
-3.79
-3.56
-3.09
-2.44
-1.78
-1.25
-0.95
-0.87
-0.92
-0.96
-0.82
-0.45
0.12
0.79
1.45
1.99
2.43
2.82
3.22
3.66
4.13
4.57
4.94
5.17
5.21
5
4.51
3.78
2.9
2.11
1.62
1.57
1.93
2.5
2.95
3.04
2.67
1.97
1.2
0.63
0.41
0.51
0.74
0.86
0.69
0.19
-0.56
-1.38
-2.11
-2.65
-2.99
-3.2
-3.42
-3.71
-4.1
-4.54
-4.95
-5.2
-5.23
-4.93
-4.3
-3.38
-2.28
-1.16
-0.19
0.48
0.78
0.75
0.47
0.12
-0.19
-0.37
-0.39
-0.3
-0.12
0.07
0.22
0.29
0.26
0.13
-0.03
-0.11
-0.04
0.24
0.7
1.22
1.65
1.83
1.72
1.34
0.81
0.29
-0.12
-0.33
-0.35
-0.24
-0.09
0.02
0.02
-0.09
-0.29
-0.52
-0.72
-0.83
-0.87
-0.88
-0.94
-1.1
-1.36
-1.68
-1.99
-2.22
-2.35
-2.37
-2.31
-2.2
-2.11
-2.05
-1.99
-1.89
-1.68
-1.34
-0.85
-0.26
0.38
1
1.6
2.19
2.71
3.07
3.18
2.99
2.56
2.08
1.7
1.52
1.55
1.7
1.91
2.09
2.19
2.15
1.95
1.51
0.89
0.19
-0.42
-0.75
-0.76
-0.52
-0.17
0.14
0.35
0.48
0.61
0.78
1.01
1.24
1.37
1.36
1.19
0.94
0.68
0.5
0.4
0.35
0.26
0.07
-0.23
-0.62
-1.05
-1.46
-1.9
-2.43
-3.14
-4.06
-5.13
-6.19
-7.01
-7.4
-7.21
-6.46
-5.29
-3.92
-2.59
-1.49
-0.71
-0.22
0.08
0.32
0.55
0.82
1.08
1.32
1.57
1.86
2.21
2.6
2.97
3.23
3.33
3.26
3.12
3
2.95
2.98
3.02
2.97
2.76
2.35
1.8
1.17
0.56
0.01
-0.42
-0.68
-0.8
-0.8
-0.75
-0.71
-0.75
-0.89
-1.13
-1.44
-1.81
-2.23
-2.67
-3.09
-3.39
-3.51
-3.41
-3.1
-2.62
-2.05
-1.47
-0.98
-0.69
-0.69
-1.04
-1.66
-2.36
-2.92
-3.1
-2.83
-2.16
-1.32
-0.55
-0.04
0.14
0.07
-0.14
-0.33
-0.44
-0.43
-0.34
-0.19
0.01
0.26
0.54
0.76
0.88
0.91
0.95
1.1
1.46
2.02
2.65
3.16
3.33
3.06
2.37
1.37
0.26
-0.77
-1.53
-1.92
-1.94
-1.71
-1.39
-1.14
-1.02
-1.01
-0.99
-0.92
-0.77
-0.63
-0.56
-0.65
-0.92
-1.35
-1.9
-2.53
-3.13
-3.6
-3.84
-3.79
-3.46
-2.97
-2.5
-2.2
-2.18
-2.42
-2.81
-3.15
-3.24
-2.94
-2.28
-1.41
-0.56
0.03
0.29
0.31
0.25
0.29
0.47
0.69
0.84
0.83
0.72
0.66
0.79
1.19
1.76
2.33
2.74
2.94
2.98
2.97
3.02
3.13
3.23
3.21
3.02
2.66
2.22
1.85
1.63
1.65
1.87
2.25
2.73
3.23
3.7
4.05
4.18
3.98
3.41
2.48
1.32
0.12
-0.93
-1.74
-2.32
-2.76
-3.17
-3.58
-4.02
-4.42
-4.73
-4.95
-5.08
-5.16
-5.19
-5.13
-4.91
-4.54
-4.07
-3.56
-3.11
-2.71
-2.29
-1.74
-1.02
-0.18
0.67
1.33
1.67
1.7
1.55
1.43
1.5
1.85
2.45
3.17
3.85
4.36
4.62
4.66
4.51
4.25
3.92
3.55
3.12
2.62
2.01
1.27
0.36
-0.68
-1.83
-3.03
-4.19
-5.26
-6.24
-7.13
-7.96
-8.78
-9.56
-10.27
-10.88
-11.32
-11.53
-11.45
-10.95
-9.89
-8.19
-5.78
-2.77
0.61
4.02
7.1
9.54
11.12
11.82
11.71
10.97
9.79
8.3
6.63
4.95
3.41
2.19
1.46
1.25
1.52
2.1
2.86
3.66
4.43
5.08
5.56
5.81
5.79
5.52
5.04
4.45
3.83
3.26
2.79
2.46
2.31
2.28
2.34
2.41
2.45
2.46
2.49
2.57
2.65
2.66
2.48
2.07
1.46
0.83
0.32
0.09
0.16
0.42
0.69
0.8
0.68
0.36
0.03
-0.18
-0.13
0.12
0.45
0.69
0.71
0.52
0.21
-0.12
-0.36
-0.51
-0.64
-0.87
-1.27
-1.87
-2.62
-3.44
-4.23
-4.92
-5.43
-5.75
-5.88
-5.85
-5.72
-5.45
-5.03
-4.44
-3.7
-2.84
-2.01
-1.29
-0.78
-0.52
-0.47
-0.56
-0.74
-0.95
-1.16
-1.31
-1.36
-1.28
-1.06
-0.75
-0.42
-0.17
-0.1
-0.19
-0.39
-0.57
-0.6
-0.42
-0.02
0.44
0.76
0.73
0.19
-0.78
-1.96
-3.03
-3.72
-3.91
-3.69
-3.26
-2.8
-2.45
-2.17
-1.9
-1.62
-1.37
-1.22
-1.25
-1.46
-1.8
-2.16
-2.45
-2.61
-2.6
-2.43
-2.14
-1.77
-1.4
-1.07
-0.83
-0.69
-0.59
-0.53
-0.45
-0.36
-0.28
-0.2
-0.11
0.05
0.3
0.65
1.05
1.42
1.66
1.75
1.69
1.6
1.55
1.61
1.81
2.08
2.35
2.5
2.5
2.3
1.94
1.52
1.14
0.88
0.79
0.83
0.96
1.13
1.29
1.41
1.45
1.35
1.1
0.72
0.31
0.01
-0.14
-0.2
-0.35
-0.74
-1.41
-2.24
-2.96
-3.36
-3.33
-2.96
-2.47
-2.08
-1.91
-1.99
-2.2
-2.42
-2.51
-2.36
-1.93
-1.26
-0.45
0.36
1.03
1.57
2.05
2.6
3.3
4.07
4.69
4.92
4.59
3.68
2.4
1.06
-0.07
-0.76
-1.01
-0.92
-0.63
-0.29
0
0.26
0.43
0.53
0.6
0.69
0.84
1.09
1.38
1.62
1.71
1.54
1.17
0.69
0.23
-0.15
-0.43
-0.66
-0.84
-0.94
-0.92
-0.78
-0.52
-0.22
0.08
0.36
0.59
0.71
0.66
0.34
-0.2
-0.85
-1.46
-1.89
-2.14
-2.34
-2.67
-3.23
-3.99
-4.82
-5.53
-5.99
-6.14
-6.03
-5.71
-5.22
-4.54
-3.66
-2.57
-1.38
-0.21
0.79
1.53
1.98
2.21
2.26
2.17
1.96
1.61
1.14
0.6
0.08
-0.33
-0.57
-0.62
-0.55
-0.41
-0.29
-0.21
-0.18
-0.16
-0.1
0.01
0.16
0.31
0.41
0.41
0.3
0.11
-0.09
-0.23
-0.29
-0.26
-0.2
-0.22
-0.38
-0.7
-1.11
-1.52
-1.82
-2.01
-2.17
-2.41
-2.82
-3.36
-3.93
-4.39
-4.62
-4.56
-4.21
-3.6
-2.82
-1.95
-1.15
-0.55
-0.29
-0.35
-0.59
-0.81
-0.8
-0.51
0.02
0.61
1.11
1.4
1.47
1.35
1.12
0.82
0.53
0.3
0.25
0.45
0.97
1.83
2.95
4.26
5.64
6.96
8.1
8.99
9.64
10.09
10.45
10.74
10.95
10.95
10.61
9.83
8.66
7.24
5.81
4.55
3.52
2.63
1.72
0.58
-0.87
-2.67
-4.73
-6.92
-9.11
-11.12
-12.74
-13.78
-14.1
-13.71
-12.74
-11.41
-9.95
-8.51
-7.11
-5.76
-4.43
-3.15
-1.99
-0.97
-0.11
0.68
1.43
2.18
2.89
3.53
4.06
4.53
5.03
5.59
6.19
6.66
6.88
6.73
6.22
5.47
4.62
3.79
3
2.2
1.29
0.24
-0.92
-2.09
-3.16
-4.01
-4.58
-4.91
-5.12
-5.34
-5.62
-5.91
-6.08
-6
-5.6
-4.95
-4.22
-3.6
-3.2
-3.06
-3.17
-3.47
-3.94
-4.52
-5.14
-5.69
-6.05
-6.22
-6.24
-6.27
-6.4
-6.64
-6.87
-6.93
-6.68
-6.1
-5.31
-4.51
-3.82
-3.28
-2.82
-2.26
-1.5
-0.48
0.7
1.9
2.93
3.65
4.06
4.23
4.32
4.5
4.83
5.26
5.64
5.79
5.59
5.08
4.42
3.84
3.58
3.78
4.48
5.65
7.21
9.06
11.15
13.43
15.83
18.24
20.51
22.51
24.12
25.32
26.18
26.79
27.23
27.45
27.32
26.67
25.38
23.45
20.99
18.18
15.21
12.22
9.26
6.37
3.6
1.05
-1.21
-3.05
-4.44
-5.4
-6.03
-6.46
-6.82
-7.2
-7.59
-7.95
-8.19
-8.23
-8.07
-7.77
-7.45
-7.19
-7.06
-7.06
-7.18
-7.44
-7.85
-8.42
-9.08
-9.69
-10.11
-10.23
-10.06
-9.71
-9.36
-9.15
-9.14
-9.28
-9.42
-9.43
-9.27
-8.95
-8.54
-8.13
-7.75
-7.4
-7.08
-6.76
-6.48
-6.24
-6.05
-5.89
-5.72
-5.55
-5.41
-5.33
-5.3
-5.22
-4.99
-4.53
-3.9
-3.25
-2.75
-2.45
-2.3
-2.16
-1.92
-1.6
-1.29
-1.14
-1.18
-1.35
-1.5
-1.58
-1.57
-1.5
-1.38
-1.17
-0.82
-0.33
0.21
0.61
0.73
0.49
0.01
-0.46
-0.72
-0.65
-0.34
0.06
0.38
0.55
0.56
0.48
0.38
0.24
0.06
-0.2
-0.53
-0.85
-1.09
-1.19
-1.14
-1.01
-0.85
-0.73
-0.69
-0.79
-1.06
-1.51
-2.12
-2.82
-3.53
-4.15
-4.59
-4.81
-4.84
-4.72
-4.51
-4.26
-4
-3.71
-3.36
-2.92
-2.42
-1.93
-1.54
-1.33
-1.39
-1.74
-2.43
-3.43
-4.61
-5.78
-6.65
-6.9
-6.37
-5.09
-3.19
-0.91
1.51
3.94
6.29
8.49
10.51
12.3
13.83
15.1
16.06
16.62
16.72
16.29
15.35
14.02
12.42
10.71
9.03
7.47
6.11
4.97
4.01
3.16
2.37
1.56
0.73
-0.04
-0.74
-1.37
-1.98
-2.61
-3.29
-3.91
-4.34
-4.5
-4.35
-3.99
-3.57
-3.23
-3.02
-2.92
-2.84
-2.74
-2.63
-2.53
-2.5
-2.54
-2.61
-2.68
-2.75
-2.85
-3.03
-3.31
-3.67
-4.04
-4.38
-4.63
-4.81
-4.92
-4.97
-4.95
-4.84
-4.6
-4.26
-3.87
-3.48
-3.18
-3.08
-3.21
-3.59
-4.12
-4.62
-4.94
-4.95
-4.63
-4.06
-3.4
-2.76
-2.24
-1.85
-1.54
-1.28
-1.02
-0.75
-0.51
-0.34
-0.31
-0.44
-0.75
-1.18
-1.63
-1.97
-2.1
-2.03
-1.83
-1.6
-1.43
-1.36
-1.36
-1.37
-1.36
-1.32
-1.31
-1.38
-1.53
-1.71
-1.82
-1.77
-1.52
-1.05
-0.4
0.45
1.49
2.69
4.02
5.37
6.64
7.68
8.36
8.61
8.44
7.88
6.96
5.77
4.38
2.94
1.58
0.42
-0.5
-1.24
-1.87
-2.46
-3.02
-3.5
-3.81
-3.87
-3.68
-3.31
-2.84
-2.32
-1.74
-1.05
-0.22
0.74
1.74
2.62
3.24
3.53
3.52
3.3
2.97
2.59
2.19
1.81
1.51
1.42
1.6
2
2.46
2.73
2.61
2.02
1.07
-0.01
-0.97
-1.7
-2.25
-2.78
-3.44
-4.27
-5.13
-5.84
-6.23
-6.24
-5.99
-5.71
-5.57
-5.63
-5.8
-5.89
-5.76
-5.39
-4.86
-4.29
-3.81
-3.51
-3.38
-3.38
-3.43
-3.48
-3.5
-3.5
-3.46
-3.39
-3.25
-2.99
-2.56
-1.94
-1.15
-0.25
0.72
1.78
2.99
4.43
6.09
7.86
9.57
10.99
12.01
12.69
13.22
13.83
14.77
16.14
17.88
19.81
21.7
23.29
24.46
25.23
25.78
26.38
27.31
28.74
30.66
32.9
35.12
37.02
38.44
39.44
40.3
41.53
43.64
47.01
51.61
56.84
61.68
64.8
64.87
60.96
52.8
40.95
26.83
12.42
-0.12
-9.02
-13.42
-13.63
-10.96
-7.26
-4.16
-2.6
-2.78
-4.42
-7.17
-10.9
-15.64
-21.22
-27.14
-32.58
-36.72
-39.16
-40.15
-40.39
-40.67
-41.36
-42.23
-42.68
-42.07
-40.08
-36.91
-33.08
-29.18
-25.6
-22.35
-19.2
-15.95
-12.61
-9.42
-6.73
-4.86
-3.89
-3.69
-3.94
-4.37
-4.87
-5.53
-6.57
-8.13
-10.17
-12.37
-14.33
-15.6
-15.96
-15.42
-14.18
-12.61
-11.03
-9.69
-8.66
-7.87
-7.17
-6.42
-5.62
-4.83
-4.22
-3.92
-3.97
-4.33
-4.91
-5.62
-6.45
-7.35
-8.29
-9.21
-10.04
-10.75
-11.41
-12.07
-12.75
-13.36
-13.71
-13.63
-13.04
-12.03
-10.84
-9.79
-9.08
-8.8
-8.88
-9.1
-9.25
-9.27
-9.15
-9
-8.89
-8.87
-8.93
-9.02
-9.09
-9.16
-9.33
-9.69
-10.3
-11.15
-12.16
-13.26
-14.34
-15.32
-16.18
-16.91
-17.47
-17.87
-18.08
-18.02
-17.6
-16.7
-15.14
-12.71
-9.19
-4.46
1.38
7.99
14.8
21.18
26.61
30.87
34.06
36.38
38.01
38.92
38.93
37.92
35.94
33.34
30.6
28.09
25.94
23.95
21.83
19.31
16.33
12.99
9.41
5.66
1.69
-2.54
-6.97
-11.35
-15.3
-18.44
-20.56
-21.69
-22.05
-21.91
-21.47
-20.81
-19.84
-18.45
-16.61
-14.43
-12.12
-9.93
-8.05
-6.59
-5.65
-5.24
-5.35
-5.89
-6.62
-7.24
-7.46
-7.18
-6.51
-5.74
-5.18
-4.96
-5.03
-5.1
-4.93
-4.31
-3.29
-2.01
-0.74
0.27
0.84
0.82
0.21
-0.98
-2.65
-4.6
-6.6
-8.38
-9.72
-10.48
-10.59
-10.06
-8.94
-7.35
-5.46
-3.49
-1.63
-0.07
1.15
2.09
2.95
3.91
5.05
6.35
7.62
8.62
9.18
9.25
8.95
8.46
7.95
7.44
6.95
6.39
5.84
5.38
5.13
5.09
5.12
5.04
4.67
4.03
3.17
2.24
1.35
0.52
-0.24
-0.92
-1.45
-1.8
-1.96
-2.07
-2.26
-2.69
-3.4
-4.31
-5.29
-6.14
-6.68
-6.81
-6.47
-5.66
-4.49
-3.15
-1.86
-0.86
-0.27
-0.06
-0.05
0.02
0.38
1.12
2.1
3.13
3.99
4.59
4.97
5.27
5.59
5.95
6.28
6.46
6.47
6.34
6.22
6.19
6.27
6.41
6.5
6.48
6.36
6.17
5.92
5.61
5.21
4.71
4.13
3.48
2.81
2.14
1.49
0.88
0.31
-0.2
-0.7
-1.22
-1.82
-2.43
-2.91
-3.08
-2.79
-2.03
-0.96
0.2
1.22
1.99
2.54
2.95
3.27
3.51
3.62
3.55
3.3
2.92
2.46
2.01
1.59
1.22
0.96
0.8
0.75
0.78
0.81
0.86
0.95
1.11
1.37
1.69
1.97
2.13
2.15
2.07
1.94
1.79
1.61
1.37
1.1
0.81
0.54
0.33
0.14
-0.07
-0.34
-0.66
-0.99
-1.24
-1.44
-1.59
-1.77
-2.07
-2.5
-3.07
-3.67
-4.15
-4.35
-4.15
-3.52
-2.58
-1.56
-0.64
0.02
0.39
0.56
0.62
0.61
0.5
0.24
-0.13
-0.51
-0.73
-0.64
-0.24
0.36
0.94
1.38
1.64
1.83
2.08
2.44
2.89
3.31
3.58
3.64
3.53
3.28
2.99
2.74
2.58
2.55
2.68
2.93
3.21
3.46
3.59
3.57
3.37
3
2.46
1.78
1.03
0.31
-0.34
-0.88
-1.38
-1.9
-2.46
-2.99
-3.38
-3.45
-3.08
-2.23
-0.96
0.54
2.04
3.32
4.23
4.72
4.84
4.66
4.25
3.64
2.85
1.94
1.05
0.35
0.02
0.08
0.4
0.77
0.98
0.96
0.76
0.56
0.48
0.58
0.77
0.89
0.82
0.58
0.23
-0.05
-0.14
-0.04
0.19
0.46
0.69
0.86
0.98
1.04
1.03
0.93
0.74
0.54
0.41
0.41
0.5
0.53
0.31
-0.25
-1.15
-2.23
-3.21
-3.85
-4.04
-3.74
-3.05
-2.11
-1.05
0
0.95
1.74
2.35
2.77
3.03
3.18
3.27
3.36
3.51
3.7
3.89
3.98
3.86
3.44
2.74
1.85
0.95
0.22
-0.27
-0.51
-0.62
-0.71
-0.87
-1.11
-1.38
-1.56
-1.59
-1.42
-1.05
-0.51
0.12
0.75
1.25
1.53
1.55
1.39
1.24
1.21
1.35
1.53
1.58
1.36
0.84
0.14
-0.54
-1.03
-1.29
-1.38
-1.45
-1.62
-1.95
-2.4
-2.86
-3.15
-3.13
-2.73
-2.01
-1.13
-0.33
0.14
0.17
-0.2
-0.79
-1.38
-1.82
-2.08
-2.24
-2.4
-2.58
-2.71
-2.57
-1.86
-0.17
2.97
8.1
15.69
26.03
39.07
54.28
70.64
86.76
101.09
112.21
119.1
121.33
119.08
112.99
103.77
91.81
77
58.93
37.39
13.02
-12.55
-36.89
-57.49
-72.6
-81.66
-85.41
-85.36
-83.27
-80.61
-78.34
-76.94
-76.47
-76.66
-76.92
-76.4
-74.18
-69.65
-62.79
-54.23
-45.03
-36.22
-28.44
-21.76
-15.83
-10.28
-4.98
-0.15
3.84
6.79
8.78
10.17
11.31
12.31
12.99
13.05
12.29
10.8
9.01
7.55
6.97
7.57
9.25
11.67
14.28
16.54
17.94
18.09
16.78
14.04
10.22
5.96
1.92
-1.4
-3.85
-5.68
-7.27
-8.85
-10.4
-11.64
-12.31
-12.29
-11.68
-10.68
-9.39
-7.87
-6.09
-4.13
-2.26
-0.77
0.24
0.87
1.49
2.52
4.12
6.17
8.26
9.98
11.06
11.49
11.48
11.31
11.29
11.64
12.5
13.88
15.72
17.8
19.83
21.57
22.96
24.19
25.54
27.29
29.5
31.98
34.36
36.18
37.05
36.67
34.99
32.12
28.5
24.77
21.73
20.11
20.3
22.29
25.67
29.9
34.53
39.47
44.77
50.54
56.68
62.79
68.32
72.73
75.69
77.14
77.25
76.18
73.94
70.35
65.03
57.7
48.34
37.4
25.77
14.69
5.42
-1.04
-4.22
-4.23
-1.69
2.48
7.35
12.07
15.83
17.77
16.89
12.42
4.11
-7.2
-19.69
-31
-39.07
-43.06
-43.6
-42.49
-41.74
-42.61
-45.18
-48.46
-51.18
-52.38
-51.88
-50.17
-48.04
-46.24
-45.16
-44.86
-45.1
-45.57
-46.06
-46.51
-46.97
-47.6
-48.57
-50.05
-52.2
-55.1
-58.62
-62.42
-65.81
-67.95
-68.09
-65.85
-61.41
-55.47
-48.98
-42.82
-37.58
-33.45
-30.27
-27.65
-25.1
-22.26
-19.01
-15.6
-12.6
-10.65
-10.2
-11.3
-13.67
-16.83
-20.35
-23.9
-27.17
-29.85
-31.59
-32.17
-31.71
-30.68
-29.67
-29.23
-29.51
-30.27
-30.99
-31.03
-29.82
-27.06
-22.72
-17.13
-10.87
-4.66
0.89
5.52
9.45
13.3
17.81
23.57
30.77
39.09
47.86
56.2
63.27
68.42
71.21
71.44
69.17
64.72
58.64
51.7
44.73
38.51
33.63
30.41
28.88
28.8
29.66
30.78
31.41
30.91
28.93
25.54
21.22
16.67
12.53
9.17
6.57
4.35
2.07
-0.64
-3.86
-7.51
-11.36
-15.21
-18.83
-22.06
-24.7
-26.56
-27.53
-27.68
-27.32
-26.89
-26.88
-27.66
-29.42
-32.13
-35.53
-39.16
-42.45
-44.73
-45.47
-44.49
-42.04
-38.66
-34.88
-30.92
-26.53
-21.16
-14.2
-5.35
5.09
16.31
27.18
36.44
43.01
46.09
45.39
41.26
34.69
26.91
18.95
11.17
3.06
-6.32
-17.58
-30.21
-42.3
-51
-53.61
-48.62
-36.46
-19.29
-0.11
18.12
33.4
44.79
52.17
55.74
55.79
52.6
46.63
38.76
30.18
22.12
15.47
10.42
6.54
2.99
-0.99
-5.69
-10.72
-15.34
-18.81
-20.85
-21.73
-22.13
-22.79
-24.2
-26.41
-29.1
-31.8
-34.02
-35.53
-36.27
-36.4
-36.12
-35.58
-34.86
-33.95
-32.8
-31.33
-29.5
-27.31
-24.85
-22.22
-19.52
-16.87
-14.35
-12.01
-9.9
-8.09
-6.62
-5.62
-5.16
-5.31
-6.06
-7.25
-8.6
-9.71
-10.18
-9.7
-8.21
-5.9
-3.18
-0.52
1.66
3.22
4.22
4.9
5.55
6.33
7.23
8.02
8.36
7.9
6.51
4.28
1.53
-1.35
-4.02
-6.29
-8.16
-9.68
-10.92
-11.86
-12.43
-12.57
-12.32
-11.83
-11.29
-10.93
-10.87
-11.12
-11.68
-12.46
-13.34
-14.13
-14.57
-14.36
-13.29
-11.3
-8.55
-5.38
-2.11
1.02
3.88
6.44
8.69
10.55
11.99
12.95
13.52
13.86
14.09
14.27
14.31
14.1
13.56
12.79
11.95
11.18
10.59
10.1
9.57
8.89
8
6.99
6.02
5.25
4.79
4.7
4.92
5.31
5.74
6.05
6.11
5.86
5.26
4.36
3.26
2.07
0.93
-0.08
-0.99
-1.87
-2.84
-3.99
-5.25
-6.44
-7.27
-7.46
-6.81
-5.33
-3.2
-0.76
1.57
3.46
4.72
5.39
5.63
5.66
5.62
5.53
5.31
4.87
4.23
3.51
2.89
2.45
2.07
1.49
0.43
-1.17
-3.05
-4.73
-5.75
-5.86
-5.13
-3.87
-2.4
-0.84
0.91
3.03
5.6
8.39
10.91
12.58
12.95
11.95
9.9
7.45
5.2
3.48
2.16
0.78
-1.27
-4.41
-8.58
-13.23
-17.4
-20.11
-20.66
-18.81
-14.78
-9.24
-3.11
2.62
7.05
9.61
10.2
9.3
7.69
6.18
5.37
5.35
5.74
6.01
5.74
4.91
3.93
3.46
4.24
6.89
11.52
17.46
23.33
27.36
28.06
24.85
18.33
10.07
1.94
-4.64
-9.09
-11.73
-13.2
-14.04
-14.43
-14.27
-13.4
-11.83
-9.82
-7.6
-5.42
-3.46
-1.8
-0.41
0.77
1.83
2.78
3.51
3.87
3.74
3.07
2.07
1.13
0.71
1.05
2.09
3.52
4.97
6.17
6.98
7.4
7.43
6.95
5.79
3.88
1.39
-1.27
-3.65
-5.45
-6.55
-6.97
-6.69
-5.6
-3.54
-0.55
3.06
6.67
9.57
11.28
11.67
11
9.75
8.42
7.26
6.36
5.71
5.34
5.38
5.98
7.1
8.48
9.57
9.78
8.66
6.13
2.57
-1.37
-4.99
-7.84
-9.82
-11.08
-11.89
-12.4
-12.57
-12.28
-11.42
-10.08
-8.56
-7.26
-6.6
-6.8
-7.85
-9.47
-11.25
-12.7
-13.4
-13.1
-11.74
-9.47
-6.63
-3.65
-0.92
1.32
2.99
4.11
4.76
4.99
4.86
4.47
4
3.77
4.16
5.42
7.47
9.92
12.19
13.72
14.29
14.02
13.19
12.07
10.68
8.87
6.49
3.64
0.64
-2.07
-4.16
-5.56
-6.43
-7.05
-7.57
-8.05
-8.46
-8.9
-9.56
-10.62
-12.11
-13.75
-15.01
-15.3
-14.25
-11.87
-8.63
-5.2
-2.22
-0.04
1.47
2.83
4.65
7.33
10.82
14.59
17.84
19.85
20.1
18.37
14.78
9.69
3.7
-2.32
-7.39
-10.6
-11.42
-9.98
-7.05
-3.67
-0.8
1.04
1.91
2.19
2.32
2.55
2.87
3.07
2.96
2.41
1.43
0.07
-1.5
-3.11
-4.5
-5.41
-5.62
-5.01
-3.71
-2.04
-0.43
0.73
1.17
0.82
-0.22
-1.73
-3.4
-4.95
-6.1
-6.71
-6.83
-6.69
-6.62
-7.02
-8.13
-9.99
-12.36
-14.82
-16.85
-18.08
-18.36
-17.85
-17.01
-16.43
-16.69
-18.05
-20.46
-23.37
-26.15
-28.02
-28.57
-27.69
-25.78
-23.55
-21.72
-20.89
-21.1
-22.11
-23.23
-23.78
-23.32
-21.8
-19.65
-17.45
-15.74
-14.75
-14.51
-14.98
-16.33
-18.84
-22.59
-27.19
-31.45
-33.53
-31.28
-22.93
-7.99
12.42
35.61
58.25
77.08
89.66
94.7
92.23
83.22
69.21
52.01
33.21
14.51
-2.49
-16.07
-24.8
-27.66
-24.27
-14.98
-0.77
16.84
35.84
54.01
69.22
79.66
84.56
84.54
81.41
77.43
73.93
70.37
64.53
53.83
37.24
16.27
-5.28
-22.88
-33.15
-35.14
-30.24
-21.08
-10.1
1.43
13.42
26
38.71
49.98
57.67
60.01
56.72
49.3
40.43
32.87
28.15
25.94
24.72
22.79
19.48
15.58
12.82
12.75
15.84
21.16
26.79
30.56
30.7
26.38
17.84
6.29
-6.56
-19.12
-30.37
-39.83
-47.4
-52.97
-56.19
-56.76
-54.71
-50.79
-46.45
-43.27
-42.35
-43.79
-46.72
-49.81
-52.02
-52.95
-52.91
-52.49
-52.09
-51.65
-50.77
-48.96
-45.99
-41.97
-37.15
-31.7
-25.51
-18.27
-9.69
0.2
10.89
21.53
31.25
39.5
46.2
51.79
56.88
61.92
66.92
71.44
74.75
76.23
75.59
72.86
68.35
62.37
55.03
46.38
36.62
26.28
16.32
7.85
1.84
-1.28
-1.71
-0.3
1.75
3.19
3.05
0.86
-3.24
-8.6
-14.28
-19.4
-23.43
-26.34
-28.5
-30.4
-32.34
-34.26
-35.89
-36.95
-37.36
-37.31
-37.08
-36.89
-36.83
-36.75
-36.53
-36.1
-35.51
-34.85
-34.13
-33.26
-32.07
-30.45
-28.35
-25.93
-23.5
-21.44
-20.06
-19.52
-19.72
-20.35
-21.04
-21.37
-21.13
-20.24
-18.75
-16.75
-14.32
-11.43
-8.06
-4.2
-0.02
4.16
7.9
10.82
12.73
13.66
13.84
13.5
12.76
11.62
10.09
8.32
6.64
5.41
4.91
5.15
5.9
6.87
7.86
8.74
9.48
9.96
9.93
9.22
7.83
6.1
4.52
3.54
3.22
3.3
3.28
2.69
1.43
-0.28
-1.91
-2.94
-3.13
-2.58
-1.69
-0.92
-0.61
-0.75
-1.09
-1.31
-1.21
-0.84
-0.44
-0.24
-0.31
-0.48
-0.41
0.13
1.16
2.44
3.6
4.35
4.6
4.51
4.36
4.4
4.75
5.37
6.12
6.85
7.47
8.02
8.6
9.32
10.18
11.06
11.79
12.28
12.47
12.49
12.54
12.82
13.4
14.23
15.19
16.09
16.9
17.63
18.38
19.22
20.14
21.08
21.92
22.54
22.88
22.99
23.07
23.4
24.27
25.81
27.78
29.63
30.5
29.69
26.87
22.45
17.32
12.62
9.31
7.89
8.35
10.29
13.08
15.94
18.09
18.87
17.99
15.58
12.3
9.01
6.47
4.98
4.4
4.23
3.98
3.32
2.13
0.4
-1.84
-4.57
-7.77
-11.36
-15.36
-19.91
-25.19
-31.36
-38.42
-46.1
-53.99
-61.66
-68.71
-74.89
-79.96
-83.72
-85.89
-86.29
-84.9
-81.87
-77.47
-71.92
-65.34
-57.72
-48.95
-39.01
-27.98
-16.24
-4.37
6.9
16.88
25.14
31.68
36.91
41.46
45.92
50.59
55.34
59.83
63.71
66.74
68.79
69.82
69.71
68.36
65.8
62.25
58.09
53.71
49.31
44.77
39.84
34.31
28.27
22.22
16.87
12.77
10.16
8.85
8.35
8.11
7.75
7.17
6.43
5.62
4.79
3.81
2.48
0.59
-1.9
-4.81
-7.7
-10.09
-11.65
-12.42
-12.82
-13.49
-14.92
-17.24
-20.16
-23.1
-25.51
-27.02
-27.57
-27.22
-26.18
-24.65
-22.86
-21.14
-19.76
-18.86
-18.33
-17.84
-16.98
-15.51
-13.42
-10.98
-8.59
-6.58
-5.14
-4.31
-4.06
-4.41
-5.5
-7.48
-10.38
-14.05
-18.1
-22.04
-25.49
-28.3
-30.5
-32.25
-33.66
-34.75
-35.48
-35.86
-36.03
-36.32
-37.1
-38.75
-41.48
-45.25
-49.77
-54.49
-58.6
-61.26
-61.73
-59.51
-54.48
-46.92
-37.44
-26.91
-16.23
-6.14
2.98
11.16
18.72
26.01
33.18
40.12
46.51
52
56.44
59.9
62.62
64.84
66.75
68.48
70.17
71.96
73.93
76.02
78.04
79.68
80.7
81.03
80.8
80.25
79.59
78.96
78.35
77.7
77.03
76.42
75.78
74.63
71.94
66.35
56.82
43.13
26.25
8.18
-8.63
-22.07
-30.99
-35.37
-36.15
-34.65
-32.11
-29.36
-26.8
-24.61
-23.06
-22.49
-23.31
-25.68
-29.25
-33.22
-36.47
-38.12
-37.9
-36.26
-34.08
-32.22
-31.21
-30.96
-30.97
-30.59
-29.32
-26.98
-23.78
-20.18
-16.77
-14.12
-12.6
-12.35
-13.24
-14.97
-17.08
-19.05
-20.3
-20.38
-19.02
-16.23
-12.42
-8.18
-4.31
-1.45
0.06
0.27
-0.43
-1.42
-2.11
-2.15
-1.52
-0.46
0.65
1.46
1.81
1.71
1.26
0.64
-0.09
-0.94
-1.97
-3.25
-4.78
-6.5
-8.22
-9.8
-11.12
-12.17
-13.06
-13.93
-14.88
-15.88
-16.79
-17.46
-17.86
-18.11
-18.47
-19.07
-19.84
-20.42
-20.34
-19.26
-17.12
-14.23
-11.14
-8.45
-6.5
-5.35
-4.79
-4.45
-3.96
-3.1
-1.86
-0.34
1.25
2.76
4.11
5.27
6.26
7.07
7.69
8.18
8.64
9.25
10.14
11.37
12.86
14.42
15.82
16.93
17.76
18.49
19.31
20.31
21.39
22.3
22.75
22.58
21.86
20.93
20.13
19.64
19.35
18.83
17.55
15.18
11.64
7.18
2.28
-2.56
-7
-10.8
-13.89
-16.25
-17.93
-18.98
-19.42
-19.3
-18.74
-17.98
-17.29
-16.96
-17.12
-17.58
-17.88
-17.44
-15.85
-13.07
-9.46
-5.67
-2.31
0.24
1.91
2.8
3.04
2.75
2.01
0.99
-0.09
-1.02
-1.7
-2.24
-2.81
-3.6
-4.61
-5.61
-6.23
-6.14
-5.24
-3.75
-2.14
-1
-0.8
-1.76
-3.7
-6.12
-8.41
-10.03
-10.68
-10.31
-9.12
-7.33
-5.16
-2.88
-0.77
0.9
1.98
2.53
2.79
3.09
3.68
4.6
5.63
6.39
6.51
5.86
4.57
3.02
1.67
0.95
0.98
1.64
2.57
3.37
3.7
3.36
2.31
0.65
-1.48
-3.88
-6.28
-8.47
-10.24
-11.52
-12.3
-12.66
-12.64
-12.27
-11.49
-10.22
-8.38
-5.99
-3.21
-0.26
2.56
5.07
7.21
9.06
10.69
12.07
12.89
12.78
11.44
8.95
5.79
2.73
0.46
-0.71
-0.93
-0.69
-0.5
-0.61
-0.94
-1.21
-1.13
-0.64
0.15
1.06
1.98
3.02
4.31
5.98
7.93
9.88
11.44
12.28
12.31
11.61
10.4
8.87
7.08
4.97
2.54
-0.16
-2.88
-5.25
-6.95
-7.76
-7.66
-6.77
-5.29
-3.45
-1.5
0.28
1.71
2.69
3.35
3.96
4.83
6.25
8.34
11.09
14.35
17.9
21.38
24.35
26.26
26.6
25.1
21.89
17.43
12.36
7.28
2.52
-1.87
-5.98
-9.94
-13.71
-17.12
-19.99
-22.15
-23.56
-24.29
-24.5
-24.38
-24.13
-23.91
-23.84
-23.92
-23.99
-23.79
-23.01
-21.42
-19
-15.97
-12.71
-9.63
-7.03
-5.03
-3.56
-2.5
-1.72
-1.14
-0.69
-0.27
0.2
0.82
1.63
2.59
3.62
4.64
5.66
6.8
8.27
10.32
13.07
16.38
19.88
23.03
25.28
26.27
25.92
24.44
22.17
19.5
16.73
13.96
11.2
8.31
5.2
1.76
-1.91
-5.64
-9.17
-12.29
-14.9
-17.11
-19.15
-21.22
-23.52
-26.11
-28.94
-31.89
-34.72
-37.09
-38.69
-39.32
-39.02
-38.21
-37.51
-37.58
-38.79
-41.08
-43.94
-46.59
-48.4
-49.11
-49.05
-48.95
-49.62
-51.54
-54.5
-57.57
-59.53
-59.36
-56.91
-52.93
-48.64
-44.95
-42.02
-39.28
-36.1
-32.46
-29.09
-27.05
-26.82
-27.86
-28.78
-28.11
-25.22
-20.67
-15.68
-11.29
-7.57
-3.65
1.63
8.87
17.66
26.75
34.75
40.72
44.49
46.46
47.23
47.24
46.66
45.62
44.38
43.6
44.46
48.39
56.55
69.03
84.35
99.28
109.71
111.8
103.54
85.3
59.35
28.34
-5.98
-43.23
-83.51
-125.63
-166.3
-200.33
-222.6
-230.09
-223.27
-205.62
-181.85
-155.85
-129.52
-102.9
-75.15
-45.64
-14.47
17.84
50.77
83.85
116.43
147.32
174.66
196.33
210.7
217.27
216.98
211.73
203.7
194.57
185.15
175.49
165.29
154.23
142.14
129.15
115.62
102.12
89.41
78.37
69.87
64.48
62.24
62.38
63.58
64.18
62.73
58.46
51.43
42.39
32.39
22.32
12.65
3.5
-5.12
-13.12
-20.18
-25.84
-29.79
-31.91
-32.46
-31.82
-30.44
-28.69
-26.94
-25.47
-24.52
-24.23
-24.55
-25.29
-26.23
-27.14
-27.92
-28.49
-28.73
-28.51
-27.76
-26.56
-25.13
-23.82
-22.85
-22.34
-22.27
-22.63
-23.54
-25.2
-27.73
-31.04
-34.76
-38.29
-41.04
-42.56
-42.69
-41.56
-39.4
-36.48
-32.99
-29
-24.56
-19.77
-14.85
-10.13
-6.06
-3
-1.13
-0.34
-0.3
-0.58
-0.84
-0.89
-0.72
-0.46
-0.2
0
0.13
0.13
-0.13
-0.87
-2.29
-4.39
-6.92
-9.49
-11.72
-13.41
-14.6
-15.53
-16.38
-17.18
-17.71
-17.71
-17.02
-15.8
-14.39
-13.11
-12.01
-10.77
-8.81
-5.62
-0.94
5.03
11.84
18.88
25.59
31.45
35.97
38.74
39.48
38.32
35.69
32.33
28.96
25.99
23.47
21.11
18.59
15.74
12.57
9.26
5.97
2.72
-0.45
-3.5
-6.23
-8.35
-9.66
-10.13
-9.98
-9.54
-9.09
-8.79
-8.61
-8.53
-8.49
-8.55
-8.74
-9.05
-9.33
-9.32
-8.82
-7.69
-6.06
-4.23
-2.63
-1.62
-1.37
-1.76
-2.48
-3.22
-3.76
-4.21
-4.81
-5.79
-7.19
-8.82
-10.38
-11.59
-12.38
-12.87
-13.24
-13.65
-14.09
-14.48
-14.72
-14.83
-14.92
-15.1
-15.44
-15.86
-16.17
-16.24
-16.04
-15.73
-15.56
-15.71
-16.11
-16.44
-16.3
-15.35
-13.55
-11.15
-8.59
-6.25
-4.3
-2.79
-1.67
-0.94
-0.69
-1.02
-1.9
-3.19
-4.55
-5.64
-6.16
-5.95
-5.1
-3.85
-2.58
-1.72
-1.52
-2.06
-3.18
-4.63
-6.09
-7.4
-8.51
-9.47
-10.37
-11.32
-12.43
-13.82
-15.55
-17.56
-19.65
-21.43
-22.47
-22.45
-21.27
-19.16
-16.49
-13.8
-11.52
-9.9
-9.02
-8.77
-8.96
-9.42
-10.03
-10.75
-11.49
-12.07
-12.23
-11.74
-10.63
-9.26
-8.23
-8.07
-8.85
-10.05
-10.67
-9.76
-6.9
-2.45
2.71
7.74
12.27
16.64
21.58
27.71
35.26
43.99
53.43
63.23
73.18
82.97
92
99.32
103.96
105.43
104.03
100.75
96.74
92.72
88.68
83.98
77.83
69.82
60.12
49.27
37.96
26.64
15.54
4.8
-5.43
-14.99
-23.94
-32.6
-41.43
-50.8
-60.51
-69.96
-78.4
-85.54
-91.89
-98.65
-107.06
-117.56
-129.3
-140.18
-147.66
-149.7
-145.59
-136.1
-123.03
-108.39
-93.52
-78.77
-63.37
-46.07
-25.73
-1.82
25.25
54.25
83.29
110.05
131.91
146.49
152.5
150.83
144.94
140.15
141.62
151.87
169.24
188.07
200.96
201.78
187.87
160.45
123.4
81.23
37.6
-4.82
-43.78
-76.85
-101.5
-115.94
-120.17
-116.3
-107.93
-99.02
-92.42
-89.15
-88.32
-87.99
-86.22
-81.96
-75.41
-67.75
-60.41
-54.32
-49.67
-45.92
-42.33
-38.46
-34.39
-30.64
-27.84
-26.39
-26.32
-27.29
-28.85
-30.53
-31.97
-32.8
-32.57
-30.73
-26.68
-19.9
-10.19
2.19
16.43
31.21
44.93
56.15
63.9
67.9
68.55
66.66
63.21
59.04
54.73
50.68
47.04
43.76
40.49
36.69
31.83
25.63
18.26
10.36
2.8
-3.53
-7.95
-10
-9.47
-6.43
-1.32
5.02
11.5
17.15
21.48
24.69
27.45
30.4
33.53
36.05
36.72
34.61
29.71
23.06
16.38
11.33
8.96
9.46
12.39
17.01
22.43
27.64
31.54
33.05
31.54
27.08
20.52
13.18
6.26
0.31
-4.78
-9.51
-14.22
-18.75
-22.39
-24.52
-25.07
-24.85
-25.54
-29.18
-37.46
-50.9
-68.23
-86.62
-102.43
-112.36
-114.46
-108.71
-96.68
-80.85
-63.69
-46.87
-31.02
-15.73
0.17
17.93
38.16
59.91
80.36
95.62
102.16
98.61
86.73
70.93
56.5
47.36
44.67
46.86
50.79
53.45
53.18
50.13
45.72
41.79
40
40.98
43.93
46.69
46.24
39.6
25
2.85
-23.77
-49.07
-65.72
-67.12
-50.21
-17.96
20.28
50.93
61.07
43.97
2.82
-49.84
-96.79
-123.04
-121.79
-96.2
-56.84
-16.17
16.51
37.5
47.71
50.15
47.47
41.36
33.47
26.52
24.56
31.67
49.92
77.92
110.83
141.94
164.79
175.28
172.73
159.59
140.77
122.2
109.24
105.2
110.6
123.66
141.32
160.5
178.64
194.29
207.17
217.81
227.08
235.72
244.11
252.09
259.04
263.19
262.87
257.1
245.84
229.64
209.11
184.81
157.45
127.94
95.27
58.83
19.27
-21.25
-59.92
-94.53
-123.84
-147.24
-164.5
-180.12
-197.9
-219.08
-241.67
-262.32
-278.95
-291.62
-301.88
-311.57
-329.25
-361.47
-409.5
-468.41
-530.25
-588.57
-640.27
-684.87
-723.03
-764.94
-819.05
-887.77
-965.84
-1044.2
-1115.3
-1175.5
-1223.6
-1201
-1071
-833.63
-532.33
-226.47
40.33
250.37
404.93
514.56
592.44
641.16
661.96
658.33
638.2
611.18
584.04
559.91
538.17
517.41
490.2
452.22
405.29
357.57
318.96
295.53
285.62
281.96
276.82
262.74
238.29
208.31
181.75
166.84
165.6
172.12
177.67
174.37
157.92
131.39
103.44
83.57
77.09
82.33
92.39
100.06
100.81
92.99
77.04
54.06
25.27
-7.42
-39.57
-64.17
-75.24
-70.78
-53.25
-28.89
-4.89
13.5
24.46
29.18
29.71
27.62
23.52
18.03
12.34
8.22
7.25
10.31
17.41
27.01
36.25
41.06
37.39
22.12
-4.3
-37.71
-70.63
-94.44
-102.87
-94.08
-71.05
-39.68
-5.94
26.13
54.74
79.31
98.77
110.49
110.98
97.56
69.9
31.62
-11.18
-51.91
-85.77
-110.74
-127.82
-139.85
-149.79
-159.77
-170.34
-181.18
-191.61
-200.43
-205.52
-203.92
-192.59
-170.07
-138.21
-101.93
-67.94
-42.17
-27.31
-22.16
-23.03
-26.28
-28.6
-28.44
-24.84
-16.74
-2.7
18.73
48.18
84.42
124.56
164.28
197.36
217.18
218.36
199.37
164.23
121.48
80.69
48.65
27
12.98
2.95
-3.78
-4.97
2.85
20.45
43.31
62.82
70.29
61.36
37.65
4.54
-32.17
-68.73
-103.54
-134.76
-157.98
-166.75
-155.27
-121.71
-72.21
-17.82
30.44
65.71
87.16
98.43
103.79
106.06
105.83
102.45
96.06
88.19
81.04
76.26
74.53
74.78
75.48
75.22
73.41
70.58
68.05
67.2
68.74
73.76
79.85
84.75
86.54
83.92
76.62
65.23
50.8
33.19
14.45
-4.75
-23.79
-42.1
-59.08
-73.98
-86.05
-94.89
-100.56
-103.38
-104.63
-105.45
-106.68
-108.85
-112.06
-115.89
-119.63
-122.56
-123.47
-121.62
-116.33
-107.14
-94
-77.28
-57.68
-36.27
-14.62
6.06
24.49
39.8
51.55
59.68
64.43
66.37
66.12
64.31
61.64
58.5
55.18
51.91
49.15
46.7
44.57
42.64
40.78
39
37.24
35.48
33.88
32.59
31.83
31.94
33.18
35.56
39.05
43.43
48.73
54.43
60.02
65
68.86
70.93
70.51
66.97
60.01
49.03
35.68
21.55
8.3
-2.67
-10.62
-15.62
-18.36
-19.8
-20.55
-20.66
-19.73
-17.03
-12.04
-4.93
3.36
11.35
17.82
22.08
24.6
26.35
28.53
32.14
37.89
46.18
56.82
68.43
77.98
81.22
73.92
54.2
24.01
-10.99
-43.39
-67.01
-79.23
-81.47
-77.63
-71.76
-66.15
-61.04
-55.68
-49.66
-43.63
-38.91
-36.49
-36.26
-37.07
-37.38
-35.85
-32.26
-27.39
-22.64
-19.32
-18.08
-18.66
-20.11
-21.27
-21.28
-19.96
-17.85
-15.86
-14.82
-15.16
-16.74
-19.03
-21.35
-23.22
-24.48
-25.42
-26.52
-28.21
-30.68
-33.88
-37.59
-41.53
-45.51
-49.5
-53.74
-58.59
-64.37
-71.18
-78.96
-87.42
-96.01
-104.51
-111.76
-116.65
-118.16
-115.48
-108.11
-95.97
-79.47
-59.45
-37.14
-13.82
9
29.99
48.08
62.62
73.33
80.32
84.03
85.1
84.31
82.34
79.76
77
74.34
71.91
69.77
67.92
66.28
64.86
63.62
62.54
61.64
60.96
60.57
60.52
60.83
61.55
62.74
64.34
66.25
68.41
70.8
73.46
76.41
79.71
83.45
87.71
92.36
97.26
102.16
106.8
110.93
114.27
116.59
117.77
117.79
116.51
113.89
109.94
104.7
98.19
90.26
80.64
68.75
55.33
40.73
25.25
9.15
-7.21
-23.43
-39.08
-53.7
-66.85
-78.26
-88
-96.21
-103.19
-109.17
-114.34
-118.72
-122.1
-124.02
-123.8
-120.83
-114.54
-104.56
-90.87
-73.87
-54.4
-33.65
-13.02
6.07
22.32
34.67
42.51
45.74
44.71
40.21
33.4
25.62
18.32
12.83
10.22
11.14
15.78
23.86
34.64
47.1
60.11
72.59
83.71
92.89
99.82
104.32
106.25
105.55
102.2
96.36
88.42
79.06
69.15
59.51
50.62
42.4
34.3
25.56
15.48
3.86
-8.93
-22.02
-34.51
-46.02
-57.03
-68.84
-83.12
-101.5
-124.84
-152.98
-184.85
-218.83
-253.41
-287.72
-321.47
-355.18
-390.41
-429.55
-474.75
-526.35
-581.32
-632.95
-672.24
-690.18
-681.34
-646.31
-591.53
-526.78
-461.45
-401.67
-349.61
-304.25
-262.31
-220.3
-175.98
-128.46
-77.66
-23.7
33.31
92.7
152.92
213.22
273.38
333.3
392.24
448.4
499.13
541.46
572.78
584.48
570.04
529.92
473.03
411.52
354.23
304.8
263.64
230.19
203.78
184.4
171.28
162.31
154.33
144.57
131.94
116.99
100.98
85.18
71.31
60.49
52.84
47.3
42.28
36.58
29.85
22.41
14.85
8.2
3.35
0.54
-0.79
-1.59
-2.63
-4.25
-6.38
-8.81
-11.06
-12.73
-13.6
-13.79
-13.63
-13.36
-13.14
-13.07
-13.18
-13.49
-13.93
-14.41
-14.82
-15.07
-15.11
-14.96
-14.72
-14.6
-14.78
-15.43
-16.54
-17.94
-19.45
-20.9
-22.14
-23.08
-23.64
-23.68
-23.46
-23.51
-24.6
-27.29
-31.31
-35.2
-36.54
-32.88
-23.11
-8.34
8.33
22.84
31.93
34.43
31.6
26.08
20.55
16.55
14.39
13.74
14.45
16.71
20.63
25.08
27.76
26.48
20.71
13.04
8.59
12.54
27.1
50.41
77.04
100.66
117.36
125.83
127.84
125.82
121.02
112.98
100.52
83.07
61.05
37.61
15.25
-4.22
-20.13
-32.87
-43.32
-51.99
-58.92
-63.7
-65.59
-64.61
-61.19
-56.32
-51.28
-47.11
-44.36
-42.86
-42.01
-40.83
-38.88
-36.06
-32.67
-29.31
-26.47
-24.39
-23
-21.97
-20.8
-19.37
-17.57
-15.59
-13.64
-11.97
-10.65
-9.65
-8.85
-8.05
-7.2
-6.31
-5.4
-4.54
-3.77
-3.09
-2.52
-2.01
-1.54
-1.11
-0.73
-0.4
-0.11
0.12
0.33
0.47
0.58
0.66
0.71
0.74
0.76
0.78
0.78
0.8
0.81
0.82
0.85
0.87
0.89
0.91
0.94
0.96
0.98
1.01
1.03
1.06
1.09
1.12
1.14
1.18
1.21
1.24
1.27
1.31
1.34
1.38
1.42
1.46
1.5
1.55
1.59
1.63
1.68
1.73
1.79
1.84
1.91
1.98
2.04
2.08
2.11
2.16
2.24
2.39
2.61
2.9
3.2
3.49
3.7
3.86
3.98
4.11
4.32
4.61
4.96
5.32
5.63
5.84
6
6.16
6.41
6.85
7.49
8.27
9.06
9.71
10.12
10.32
10.44
10.74
11.44
12.61
14.13
15.7
16.97
17.69
17.91
17.98
18.43
19.73
22.05
25.12
28.32
30.93
32.51
33.14
33.43
34.28
36.44
40.14
44.9
49.73
53.65
56.09
57.13
57.45
57.88
59.07
61.4
65.12
70.44
77.12
83.76
87.45
84.27
70.95
46.66
14.02
-21.53
-53.93
-78.97
-95.85
-106.7
-114.64
-121.74
-127.98
-132.09
-133.22
-132.46
-132.75
-137.56
-148.94
-166.21
-186.44
-205.84
-221.64
-232.93
-241.14
-247.15
-250.61
-249.5
-240.84
-222.27
-193.6
-157.14
-116.94
-77.16
-40.55
-8.07
20.65
46.35
69.24
88.63
103.47
113.11
117.87
119.19
118.92
118.47
118.21
117.5
115.21
110.49
103.45
95.28
87.81
82.47
79.53
77.97
76.04
72.23
66.25
59.11
52.5
47.84
45.45
44.38
43.22
40.93
37.51
33.96
31.54
30.76
31.02
30.85
28.78
24.24
17.9
11.37
6.35
3.89
3.81
4.95
5.77
5.13
2.92
0.1
-1.97
-2.2
-0.43
2.41
4.93
5.93
5.11
3.24
1.68
1.44
2.62
4.25
4.92
3.69
0.78
-2.52
-4.52
-4.13
-1.61
1.54
3.39
2.6
-0.81
-5.4
-9.19
-10.73
-9.85
-7.7
-5.97
-5.75
-6.85
-7.96
-7.5
-4.67
-0.14
4.28
6.6
5.73
2.16
-2.33
-5.69
-6.57
-5.02
-2.32
-0.14
0.37
-0.82
-2.69
-3.85
-3.4
-1.45
0.98
2.5
2.28
0.51
-1.6
-2.51
-1.26
1.87
5.44
7.66
7.28
4.43
0.38
-3.12
-4.77
-4.27
-2.25
0.21
2.29
3.7
4.8
6.13
7.94
9.89
11.18
10.92
8.72
5.01
0.97
-1.91
-2.65
-1.25
1.19
3.09
3.16
1.26
-1.56
-3.78
-4.19
-2.72
-0.43
1.23
1.19
-0.63
-3.3
-5.5
-6.26
-5.47
-3.86
-2.46
-1.99
-2.37
-2.87
-2.61
-1.29
0.43
1.18
-0.22
-3.99
-8.9
-12.77
-13.61
-10.68
-4.97
1.24
5.67
7.21
6.36
4.82
4.33
5.6
7.97
9.87
9.88
7.61
3.98
0.69
-0.78
0.01
2.12
3.82
3.63
1.16
-2.51
-5.44
-5.95
-3.55
0.72
4.75
6.59
5.42
2.01
-1.75
-3.93
-3.65
-1.44
1.07
2.22
1.22
-1.37
-4.1
-5.44
-4.8
-2.73
-0.55
0.58
0.27
-0.82
-1.51
-0.92
0.98
3.18
4.28
3.35
0.53
-2.94
-5.37
-5.5
-3.21
0.48
3.92
5.71
5.44
3.78
2.09
1.6
2.7
4.73
6.33
6.36
4.55
1.73
-0.61
-1.2
0.19
2.66
4.65
4.86
3.02
0.07
-2.42
-3.19
-1.92
0.48
2.52
3
1.7
-0.52
-2.16
-2.12
-0.32
2.22
3.91
3.53
1.03
-2.43
-5.08
-5.53
-3.58
-0.33
2.44
3.26
1.78
-1.05
-3.6
-4.45
-3.25
-0.93
0.97
1.14
-0.66
-3.46
-5.64
-5.94
-4.09
-1.01
1.69
2.7
1.76
-0.25
-1.82
-1.7
0.2
2.78
4.43
3.92
1.24
-2.32
-4.92
-5.23
-3.14
0.18
2.97
3.83
2.48
-0.15
-2.48
-3.11
-1.63
1.15
3.68
4.57
3.35
0.82
-1.41
-1.95
-0.47
2.09
4.01
3.98
1.84
-1.26
-3.66
-4.11
-2.59
-0.23
1.46
1.44
-0.23
-2.49
-3.89
-3.44
-1.21
1.72
3.81
3.85
1.73
-1.47
-4.03
-4.58
-2.85
0.1
2.45
2.83
1.14
-1.42
-3.07
-2.63
-0.31
2.38
3.61
2.44
-0.63
-3.89
-5.46
-4.38
-1.18
2.47
4.73
4.57
2.25
-0.88
-3.15
-3.5
-2
0.21
1.69
1.5
-0.16
-2.08
-2.76
-1.41
1.48
4.36
5.54
4.25
1.18
-1.9
-3.26
-2.27
0.22
2.41
2.69
0.64
-2.69
-5.5
-6.23
-4.44
-1.04
2.3
4.11
3.87
2.21
0.5
0.03
1.32
3.78
6.01
6.68
5.24
2.34
-0.52
-1.79
-0.84
1.65
4.07
4.9
3.6
0.91
-1.62
-2.64
-1.84
-0.06
1.24
0.97
-1.05
-3.94
-6.32
-7.1
-6
-3.7
-1.38
-0.17
-0.5
-1.91
-3.35
-3.75
-2.69
-0.71
0.95
1.09
-0.61
-3.29
-5.34
-5.34
-3.02
0.42
2.94
2.95
0.3
-3.53
-6.28
-6.3
-3.56
0.28
2.89
2.56
-0.9
-6.22
-11.49
-15.06
-16.05
-14.33
-10.28
-4.6
1.82
7.93
12.74
15.64
16.63
16.11
14.51
12.08
8.91
5.27
1.93
-0.05
0.07
2.07
4.67
6.21
5.66
3.29
0.46
-1.27
-1.16
0.22
1.54
1.64
0.26
-1.8
-3.28
-3.4
-2.25
-0.7
0.16
-0.21
-1.55
-3.02
-3.66
-3.03
-1.34
0.59
1.84
1.81
0.59
-1.08
-2.14
-1.77
0.06
2.55
4.37
4.49
2.73
0.06
-1.98
-2.13
-0.23
2.58
4.58
4.46
2.17
-0.95
-3.09
-3.01
-0.94
1.59
2.71
1.41
-1.77
-5.1
-6.69
-5.71
-2.83
0.15
1.52
0.6
-1.88
-4.32
-5.18
-3.93
-1.3
1.25
2.33
1.43
-0.88
-3.26
-4.37
-3.54
-1.12
1.72
3.62
3.75
2.24
0.17
-1.05
-0.48
1.8
4.63
6.38
5.95
3.42
0.14
-2.08
-1.94
0.45
3.6
5.51
4.87
1.9
-1.83
-4.29
-4.31
-2.26
0.25
1.43
0.48
-1.93
-4.16
-4.74
-3.33
-0.95
0.71
0.37
-2.01
-5.2
-7.55
-7.87
-6.2
-3.66
-1.77
-1.6
-3.13
-5.29
-6.56
-5.82
-2.87
1.39
5.42
7.79
7.86
6.05
3.55
1.7
1.23
1.92
2.82
2.87
1.55
-0.64
-2.51
-2.85
-1.18
1.86
4.81
6.16
5.27
2.78
0.3
-0.52
0.94
3.9
6.62
7.41
5.72
2.43
-0.63
-1.92
-1.05
1.02
2.58
2.39
0.37
-2.36
-4.29
-4.39
-2.77
-0.49
1.12
1.23
-0.09
-1.97
-3.27
-3.19
-1.72
0.41
2.12
2.49
1.35
-0.6
-2.16
-2.26
-0.67
1.77
3.58
3.46
1.25
-1.98
-4.4
-4.59
-2.42
0.84
3.22
3.27
0.91
-2.49
-5.03
-5.33
-3.38
-0.4
1.89
2.32
0.84
-1.53
-3.31
-3.48
-1.95
0.38
2.24
2.57
1.21
-1.05
-2.85
-3.06
-1.42
1.26
3.51
4.05
2.59
0.1
-1.78
-1.79
0.12
2.72
4.18
3.3
0.36
-3.01
-4.83
-3.95
-0.82
2.78
4.81
4.24
1.57
-1.45
-3.02
-2.26
0.3
3.06
4.44
3.71
1.42
-1.11
-2.45
-1.96
-0.07
2.04
3.07
2.36
0.23
-2.22
-3.62
-3.18
-1.09
1.56
3.31
3.16
1.19
-1.48
-3.25
-2.96
-0.66
2.38
4.39
4.09
1.58
-1.71
-3.82
-3.52
-1.04
1.96
3.44
2.29
-0.94
-4.32
-5.76
-4.27
-0.69
2.88
4.38
3.03
-0.17
-3.2
-4.24
-2.88
-0.27
1.69
1.61
-0.51
-3.31
-4.97
-4.39
-1.78
1.47
3.65
3.72
1.84
-0.86
-2.92
-3.39
-2.2
-0.14
1.64
2.26
1.46
-0.26
-1.89
-2.49
-1.63
0.37
2.52
3.69
3.25
1.49
-0.51
-1.41
-0.45
1.97
4.52
5.66
4.58
1.79
-1.11
-2.45
-1.51
0.98
3.3
3.78
1.96
-1.06
-3.4
-3.49
-1.15
2.24
4.6
4.41
1.63
-2.25
-5.09
-5.44
-3.34
-0.29
1.7
1.33
-1.27
-4.57
-6.64
-6.28
-3.7
-0.33
2
2.16
0.33
-2.21
-3.87
-3.64
-1.6
1.1
3.09
3.41
2.08
-0.01
-1.55
-1.61
-0.09
2.24
4.1
4.45
3.05
0.57
-1.74
-2.74
-2.07
-0.33
1.26
1.57
0.22
-2.1
-4.04
-4.35
-2.66
0.23
2.77
3.54
2.14
-0.5
-2.65
-2.8
-0.58
2.89
5.65
6.05
3.85
0.28
-2.55
-2.99
-0.82
2.64
5.27
5.5
3.19
-0.3
-2.99
-3.44
-1.63
1.09
2.83
2.34
-0.14
-3.11
-4.6
-3.44
-0.02
3.86
6.02
5.13
1.58
-2.72
-5.46
-5.27
-2.51
0.91
2.75
1.79
-1.45
-4.98
-6.58
-5.14
-1.36
2.7
4.79
3.78
0.35
-3.49
-5.54
-4.73
-1.74
1.56
3.19
2.31
-0.33
-2.86
-3.52
-1.7
1.58
4.36
4.88
2.68
-1.06
-4.29
-5.2
-3.35
0.15
3.29
4.36
2.93
-0
-2.58
-3.28
-1.79
0.86
2.93
3.01
0.87
-2.34
-4.85
-5.16
-3.01
0.52
3.6
4.67
3.38
0.72
-1.45
-1.66
0.39
3.5
5.7
5.45
2.61
-1.34
-4.28
-4.6
-2.29
1.13
3.52
3.4
0.87
-2.58
-4.91
-4.84
-2.59
0.34
2.05
1.39
-1.4
-4.79
-6.94
-6.66
-4.07
-0.55
2.07
2.48
0.67
-2.17
-4.23
-4.22
-2.04
1.09
3.37
3.44
1.2
-2.05
-4.33
-4.09
-1.21
2.95
6.23
6.88
4.65
0.88
-2.17
-2.72
-0.41
3.36
6.3
6.58
3.88
-0.28
-3.55
-4.07
-1.59
2.4
5.55
6.06
3.74
0
-2.93
-3.47
-1.47
1.67
3.94
3.97
1.74
-1.39
-3.63
-3.71
-1.73
1.09
3.1
3.23
1.57
-0.81
-2.42
-2.38
-0.76
1.38
2.78
2.58
0.94
-1.16
-2.48
-2.22
-0.54
1.59
2.9
2.56
0.6
-2.06
-4.13
-4.63
-3.38
-1.08
1.11
2.2
1.89
0.68
-0.51
-0.81
-0.01
1.45
2.69
2.95
2
0.32
-1.26
-1.99
-1.65
-0.66
0.27
0.5
-0.05
-0.92
-1.43
-1.14
-0.25
0.51
0.29
-1.18
-3.39
-5.13
-5.33
-3.63
-0.78
1.68
2.39
0.91
-1.9
-4.37
-4.99
-3.33
-0.27
2.47
3.32
1.86
-1
-3.45
-3.9
-1.79
1.96
5.47
6.9
5.5
2
-1.76
-3.82
-3.26
-0.55
2.61
4.4
3.9
1.56
-1.1
-2.48
-1.81
0.43
2.84
3.98
3.22
1.07
-1.18
-2.27
-1.7
-0.03
1.53
1.86
0.65
-1.39
-2.96
-2.91
-1.03
1.74
3.85
4
1.9
-1.38
-4.06
-4.64
-2.79
0.42
3.11
3.69
1.74
-1.72
-4.79
-5.75
-4.03
-0.51
2.99
4.72
3.97
1.35
-1.59
-3.31
-3.09
-1.39
0.57
1.56
1.14
-0.16
-1.21
-1.09
0.3
2.11
3.04
2.21
-0.21
-3.03
-4.65
-4.02
-1.33
2.05
4.2
3.73
0.61
-3.81
-7.43
-8.48
-6.39
-2.14
2.36
5.23
5.55
3.74
1.24
-0.44
-0.5
0.71
2.12
2.56
1.67
0.03
-1.21
-1.15
0.25
2.02
2.78
1.66
-1.12
-4.24
-6.03
-5.47
-2.82
0.44
2.46
2.09
-0.44
-3.59
-5.41
-4.68
-1.53
2.49
5.37
5.72
3.5
0.02
-2.79
-3.42
-1.64
1.46
4.14
4.99
3.7
1.19
-1.01
-1.74
-0.82
0.81
1.87
1.53
0.04
-1.41
-1.5
0.3
3.26
5.69
5.89
3.27
-1.2
-5.41
-7.14
-5.38
-0.89
4.13
7.22
6.92
3.57
-0.93
-4.2
-4.7
-2.45
1.04
3.74
4.28
2.61
-0.05
-2.06
-2.39
-1.12
0.61
1.51
0.87
-0.92
-2.7
-3.28
-2.22
-0.2
1.46
1.54
-0.26
-3.04
-5.17
-5.26
-2.94
0.79
4.02
4.95
2.91
-1.29
-5.68
-8.21
-7.76
-4.78
-0.92
1.77
2.07
0.14
-2.64
-4.45
-4.09
-1.72
1.34
3.41
3.46
1.74
-0.46
-1.59
-0.85
1.32
3.48
4.12
2.66
-0.18
-2.66
-3.2
-1.24
2.22
5.23
5.92
3.63
-0.66
-4.85
-6.82
-5.62
-1.93
2.37
5.25
5.66
4.02
1.8
0.58
1.01
2.53
3.75
3.38
1.21
-1.76
-3.86
-3.74
-1.22
2.51
5.5
6.11
3.9
-0.05
-3.79
-5.46
-4.35
-1.16
2.43
4.76
5.04
3.71
2.02
1.14
1.46
2.36
2.71
1.68
-0.59
-3.03
-4.21
-3.23
-0.43
2.77
4.56
3.78
0.57
-3.53
-6.4
-6.53
-3.7
0.78
4.84
6.68
5.71
2.76
-0.47
-2.4
-2.4
-1.01
0.54
1.14
0.58
-0.46
-0.91
-0.07
1.77
3.39
3.39
1.04
-3.07
-7.25
-9.47
-8.49
-4.57
0.59
4.65
5.86
3.89
-0.06
-3.91
-5.88
-5.36
-3.1
-0.67
0.49
-0.07
-1.65
-2.93
-2.82
-1.19
1.07
2.61
2.5
0.85
-1.21
-2.2
-1.22
1.44
4.37
5.79
4.63
1.22
-2.74
-5.06
-4.32
-0.66
4.25
8.05
9.02
6.92
3.07
-0.56
-2.45
-2.38
-1.32
-0.63
-1.11
-2.46
-3.5
-3.01
-0.64
2.79
5.61
6.33
4.43
0.77
-2.87
-4.7
-3.99
-1.37
1.45
2.64
1.33
-1.92
-5.38
-7.08
-5.91
-2.2
2.48
6.18
7.62
6.76
4.72
2.95
2.35
2.77
3.16
2.4
0.06
-3.21
-6.01
-7.06
-5.96
-3.57
-1.48
-1.04
-2.59
-5.09
-6.76
-6.08
-2.73
2.12
6.34
7.92
6.11
1.78
-2.98
-5.9
-5.73
-2.8
1.3
4.53
5.58
4.41
2.12
0.2
-0.46
-0.02
0.56
0.22
-1.32
-3.34
-4.47
-3.66
-0.91
2.57
4.91
4.65
1.64
-2.74
-6.3
-7.23
-5.04
-0.89
3.1
5.02
4.18
1.4
-1.55
-3
-2.33
-0.2
2.03
3.1
2.61
1.17
-0.1
-0.32
0.56
1.68
1.86
0.36
-2.47
-5.29
-6.47
-5.04
-1.38
2.88
5.63
5.42
2.17
-2.71
-7.03
-8.99
-7.9
-4.55
-0.58
2.25
3.04
1.96
0.13
-1.18
-1.23
-0.2
0.97
1.32
0.48
-0.91
-1.66
-0.82
1.6
4.45
6.1
5.41
2.54
-1.08
-3.54
-3.49
-0.87
3.05
6.42
7.75
6.65
3.86
0.77
-1.32
-1.9
-1.32
-0.46
-0.2
-0.75
-1.62
-1.85
-0.8
1.38
3.59
4.36
2.77
-0.9
-5.04
-7.61
-7.18
-3.86
0.84
4.68
6.02
4.6
1.54
-1.44
-3.03
-2.96
-2.08
-1.5
-1.96
-3.23
-4.33
-4.15
-2.21
0.91
3.8
4.9
3.41
-0.16
-4.16
-6.58
-6.1
-2.8
1.89
5.92
7.6
6.51
3.57
0.44
-1.41
-1.56
-0.64
0.06
-0.39
-1.95
-3.53
-3.73
-1.77
1.9
5.62
7.49
6.41
2.83
-1.46
-4.27
-4.27
-1.66
1.98
4.67
5.23
3.81
1.72
0.43
0.66
1.9
2.8
2.1
-0.43
-3.73
-6.04
-5.93
-3.19
0.89
4.23
5.11
3.07
-0.79
-4.45
-6.14
-5.2
-2.49
0.28
1.56
0.77
-1.38
-3.41
-4.01
-2.8
-0.6
1.15
1.18
-0.78
-3.81
-6.22
-6.45
-3.95
0.45
4.92
7.56
7.39
4.92
1.74
-0.29
-0.23
1.55
3.59
4.37
3.28
1.01
-0.89
-1.06
0.82
3.65
5.6
5.18
2.13
-2.4
-6.43
-8.29
-7.39
-4.55
-1.42
0.45
0.44
-0.83
-1.94
-1.58
0.58
3.63
5.88
5.9
3.3
-0.91
-4.84
-6.79
-6.17
-3.79
-1.28
-0.05
-0.44
-1.56
-1.96
-0.6
2.41
5.69
7.43
6.43
2.85
-1.8
-5.46
-6.57
-4.92
-1.63
1.43
2.76
2
0.02
-1.54
-1.34
0.93
4.28
7.03
7.68
5.79
2.27
-1.18
-3.03
-2.81
-1.36
-0.26
-0.81
-3.04
-5.69
-6.87
-5.32
-1.2
3.8
7.43
8.1
5.76
1.84
-1.64
-3.23
-2.78
-1.35
-0.43
-0.92
-2.68
-4.55
-5.11
-3.57
-0.27
3.46
5.98
6.27
4.49
1.81
-0.22
-0.62
0.45
1.86
2.23
0.8
-2
-4.75
-5.87
-4.5
-1.08
2.85
5.5
5.82
4.04
1.54
-0.04
0.25
2.12
4.15
4.69
2.79
-1.14
-5.53
-8.4
-8.56
-6.11
-2.45
0.6
1.84
1.34
0.26
-0.01
1.23
3.4
5.01
4.56
1.55
-3.08
-7.38
-9.46
-8.45
-5.05
-0.96
2
2.96
2.29
1.26
1.16
2.47
4.64
6.36
6.4
4.25
0.57
-3.23
-5.59
-5.69
-3.88
-1.5
-0.12
-0.64
-2.78
-5.18
-6.17
-4.78
-1.34
2.7
5.51
5.97
4.27
1.75
0.03
0.03
1.44
2.87
2.81
0.64
-2.91
-6.05
-6.91
-4.7
-0.17
4.67
7.66
7.65
5.09
1.69
-0.62
-0.82
0.62
2.16
2.21
0.25
-2.76
-5.02
-4.9
-2.03
2.4
6.37
8.11
7.18
4.59
2.16
1.33
2.3
3.97
4.6
3.02
-0.68
-5.14
-8.48
-9.4
-7.89
-5.19
-2.99
-2.46
-3.59
-5.24
-5.84
-4.39
-1.04
3
6.04
6.86
5.29
2.32
-0.48
-1.85
-1.49
-0.19
0.63
-0.18
-2.78
-6.18
-8.76
-9.12
-6.91
-2.9
1.32
4.31
5.48
5.25
4.74
4.88
5.89
7.06
7.22
5.55
2.18
-1.8
-4.87
-5.97
-5.17
-3.58
-2.77
-3.73
-6.3
-9.19
-10.78
-10.08
-7.25
-3.51
-0.37
1.23
1.46
1.3
1.93
3.94
6.85
9.39
10.13
8.39
4.64
0.38
-2.65
-3.34
-1.83
0.66
2.47
2.61
1.24
-0.43
-0.87
0.76
4.07
7.66
9.79
9.42
6.79
3.19
0.33
-0.73
-0.06
1.2
1.59
0.2
-2.7
-5.79
-7.4
-6.53
-3.43
0.53
3.59
4.67
3.89
2.48
1.93
3.02
5.33
7.44
7.8
5.67
1.66
-2.6
-5.31
-5.51
-3.61
-1.13
0.15
-0.7
-3.28
-6.07
-7.33
-6.21
-3.15
0.29
2.47
2.54
1
-0.77
-1.3
-0.01
2.43
4.51
4.71
2.46
-1.52
-5.56
-7.96
-7.88
-5.83
-3.29
-1.9
-2.53
-4.7
-6.99
-7.78
-6.28
-2.95
0.76
3.27
3.83
2.88
1.76
1.86
3.71
6.61
9.03
9.47
7.34
3.34
-0.98
-4.06
-5.18
-4.7
-3.72
-3.23
-3.5
-3.81
-3.1
-0.67
3.16
7.03
9.21
8.59
5.35
1.02
-2.38
-3.28
-1.51
1.73
4.45
5.05
3.16
-0.11
-2.94
-3.78
-2.24
0.68
3.24
3.97
2.51
-0.28
-2.85
-3.96
-3.36
-1.93
-1.06
-1.76
-4
-6.64
-8.09
-7.21
-3.95
0.56
4.61
6.83
6.8
5.24
3.48
2.73
3.32
4.57
5.2
4.1
1.03
-3.17
-7.02
-9.17
-9.08
-7.35
-5.2
-3.75
-3.37
-3.44
-2.87
-0.92
2.27
5.57
7.44
6.88
4.12
0.42
-2.45
-3.29
-2.11
-0.14
0.99
0.22
-2.19
-4.87
-6.05
-4.76
-1.34
2.68
5.48
5.98
4.47
2.27
0.98
1.41
3.12
4.71
4.7
2.45
-1.44
-5.4
-7.8
-7.77
-5.73
-3.03
-1.15
-0.93
-2.03
-3.23
-3.18
-1.22
2.17
5.56
7.43
6.98
4.65
1.83
0.1
0.29
1.98
3.76
4.12
2.32
-1.07
-4.56
-6.53
-6.21
-4.01
-1.28
0.6
0.97
0.28
-0.32
0.22
2.2
4.86
6.88
7.12
5.3
2.23
-0.67
-2.18
-1.95
-0.72
0.15
-0.5
-2.92
-6.28
-9.11
-10.1
-8.81
-5.85
-2.55
-0.17
0.71
0.54
0.36
1.22
3.37
6.07
7.96
7.8
5.32
1.44
-2.16
-3.91
-3.28
-1.07
1.1
1.73
0.35
-2.18
-4.28
-4.57
-2.71
0.47
3.47
5.08
5
3.91
3.01
3.17
4.43
5.9
6.35
4.92
1.67
-2.35
-5.63
-6.97
-6.17
-4.11
-2.23
-1.7
-2.7
-4.29
-5.02
-3.82
-0.71
3.16
6.13
7.04
5.87
3.77
2.3
2.46
4.04
5.76
5.94
3.61
-0.87
-5.91
-9.51
-10.29
-8.28
-4.85
-1.92
-0.87
-1.85
-3.72
-4.82
-3.99
-1.22
2.34
5.12
5.98
4.89
2.82
1.21
1.02
2.21
3.77
4.3
2.91
-0.29
-4.17
-7.16
-8.1
-6.92
-4.6
-2.61
-2.08
-3.06
-4.6
-5.26
-4.01
-0.86
3.03
6.08
7.1
6.02
3.92
2.33
2.32
3.85
5.79
6.61
5.37
2.37
-1.1
-3.4
-3.66
-2.22
-0.47
0.08
-1.23
-3.87
-6.35
-7.24
-5.89
-2.85
0.55
2.98
3.85
3.5
2.89
2.94
3.97
5.53
6.71
6.72
5.34
3.11
1
-0.05
0.32
1.6
2.67
2.38
0.26
-3.15
-6.5
-8.33
-7.95
-5.88
-3.57
-2.57
-3.59
-5.98
-8.16
-8.57
-6.64
-3.18
0.12
1.75
1.3
-0.4
-1.75
-1.46
0.74
4.02
6.91
8.24
7.71
6.03
4.4
3.86
4.59
5.9
6.63
5.81
3.32
0.01
-2.72
-3.71
-2.74
-0.74
0.74
0.4
-2.04
-5.56
-8.51
-9.46
-8.15
-5.49
-3.13
-2.39
-3.5
-5.51
-6.86
-6.36
-3.87
-0.37
2.65
4.08
3.8
2.79
2.39
3.56
6.23
9.31
11.36
11.45
9.69
7.16
5.23
4.74
5.54
6.53
6.41
4.45
0.99
-2.71
-5.24
-5.73
-4.45
-2.57
-1.59
-2.47
-5.09
-8.31
-10.61
-10.91
-9.15
-6.34
-3.93
-2.99
-3.59
-4.77
-5.2
-3.98
-1.2
2.09
4.52
5.23
4.33
2.83
1.94
2.35
3.84
5.48
6.22
5.57
3.94
2.41
2.09
3.39
5.73
7.71
7.86
5.46
0.98
-4.03
-7.8
-9.23
-8.46
-6.71
-5.55
-5.97
-7.72
-9.59
-10.13
-8.62
-5.51
-2.22
-0.27
-0.38
-2.05
-3.83
-4.28
-2.75
0.2
3.15
4.7
4.32
2.61
1.01
0.88
2.64
5.63
8.41
9.59
8.7
6.37
3.98
2.86
3.55
5.51
7.45
8.08
6.89
4.4
1.86
0.53
0.92
2.57
4.21
4.64
3.36
0.9
-1.48
-2.57
-1.91
-0.06
1.76
2.4
1.53
-0.25
-1.74
-1.92
-0.59
1.52
3.1
3.07
1.18
-1.8
-4.53
-5.82
-5.35
-3.83
-2.62
-2.89
-4.95
-7.96
-10.4
-10.91
-9.16
-6.04
-3.23
-2.18
-3.28
-5.57
-7.34
-7.16
-4.76
-1.19
1.73
2.53
0.99
-1.8
-4.08
-4.43
-2.66
0.16
2.35
2.61
0.8
-2.01
-4.16
-4.43
-2.68
0.04
2.23
2.76
1.58
-0.25
-1.26
-0.38
2.35
5.85
8.57
9.42
8.33
6.33
4.87
4.94
6.48
8.46
9.49
8.67
6.18
3.16
1.07
0.79
2.18
4.1
5.13
4.37
2.02
-0.79
-2.66
-2.72
-1.22
0.64
1.46
0.4
-2.21
-5.08
-6.68
-6.24
-4.11
-1.73
-0.63
-1.56
-4.02
-6.52
-7.45
-6.07
-2.93
0.44
2.43
2.31
0.67
-1.03
-1.27
0.55
3.79
6.88
8.36
7.57
5.15
2.51
1.04
1.32
2.74
3.97
3.74
1.63
-1.67
-4.73
-6.07
-5.15
-2.47
0.6
2.59
2.81
1.62
0.19
-0.22
0.89
2.93
4.54
4.41
2.07
-1.62
-4.98
-6.41
-5.29
-2.4
0.46
1.61
0.31
-2.65
-5.5
-6.57
-5.22
-2.27
0.54
1.59
0.39
-2.13
-4.2
-4.22
-1.82
1.97
5.23
6.28
4.63
1.3
-1.86
-3.19
-2.15
0.33
2.48
2.78
0.87
-2.18
-4.51
-4.6
-2.17
1.58
4.6
5.2
2.98
-0.96
-4.62
-6.22
-5.29
-2.77
-0.41
0.3
-0.92
-2.96
-4.11
-3.03
0.27
4.38
7.29
7.45
4.68
0.3
-3.65
-5.52
-4.92
-2.86
-1.09
-0.99
-2.74
-5.27
-6.8
-6.04
-3.02
0.85
3.53
3.43
0.48
-3.9
-7.55
-8.79
-7.4
-4.65
-2.42
-2.11
-3.72
-5.91
-6.89
-5.45
-1.78
2.65
5.92
6.77
5.22
2.57
0.6
0.5
2.29
4.89
6.75
6.82
5.17
2.87
1.35
1.59
3.5
6.06
7.94
8.2
6.88
4.87
3.3
2.85
3.36
3.92
3.46
1.55
-1.31
-3.87
-4.75
-3.36
-0.18
3.35
5.62
5.66
3.7
0.94
-1.09
-1.41
-0.17
1.55
2.41
1.58
-0.66
-3.08
-4.26
-3.43
-1.02
1.55
2.65
1.52
-1.35
-4.34
-5.61
-4.25
-0.75
3.25
5.8
5.82
3.67
0.86
-0.81
-0.29
2.07
4.84
6.39
5.82
3.47
0.7
-1.06
-1.1
0.1
1.27
1.14
-0.71
-3.54
-5.91
-6.45
-4.82
-1.91
0.64
1.25
-0.57
-3.93
-7.06
-8.22
-6.71
-3.26
0.33
2.29
1.78
-0.61
-3.27
-4.54
-3.69
-1.25
1.31
2.52
1.84
-0.12
-1.99
-2.51
-1.37
0.68
2.29
2.31
0.58
-1.93
-3.74
-3.7
-1.72
1.09
3.05
2.88
0.44
-3.15
-6.01
-6.62
-4.61
-0.97
2.42
3.86
2.75
-0.12
-3.1
-4.61
-4.13
-2.4
-0.85
-0.66
-1.97
-3.71
-4.32
-2.73
0.88
5.07
7.92
8.12
5.77
2.28
-0.39
-0.88
0.82
3.4
5.03
4.42
1.64
-2.02
-4.76
-5.31
-3.75
-1.31
0.31
0.06
-1.91
-4.26
-5.38
-4.34
-1.48
1.73
3.59
3.1
0.61
-2.46
-4.43
-4.36
-2.56
-0.36
0.73
-0.04
-2.23
-4.5
-5.46
-4.45
-1.96
0.73
2.32
2.29
1.12
0.03
0.12
1.79
4.46
6.92
8.02
7.33
5.37
3.35
2.4
3
4.6
6.02
6.02
4.12
0.87
-2.38
-4.28
-4.24
-2.7
-0.87
0.08
-0.27
-1.32
-1.9
-1.03
1.39
4.36
6.44
6.49
4.42
1.2
-1.61
-2.78
-2
-0.04
1.73
2.25
1.28
-0.41
-1.54
-1.14
0.85
3.44
5.18
4.94
2.7
-0.53
-3.1
-3.74
-2.2
0.58
3.08
4.05
3.16
1.13
-0.77
-1.57
-1.02
0.2
1.09
0.84
-0.56
-2.42
-3.71
-3.67
-2.26
-0.23
1.34
1.61
0.47
-1.41
-2.91
-3.14
-1.91
0.14
1.93
2.61
2.07
0.99
0.38
0.87
2.3
3.7
3.89
2.22
-0.97
-4.46
-6.75
-6.85
-4.81
-1.7
1
2.18
1.64
0.09
-1.3
-1.68
-0.99
0.02
0.36
-0.57
-2.5
-4.36
-4.9
-3.48
-0.49
2.76
4.74
4.51
2.23
-0.93
-3.41
-4.17
-3.23
-1.58
-0.63
-1.33
-3.56
-6.26
-7.96
-7.72
-5.68
-2.98
-1.09
-0.89
-2.2
-3.88
-4.53
-3.37
-0.72
2.25
4.21
4.5
3.48
2.3
2.18
3.69
6.41
9.17
10.76
10.6
9.08
7.27
6.3
6.72
8.17
9.59
9.95
8.78
6.5
4.16
2.82
2.93
4.01
4.95
4.61
2.51
-0.81
-4.08
-5.9
-5.6
-3.62
-1.31
-0.2
-1.14
-3.71
-6.48
-7.81
-6.81
-3.99
-0.93
0.59
-0.33
-3.15
-6.19
-7.62
-6.59
-3.76
-0.91
0.11
-1.52
-5.09
-8.71
-10.49
-9.52
-6.43
-2.9
-0.7
-0.67
-2.28
-4.07
-4.56
-3.21
-0.74
1.39
1.77
0.06
-2.85
-5.3
-5.82
-3.96
-0.6
2.58
4.1
3.51
1.65
0.12
0.29
2.48
5.74
8.47
9.34
8.07
5.6
3.5
3.02
4.37
6.55
8.01
7.5
4.9
1.27
-1.73
-2.73
-1.42
1.29
3.77
4.65
3.6
1.46
-0.25
-0.26
1.64
4.47
6.59
6.71
4.66
1.49
-1.14
-1.96
-0.86
1
1.87
0.49
-3.17
-7.74
-11.23
-12.1
-10.15
-6.61
-3.49
-2.42
-3.74
-6.4
-8.6
-8.92
-7.15
-4.39
-2.4
-2.42
-4.53
-7.47
-9.47
-9.22
-6.58
-2.65
0.86
2.7
2.69
1.74
1.25
2.19
4.48
7.02
8.38
7.67
5.08
1.97
-0.04
0.15
2.42
5.58
7.97
8.45
6.98
4.6
2.8
2.63
4.07
6.11
7.32
6.75
4.53
1.77
-0.1
-0.21
1.07
2.42
2.24
-0.24
-4.38
-8.38
-10.29
-9.15
-5.57
-1.47
1.01
0.68
-2.03
-5.41
-7.46
-7.07
-4.63
-1.71
-0.09
-0.71
-3.13
-5.81
-7.05
-5.95
-2.95
0.52
2.87
3.26
2.11
0.71
0.48
2.04
4.88
7.63
8.92
8.21
6.1
4.04
3.47
4.96
7.83
10.54
11.5
10.02
6.7
3.12
0.93
0.86
2.28
3.55
3.01
-0.01
-4.7
-9.18
-11.61
-11.21
-8.8
-6.22
-5.29
-6.68
-9.53
-11.99
-12.35
-10.03
-5.91
-1.77
0.86
1.49
0.97
0.83
2.29
5.46
9.17
11.69
11.62
8.86
4.59
0.72
-1.14
-0.6
1.37
2.99
2.78
0.34
-3.29
-6.32
-7.15
-5.38
-1.98
1.24
2.6
1.6
-1
-3.6
-4.82
-4.22
-2.54
-1.11
-0.91
-2
-3.38
-3.68
-1.97
1.51
5.52
8.32
8.64
6.44
2.88
-0.29
-1.7
-1.09
0.53
1.52
0.61
-2.29
-5.99
-8.68
-8.99
-6.77
-3.22
-0.17
0.97
0.03
-1.93
-3.25
-2.75
-0.43
2.56
4.6
4.62
2.73
0.15
-1.5
-1.18
0.96
3.64
5.17
4.54
1.98
-1.13
-3.05
-2.64
-0.08
3.24
5.55
5.63
3.5
0.41
-1.97
-2.47
-1.09
1.03
2.36
1.9
-0.2
-2.78
-4.33
-3.94
-1.9
0.49
1.7
0.9
-1.47
-3.95
-4.91
-3.55
-0.36
3.09
5.07
4.7
2.44
-0.24
-1.64
-0.91
1.54
4.23
5.55
4.66
1.99
-1.03
-2.81
-2.54
-0.69
1.33
1.99
0.61
-2.21
-4.92
-5.92
-4.41
-0.94
2.95
5.63
6.21
5.08
3.59
3.18
4.46
6.84
8.75
8.52
5.49
0.38
-4.95
-8.46
-9.05
-7.1
-4.26
-2.39
-2.55
-4.41
-6.53
-7.29
-5.92
-2.97
0.03
1.52
0.77
-1.66
-4.27
-5.57
-4.87
-2.64
-0.18
1.26
1.21
0.24
-0.41
0.36
2.76
5.92
8.36
8.75
6.77
3.29
-0.04
-1.75
-1.27
0.69
2.66
3.27
2.05
-0.28
-2.31
-2.77
-1.33
1.25
3.51
4.19
2.97
0.62
-1.45
-2.02
-0.77
1.54
3.49
3.89
2.51
0.19
-1.54
-1.45
0.67
3.8
6.24
6.53
4.33
0.65
-2.83
-4.6
-4.22
-2.51
-0.93
-0.75
-2.27
-4.65
-6.46
-6.54
-4.73
-1.97
0.25
0.74
-0.68
-3.01
-4.71
-4.54
-2.38
0.61
2.67
2.4
-0.32
-4.34
-7.76
-9.07
-8.02
-5.61
-3.49
-2.88
-3.84
-5.2
-5.36
-3.33
0.65
5.12
8.29
9
7.44
4.96
3.38
3.83
6.11
8.77
9.94
8.41
4.4
-0.56
-4.43
-5.83
-4.72
-2.39
-0.58
-0.43
-1.81
-3.48
-3.94
-2.45
0.52
3.49
4.87
3.94
1.28
-1.48
-2.67
-1.39
1.83
5.45
7.6
7.22
4.54
0.95
-1.79
-2.54
-1.4
0.41
1.37
0.59
-1.66
-4.13
-5.41
-4.85
-2.88
-0.77
0.25
-0.27
-1.75
-2.91
-2.69
-0.83
1.93
4.23
4.97
3.88
1.72
-0.14
-0.45
1.12
3.79
6.11
6.61
4.76
1.23
-2.37
-4.44
-4.18
-2.14
0.15
1.12
0.01
-2.65
-5.4
-6.72
-5.95
-3.63
-1.11
0.29
0.04
-1.29
-2.46
-2.37
-0.69
1.93
4.18
5.02
4.19
2.44
1.01
0.94
2.36
4.41
5.67
5.05
2.42
-1.22
-4.3
-5.57
-4.78
-2.85
-1.29
-1.3
-3.01
-5.47
-7.16
-6.91
-4.61
-1.23
1.73
3.12
2.79
1.6
0.89
1.62
3.77
6.33
7.81
7.11
4.25
0.42
-2.61
-3.41
-1.72
1.33
3.9
4.42
2.43
-1.03
-4.12
-5.16
-3.69
-0.63
2.23
3.33
2.19
-0.32
-2.59
-3.2
-1.81
0.71
2.85
3.36
2.01
-0.27
-2
-2
-0.16
2.51
4.47
4.54
2.71
0.11
-1.64
-1.41
0.7
3.34
4.74
3.71
0.4
-3.74
-6.77
-7.4
-5.68
-2.97
-1.1
-1.3
-3.47
-6.31
-8.11
-7.75
-5.34
-2.1
0.38
1.09
0.13
-1.34
-1.87
-0.63
2.1
5
6.52
5.75
3.01
-0.24
-2.26
-2
0.28
3.04
4.39
3.14
-0.47
-4.89
-8.05
-8.57
-6.49
-3.18
-0.51
0.18
-1.12
-3.21
-4.45
-3.8
-1.47
1.22
2.7
2.13
0.02
-2.15
-2.65
-0.69
3.13
7.07
9.21
8.53
5.52
1.9
-0.35
-0.08
2.36
5.49
7.49
7.34
5.28
2.68
1.12
1.4
3.12
4.85
5.14
3.38
0.21
-2.76
-3.93
-2.68
0.18
2.84
3.47
1.3
-2.82
-6.98
-9.15
-8.38
-5.34
-1.88
0.09
-0.36
-2.61
-5
-5.84
-4.44
-1.5
1.43
2.87
2.34
0.66
-0.64
-0.21
2.23
5.68
8.38
8.82
6.63
2.83
-0.75
-2.37
-1.48
1.03
3.33
3.73
1.63
-2.06
-5.46
-6.88
-5.68
-2.76
0.13
1.36
0.47
-1.66
-3.36
-3.22
-1.03
2.13
4.49
4.67
2.48
-0.89
-3.57
-4.09
-2.24
0.77
2.99
2.84
0.08
-4.09
-7.7
-9.07
-7.81
-4.93
-2.23
-1.19
-2.12
-4.04
-5.34
-4.79
-2.28
1.05
3.57
4.05
2.46
-0.03
-1.75
-1.56
0.52
3.24
4.86
4.32
1.83
-1.19
-2.93
-2.26
0.59
4.19
6.78
7.19
5.59
3.22
1.65
1.82
3.48
5.4
6.1
4.71
1.6
-1.91
-4.16
-4.14
-2.07
0.7
2.46
2.12
-0.16
-3.04
-4.77
-4.26
-1.68
1.64
3.99
4.34
2.88
0.91
0.03
1.13
3.83
6.67
7.93
6.68
3.34
-0.55
-3.16
-3.42
-1.69
0.52
1.4
-0.05
-3.34
-6.84
-8.62
-7.74
-4.74
-1.42
0.27
-0.63
-3.56
-6.78
-8.41
-7.51
-4.63
-1.41
0.39
-0.04
-2.14
-4.3
-4.93
-3.29
-0.1
2.97
4.13
2.65
-0.73
-4.13
-5.61
-4.22
-0.6
3.4
5.8
5.58
3.31
0.66
-0.56
0.43
2.98
5.39
5.99
4.22
0.95
-2.03
-3.04
-1.54
1.63
4.7
6.12
5.37
3.23
1.25
0.72
1.95
4.01
5.44
5.06
2.77
-0.35
-2.69
-3.01
-1.18
1.73
4
4.26
2.24
-1.1
-4.11
-5.36
-4.44
-2.16
-0.09
0.38
-1.13
-3.73
-5.81
-5.89
-3.61
0.14
3.62
5.28
4.61
2.43
0.31
-0.38
0.68
2.54
3.62
2.71
-0.21
-3.95
-6.61
-6.83
-4.49
-0.85
2.14
2.87
1.06
-2.2
-4.98
-5.68
-3.89
-0.63
2.26
3.22
1.9
-0.65
-2.61
-2.5
-0.1
3.38
6.01
6.29
4.05
0.65
-1.88
-2.05
0.18
3.34
5.32
4.67
1.52
-2.52
-5.26
-5.25
-2.65
0.95
3.48
3.61
1.55
-1.25
-2.96
-2.58
-0.46
1.95
2.98
1.8
-1.13
-4.26
-5.94
-5.18
-2.32
1.25
3.8
4.23
2.57
-0.04
-2.04
-2.29
-0.77
1.49
2.99
2.63
0.48
-2.26
-3.91
-3.27
-0.4
3.32
5.99
6.27
4.14
0.95
-1.45
-1.8
-0.27
1.69
2.25
0.47
-3.09
-6.53
-7.81
-5.99
-1.87
2.43
4.66
3.77
0.49
-3.14
-5.01
-4.14
-1.24
1.79
3.1
1.9
-1.02
-3.79
-4.59
-2.72
1.08
4.95
7.05
6.53
4.01
1.15
-0.33
0.35
2.62
4.87
5.42
3.54
-0.11
-3.82
-5.82
-5.22
-2.55
0.64
2.65
2.64
1.04
-0.77
-1.33
-0.02
2.53
4.82
5.35
3.55
0.21
-3.01
-4.47
-3.5
-0.82
1.86
2.92
1.68
-1.09
-3.72
-4.59
-3.19
-0.39
2.1
2.7
1
-2.03
-4.62
-5.27
-3.63
-0.69
1.88
2.67
1.4
-1
-2.92
-3.11
-1.39
1.19
2.97
2.65
0.11
-3.42
-6.02
-6.11
-3.41
0.88
4.72
6.33
5.22
2.37
-0.43
-1.62
-0.8
0.99
2.1
1.21
-1.67
-5.2
-7.39
-6.82
-3.46
1.2
4.98
6.15
4.38
0.93
-2.18
-3.27
-2.01
0.47
2.32
2.16
-0.11
-3.24
-5.34
-5.1
-2.53
0.98
3.5
3.61
1.22
-2.35
-5.21
-5.91
-4.22
-1.22
1.45
2.52
1.87
0.41
-0.43
0.33
2.61
5.33
7.04
6.85
4.94
2.56
1.22
1.82
3.97
6.25
6.93
5.06
1.08
-3.36
-6.31
-6.6
-4.51
-1.58
0.31
0.06
-2.09
-4.72
-6.11
-5.33
-2.72
0.31
2.16
1.94
0.01
-2.29
-3.43
-2.63
-0.25
2.38
3.75
3.08
0.79
-1.77
-3.12
-2.47
-0.27
2.07
3
1.74
-1.27
-4.57
-6.51
-6.21
-4.05
-1.38
0.23
-0.03
-1.73
-3.55
-4.04
-2.56
0.34
3.24
4.75
4.34
2.67
1.14
1.04
2.71
5.28
7.14
6.95
4.4
0.55
-2.72
-3.83
-2.29
0.92
3.99
5.19
3.96
1.11
-1.6
-2.49
-0.94
2.22
5.22
6.36
5
1.89
-1.26
-2.81
-2.15
-0
2.03
2.47
0.87
-1.88
-4.16
-4.58
-2.83
0.13
2.59
3.12
1.35
-1.82
-4.77
-6.04
-5.16
-2.91
-0.76
-0.04
-1.14
-3.25
-4.9
-4.82
-2.71
0.49
3.25
4.23
3.18
0.99
-0.86
-1.24
-0.02
1.83
2.89
2.27
0.04
-2.62
-4.27
-3.94
-1.81
1.01
2.98
3.06
1.26
-1.39
-3.44
-3.8
-2.34
0.03
1.94
2.28
0.95
-1.16
-2.59
-2.21
0.07
3.23
5.64
6
4.06
0.78
-2.12
-3.24
-2.15
0.34
2.66
3.44
2.32
0.13
-1.6
-1.59
0.34
3.17
5.21
5.14
2.85
-0.47
-3.01
-3.35
-1.37
1.67
3.93
3.98
1.74
-1.51
-3.92
-4.19
-2.32
0.39
2.16
1.89
-0.17
-2.66
-3.9
-3.01
-0.46
2.17
3.18
1.71
-1.65
-5.19
-7.06
-6.25
-3.17
0.65
3.4
3.99
2.56
0.32
-1.24
-1.27
-0.04
1.27
1.39
-0.23
-2.91
-5.21
-5.62
-3.61
0.09
3.81
5.94
5.7
3.65
1.21
-0.17
0.12
1.53
2.74
2.51
0.47
-2.58
-5.06
-5.55
-3.58
0.03
3.65
5.65
5.35
3.3
0.89
-0.48
-0.33
0.7
1.25
0.15
-2.78
-6.44
-9.07
-9.16
-6.4
-1.84
2.59
5.23
5.47
4.03
2.44
2.03
3.13
4.86
5.77
4.7
1.64
-2.18
-4.93
-5.21
-2.84
0.94
4.18
5.25
3.71
0.58
-2.35
-3.47
-2.33
0.22
2.51
3.15
1.79
-0.68
-2.71
-3.1
-1.72
0.4
1.76
1.3
-0.84
-3.37
-4.59
-3.44
-0.14
3.83
6.56
6.72
4.32
0.64
-2.47
-3.63
-2.61
-0.44
1.37
1.68
0.41
-1.46
-2.59
-2.15
-0.41
1.4
1.8
0.04
-3.35
-6.73
-8.26
-6.89
-3.01
1.67
5.13
6.04
4.41
1.53
-0.91
-1.72
-0.93
0.41
0.91
-0.17
-2.47
-4.63
-5.13
-3.23
0.56
4.63
7.15
7
4.37
0.64
-2.38
-3.44
-2.47
-0.53
0.95
1.01
-0.25
-1.79
-2.36
-1.34
0.85
2.93
3.55
2.15
-0.64
-3.29
-4.24
-2.81
0.38
3.68
5.31
4.37
1.24
-2.52
-5.15
-5.6
-4.16
-2.15
-1.11
-1.82
-3.74
-5.38
-5.17
-2.5
1.9
6.26
8.83
8.79
6.69
4.09
2.55
2.82
4.37
5.86
5.93
4.14
1.22
-1.28
-1.91
-0.2
2.98
5.86
6.71
4.82
0.96
-3.07
-5.33
-4.88
-2.25
0.91
2.77
2.37
0.08
-2.72
-4.5
-4.57
-3.44
-2.49
-2.98
-5.22
-8.24
-10.24
-9.74
-6.45
-1.59
2.69
4.48
3.23
0.02
-3.03
-3.93
-1.96
1.97
5.91
8.02
7.58
5.3
2.79
1.51
1.87
3.03
3.53
2.27
-0.68
-3.98
-5.83
-4.99
-1.65
2.61
5.58
5.7
2.92
-1.24
-4.55
-5.22
-3
0.82
4.14
5.27
3.8
0.77
-2.06
-3.29
-2.67
-1.17
-0.28
-0.99
-3.15
-5.52
-6.58
-5.48
-2.65
0.39
1.87
0.86
-2.18
-5.56
-7.3
-6.21
-2.62
1.77
4.83
5.09
2.54
-1.41
-4.76
-6.05
-5.03
-2.79
-0.96
-0.66
-1.78
-3.18
-3.41
-1.71
1.39
4.34
5.44
3.9
0.4
-3.22
-4.91
-3.62
0.16
4.64
7.73
8.13
6.05
2.97
0.75
0.62
2.47
4.99
6.55
6.16
3.99
1.2
-0.86
-1.46
-0.99
-0.55
-1.24
-3.32
-5.91
-7.5
-6.86
-3.83
0.38
3.86
4.93
3.1
-0.61
-4.24
-5.87
-4.57
-0.94
3.31
6.22
6.56
4.46
1.25
-1.26
-1.81
-0.27
2.27
4.27
4.67
3.45
1.58
0.23
0.02
0.55
0.77
-0.32
-2.83
-5.75
-7.5
-6.79
-3.54
0.98
4.7
5.86
3.88
-0.23
-4.36
-6.42
-5.37
-1.79
2.53
5.46
5.77
3.62
0.44
-2.04
-2.75
-1.82
-0.35
0.43
-0.04
-1.33
-2.34
-2.1
-0.5
1.59
2.72
1.84
-1.03
-4.59
-6.89
-6.41
-2.91
2.27
6.88
8.89
7.54
3.74
-0.47
-2.98
-2.76
-0.28
2.85
4.86
4.82
3.01
0.67
-0.87
-1
-0.11
0.74
0.56
-0.79
-2.49
-3.28
-2.3
0.21
2.93
4.15
2.82
-0.7
-4.72
-7.06
-6.31
-2.63
2.18
5.72
6.21
3.45
-1.02
-4.9
-6.32
-4.78
-1.37
1.99
3.71
3.32
1.59
-0.09
-0.72
-0.26
0.39
0.08
-1.69
-4.32
-6.37
-6.36
-3.76
0.58
4.77
6.87
5.84
2.24
-2.07
-4.9
-4.77
-1.77
2.59
6.17
7.36
5.86
2.75
-0.17
-1.49
-0.86
0.85
2.24
2.3
1.07
-0.44
-0.99
0.08
2.27
4.16
4.26
1.91
-2.19
-6.31
-8.55
-7.86
-4.61
-0.43
2.73
3.53
1.92
-0.94
-3.38
-4.2
-3.26
-1.38
0.2
0.68
0.18
-0.47
-0.38
0.75
2.32
3.17
2.3
-0.37
-3.81
-6.37
-6.68
-4.44
-0.76
2.45
3.38
1.45
-2.39
-6.09
-7.63
-6.05
-1.98
2.7
5.98
6.73
5.29
3.12
1.87
2.44
4.46
6.68
7.78
7.19
5.44
3.69
3.05
3.69
4.84
5.16
3.66
0.42
-3.31
-5.76
-5.64
-2.94
0.94
3.92
4.32
1.79
-2.49
-6.42
-8.11
-6.9
-3.67
-0.31
1.36
0.53
-2.16
-5.1
-6.61
-5.89
-3.39
-0.44
1.56
2.02
1.39
0.77
1.11
2.54
4.16
4.63
3.09
-0.28
-4.1
-6.54
-6.24
-3.19
1.31
5.27
7.03
6.09
3.34
0.41
-1.21
-0.99
0.41
1.71
1.73
0.19
-2.18
-4.17
-4.81
-3.99
-2.58
-1.75
-2.31
-4.06
-5.86
-6.31
-4.63
-1.19
2.52
4.67
4.1
1.06
-2.84
-5.46
-5.23
-1.99
2.82
7
8.69
7.36
4.01
0.62
-0.96
-0.03
2.68
5.5
6.82
6
3.7
1.33
0.14
0.43
1.32
1.42
-0.2
-3.24
-6.28
-7.56
-6.09
-2.38
1.74
4.17
3.58
0.28
-3.96
-6.82
-6.7
-3.54
1.2
5.31
7.08
6.13
3.44
0.7
-0.71
-0.54
0.34
0.65
-0.4
-2.48
-4.33
-4.57
-2.67
0.57
3.42
4.19
2.23
-1.59
-5.3
-6.87
-5.35
-1.38
3.13
6.05
6.14
3.69
0.27
-2.23
-2.67
-1.21
0.87
2.09
1.61
-0.17
-1.96
-2.39
-0.97
1.56
3.65
3.8
1.55
-2.14
-5.44
-6.56
-4.8
-0.93
3.23
5.75
5.65
3.33
0.27
-1.82
-1.98
-0.5
1.41
2.39
1.78
0.01
-1.73
-2.25
-1.21
0.66
1.9
1.25
-1.49
-5.21
-7.99
-8.16
-5.28
-0.46
4.2
6.71
6.2
3.39
0.08
-1.85
-1.49
0.7
3.22
4.55
4.02
2.19
0.35
-0.39
0.21
1.24
1.32
-0.43
-3.69
-6.93
-8.24
-6.46
-2.05
3.07
6.48
6.53
3.32
-1.36
-4.99
-5.66
-3.05
1.49
5.74
7.81
7.14
4.54
1.61
-0.31
-0.84
-0.72
-1.11
-2.72
-5.22
-7.34
-7.64
-5.43
-1.33
2.93
5.31
4.64
1.25
-3.1
-6.14
-6.23
-3.29
1.21
5.03
6.35
4.69
1.12
-2.43
-4.22
-3.64
-1.38
1.1
2.46
2.24
0.99
-0.2
-0.53
0.04
0.71
0.48
-1.14
-3.66
-5.84
-6.3
-4.41
-0.79
3.01
5.22
4.9
2.46
-0.5
-2.06
-1.14
1.92
5.42
7.36
6.5
3.18
-0.81
-3.27
-2.78
0.46
4.77
7.91
8.43
6.31
2.95
0.23
-0.61
0.36
1.89
2.42
1.04
-1.93
-5.19
-7.27
-7.39
-5.91
-4.12
-3.35
-4.16
-5.97
-7.38
-7.05
-4.51
-0.58
3.09
4.92
4.26
1.88
-0.48
-1.07
0.85
4.53
8.12
9.62
8.06
4.04
-0.61
-3.76
-4.16
-2.08
0.93
2.93
2.71
0.37
-2.78
-5.02
-5.25
-3.52
-0.92
1.11
1.69
0.94
-0.17
-0.53
0.29
1.75
2.6
1.81
-0.7
-3.83
-5.86
-5.5
-2.67
1.26
4.22
4.58
2.14
-1.73
-4.79
-5.17
-2.47
2.07
6.22
7.94
6.53
2.91
-0.95
-3.08
-2.61
-0.17
2.61
4.03
3.34
1.05
-1.47
-2.91
-2.8
-1.71
-0.85
-1.11
-2.52
-4.08
-4.48
-2.99
-0.04
2.92
4.19
2.85
-0.57
-4.35
-6.46
-5.7
-2.36
1.86
4.85
5.21
2.91
-0.63
-3.42
-3.87
-1.67
2.1
5.57
7.03
5.83
2.73
-0.55
-2.28
-1.64
0.8
3.44
4.66
3.72
1.2
-1.49
-2.92
-2.62
-1.27
-0.18
-0.44
-2.14
-4.39
-5.82
-5.61
-3.92
-1.85
-0.7
-1.14
-2.73
-4.23
-4.35
-2.57
0.45
3.17
4.11
2.69
-0.35
-3.33
-4.55
-3.25
-0.02
3.48
5.43
4.86
2.25
-0.79
-2.38
-1.46
1.56
5
6.85
5.92
2.55
-1.47
-3.93
-3.4
-0.13
4.12
7.08
7.15
4.37
0.33
-2.8
-3.47
-1.61
1.43
3.69
3.83
1.82
-1.13
-3.38
-3.85
-2.63
-0.82
0.22
-0.21
-1.76
-3.29
-3.63
-2.37
-0.14
1.75
2.18
0.89
-1.37
-3.25
-3.69
-2.46
-0.44
0.99
0.77
-1.15
-3.73
-5.44
-5.09
-2.66
0.71
3.29
3.74
1.89
-1.09
-3.36
-3.43
-1.03
2.75
6.04
7.17
5.63
2.27
-1.1
-2.71
-1.81
1.03
4.14
5.74
4.89
2.03
-1.24
-3.01
-2.22
0.78
4.46
6.87
6.83
4.54
1.45
-0.65
-0.68
1.1
3.22
4
2.47
-0.91
-4.61
-6.82
-6.59
-4.34
-1.58
-0.03
-0.58
-2.78
-5.15
-6.12
-4.97
-2.27
0.54
2.08
1.78
0.27
-1.24
-1.64
-0.75
0.69
1.5
0.86
-1.05
-3.21
-4.28
-3.53
-1.3
1.11
2.21
1.24
-1.29
-3.82
-4.7
-3.14
0.15
3.4
4.67
3.13
-0.47
-4.16
-5.82
-4.46
-0.74
3.37
5.78
5.35
2.59
-0.67
-2.41
-1.45
1.82
5.79
8.45
8.55
6.23
2.85
0.24
-0.44
0.79
2.71
3.77
2.91
0.3
-2.79
-4.74
-4.46
-2.1
1.08
3.32
3.37
1.16
-2.17
-4.95
-5.83
-4.56
-2.08
0.13
0.81
-0.3
-2.36
-3.96
-3.97
-2.17
0.6
2.97
3.89
3.11
1.38
-0.19
-0.79
-0.47
-0.03
-0.43
-2.09
-4.52
-6.53
-6.96
-5.44
-2.65
0.04
1.37
0.91
-0.64
-1.91
-1.75
0.08
2.68
4.51
4.32
2.02
-1.19
-3.38
-3.01
0.18
4.85
8.73
9.86
7.62
3.18
-1.11
-2.99
-1.49
2.51
6.84
9.16
8.29
4.74
0.39
-2.6
-2.94
-0.86
2.15
4.25
4.31
2.43
-0.18
-2.04
-2.29
-1.2
0.12
0.4
-0.95
-3.48
-5.97
-7.2
-6.7
-5.03
-3.45
-3.02
-3.99
-5.52
-6.3
-5.35
-2.72
0.42
2.43
2.2
-0.16
-3.34
-5.54
-5.55
-3.45
-0.55
1.34
1.09
-1.07
-3.64
-4.73
-3.23
0.51
4.77
7.4
7.08
4.09
0.2
-2.28
-1.87
1.3
5.52
8.51
8.63
5.85
1.76
-1.4
-2
0.01
3.19
5.37
5.05
2.2
-1.66
-4.36
-4.33
-1.55
2.45
5.44
5.71
3.02
-1.25
-4.86
-5.97
-4.16
-0.58
2.68
3.82
2.3
-0.84
-3.64
-4.36
-2.47
0.96
3.99
4.84
2.97
-0.66
-4.09
-5.5
-4.23
-1.05
2.33
4.25
4.04
2.24
0.07
-1.31
-1.55
-1.26
-1.42
-2.6
-4.49
-6.03
-6.1
-4.31
-1.35
1.27
2.13
0.7
-2.22
-4.95
-5.8
-4.11
-0.6
3
4.93
4.45
2.26
0.05
-0.55
1
3.85
6.12
6.17
3.5
-0.79
-4.63
-6.12
-4.59
-0.97
2.74
4.55
3.63
0.76
-2.16
-3.17
-1.4
2.4
6.24
7.99
6.58
2.64
-1.85
-4.63
-4.42
-1.59
2.1
4.58
4.62
2.47
-0.38
-2.15
-1.9
0.03
2.26
3.24
2.24
-0.32
-3.17
-4.95
-5.08
-4.02
-2.95
-2.93
-4.27
-6.29
-7.72
-7.55
-5.64
-2.89
-0.72
-0.24
-1.48
-3.3
-4.08
-2.68
0.84
5.08
8.09
8.48
6.26
2.85
0.34
0.26
2.7
6.25
8.78
8.65
5.63
1.08
-2.83
-4.31
-2.86
0.47
3.72
5.11
4.01
1.16
-1.78
-3.22
-2.59
-0.56
1.41
2.02
0.89
-1.2
-2.9
-3.17
-1.99
-0.42
0.13
-1.14
-3.8
-6.37
-7.25
-5.67
-2.31
1.07
2.63
1.56
-1.45
-4.6
-5.98
-4.68
-1.24
2.63
5.05
4.94
2.67
-0.18
-1.73
-0.91
1.95
5.29
7.19
6.51
3.52
-0.18
-2.64
-2.61
-0.29
2.81
4.79
4.43
1.87
-1.55
-4.05
-4.49
-2.93
-0.58
0.97
0.75
-1.09
-3.39
-4.74
-4.34
-2.52
-0.49
0.43
-0.32
-2.16
-3.73
-3.66
-1.57
1.75
4.6
5.46
3.85
0.7
-2.18
-3.15
-1.65
1.36
4.07
4.77
3.02
-0.15
-2.79
-3.15
-0.79
3.17
6.63
7.75
5.87
2.03
-1.76
-3.55
-2.6
0.3
3.36
4.69
3.51
0.47
-2.74
-4.35
-3.55
-0.87
2.11
3.73
3.11
0.68
-2.15
-3.84
-3.59
-1.75
0.43
1.6
1.15
-0.51
-2.26
-3.03
-2.46
-1.11
-0.1
-0.25
-1.62
-3.39
-4.42
-3.88
-1.94
0.37
1.71
1.26
-0.74
-3.1
-4.31
-3.47
-0.78
2.38
4.28
3.81
1.18
-2.14
-4.24
-3.88
-1.2
2.37
4.93
5.15
3.04
-0.12
-2.49
-2.81
-0.99
1.81
3.89
3.99
2.08
-0.7
-2.65
-2.56
-0.39
2.61
4.6
4.28
1.62
-1.97
-4.46
-4.38
-1.67
2.19
5.06
5.28
2.74
-1.16
-4.31
-5.06
-3.14
0.28
3.26
4.29
3.01
0.43
-1.77
-2.18
-0.42
2.7
5.67
7.15
6.66
4.76
2.66
1.42
1.36
1.9
1.97
0.83
-1.44
-3.94
-5.48
-5.33
-3.71
-1.71
-0.53
-0.9
-2.5
-4.27
-4.98
-4.07
-1.91
0.36
1.48
0.92
-0.89
-2.8
-3.62
-2.84
-0.98
0.74
1.15
-0.15
-2.46
-4.4
-4.7
-3.03
-0.22
2.16
2.72
1.1
-1.77
-4.15
-4.57
-2.64
0.64
3.46
4.3
2.81
-0.02
-2.48
-3.11
-1.69
0.83
2.91
3.31
1.92
-0.3
-1.86
-1.71
0.19
2.8
4.68
4.8
3.15
0.79
-0.8
-0.58
1.41
4.05
5.75
5.47
3.32
0.61
-0.96
-0.36
2.11
4.92
6.19
4.81
1.21
-2.87
-5.29
-4.73
-1.45
2.86
6.03
6.57
4.48
1.11
-1.59
-2.19
-0.51
2.3
4.53
4.75
2.7
-0.7
-3.83
-5.35
-4.9
-3.24
-1.8
-1.74
-3.38
-5.95
-8.17
-8.92
-7.89
-5.76
-3.65
-2.55
-2.75
-3.77
-4.68
-4.68
-3.53
-1.63
0.2
1.25
1.31
0.72
0.16
0.23
1.05
2.22
3.07
3.06
2.16
0.84
-0.16
-0.3
0.49
1.78
2.93
3.45
3.27
2.78
2.47
2.69
3.38
4.1
4.35
3.85
2.72
1.42
0.57
0.41
0.75
1.04
0.72
-0.37
-1.82
-2.87
-2.87
-1.73
-0.06
1.17
1.19
-0.07
-1.93
-3.38
-3.63
-2.59
-0.91
0.49
0.93
0.33
-0.82
-1.76
-1.96
-1.37
-0.4
0.36
0.44
-0.17
-1.1
-1.79
-1.81
-1.08
0.04
0.98
1.31
0.97
0.3
-0.12
0.12
1
2.02
2.51
1.98
0.5
-1.32
-2.67
-2.96
-2.17
-0.94
-0.12
-0.35
-1.61
-3.29
-4.48
-4.51
-3.35
-1.59
-0.15
0.25
-0.53
-1.97
-3.25
-3.69
-3.08
-1.79
-0.48
0.27
0.37
0.15
0.25
1.13
2.83
4.89
6.6
7.43
7.18
6.22
5.13
4.44
4.33
4.59
4.76
4.44
3.59
2.5
1.64
1.34
1.55
1.9
1.88
1.25
0.15
-0.85
-1.2
-0.62
0.6
1.75
2.1
1.28
-0.4
-2.14
-3.04
-2.64
-1.15
0.61
1.63
1.38
0.01
-1.61
-2.5
-2.02
-0.41
1.39
2.22
1.37
-0.93
-3.67
-5.53
-5.71
-4.31
-2.31
-1
-1.15
-2.62
-4.43
-5.44
-4.97
-3.31
-1.48
-0.54
-1.06
-2.63
-4.27
-4.82
-3.79
-1.47
1.2
3.09
3.56
2.68
1.19
-0.05
-0.39
0.17
1.08
1.66
1.43
0.49
-0.65
-1.27
-1.03
-0.1
0.9
1.26
0.7
-0.5
-1.57
-1.8
-0.9
0.73
2.21
2.76
2.05
0.5
-1.05
-1.74
-1.22
0.13
1.52
2.12
1.61
0.28
-1.13
-1.94
-1.81
-0.98
-0.01
0.53
0.46
0.08
-0.11
0.3
1.26
2.23
2.49
1.55
-0.45
-2.66
-3.92
-3.4
-1.04
2.27
5.1
6.16
4.99
2.26
-0.64
-2.25
-1.84
0.26
2.82
4.51
4.54
3.09
1.12
-0.28
-0.59
-0.14
0.17
-0.53
-2.41
-4.68
-6.07
-5.54
-2.97
0.65
3.72
4.85
3.63
0.83
-1.98
-3.33
-2.56
-0.21
2.38
3.82
3.43
1.63
-0.45
-1.61
-1.35
-0.14
0.89
0.68
-1.05
-3.57
-5.5
-5.61
-3.55
-0.09
3.3
5.25
5.2
3.67
1.82
0.75
0.77
1.31
1.31
-0.02
-2.61
-5.46
-7.18
-6.74
-4.09
-0.36
2.79
3.97
2.72
-0.11
-2.95
-4.24
-3.31
-0.63
2.47
4.6
5.02
3.94
2.33
1.2
1.01
1.39
1.49
0.57
-1.36
-3.46
-4.46
-3.45
-0.48
3.33
6.33
7.18
5.56
2.34
-0.91
-2.78
-2.75
-1.41
-0.02
0.35
-0.55
-2
-2.84
-2.19
-0.11
2.39
3.95
3.59
1.4
-1.56
-3.82
-4.32
-3.01
-0.8
1
1.44
0.43
-1.27
-2.56
-2.63
-1.43
0.35
1.71
1.89
0.88
-0.61
-1.53
-1.06
0.81
3.29
5.08
5.21
3.48
0.74
-1.62
-2.37
-1.22
0.99
2.83
3.04
1.35
-1.38
-3.63
-4.2
-2.9
-0.64
1.1
1.25
-0.26
-2.45
-3.97
-3.92
-2.42
-0.52
0.49
-0.09
-2.01
-4.15
-5.22
-4.5
-2.3
0.27
1.9
1.85
0.36
-1.47
-2.36
-1.58
0.63
3.11
4.5
4.06
2.01
-0.5
-2.05
-1.8
0.12
2.7
4.63
5.08
4.15
2.71
1.85
2.27
3.74
5.28
5.74
4.42
1.57
-1.71
-4.08
-4.7
-3.67
-1.92
-0.64
-0.58
-1.62
-2.88
-3.35
-2.49
-0.62
1.29
2.21
1.66
0.03
-1.6
-2.12
-1.01
1.3
3.63
4.68
3.75
1.17
-1.86
-3.97
-4.34
-3.11
-1.32
-0.16
-0.32
-1.59
-3.03
-3.61
-2.84
-1.1
0.63
1.36
0.74
-0.72
-1.93
-1.88
-0.25
2.28
4.46
5.07
3.66
0.85
-2.03
-3.63
-3.35
-1.62
0.3
1.18
0.49
-1.3
-2.99
-3.43
-2.21
0.09
2.28
3.22
2.52
0.78
-0.83
-1.26
-0.2
1.71
3.25
3.34
1.71
-0.99
-3.51
-4.73
-4.25
-2.6
-0.87
-0.03
-0.46
-1.65
-2.59
-2.38
-0.8
1.58
3.65
4.4
3.53
1.59
-0.3
-1.08
-0.36
1.34
2.92
3.36
2.31
0.3
-1.52
-2.11
-1.13
0.87
2.73
3.35
2.38
0.33
-1.66
-2.54
-1.97
-0.48
0.81
0.86
-0.67
-3.14
-5.29
-5.96
-4.72
-2.21
0.23
1.28
0.46
-1.61
-3.52
-3.9
-2.26
0.7
3.43
4.55
3.57
1.25
-0.86
-1.41
-0.02
2.49
4.65
5.2
3.95
1.82
0.32
0.59
2.73
5.72
8.04
8.53
7.11
4.77
2.99
2.83
4.37
6.61
8.15
7.93
5.92
3.1
0.84
0.08
0.82
2.12
2.7
1.69
-0.82
-3.92
-6.38
-7.36
-6.87
-5.7
-4.9
-5.15
-6.4
-7.92
-8.84
-8.6
-7.31
-5.64
-4.41
-4.07
-4.49
-5.07
-5.07
-4.13
-2.44
-0.68
0.45
0.55
-0.21
-1.2
-1.65
-1.18
0.08
1.54
2.5
2.54
1.81
0.85
0.34
0.67
1.72
2.88
3.45
3.02
1.69
0.07
-1.11
-1.35
-0.66
0.44
1.23
1.15
0.19
-1.16
-2.16
-2.23
-1.26
0.24
1.48
1.81
1.08
-0.27
-1.45
-1.8
-1.14
0.11
1.15
1.27
0.31
-1.29
-2.71
-3.22
-2.61
-1.29
-0.05
0.46
0.05
-0.88
-1.56
-1.38
-0.22
1.51
3.14
4.14
4.51
4.72
5.44
7.02
9.23
11.27
12.21
11.46
9.23
6.43
4.24
3.41
3.84
4.63
4.58
2.91
-0.21
-3.7
-6.15
-6.69
-5.42
-3.43
-2.11
-2.35
-3.99
-5.97
-6.99
-6.28
-4.17
-1.87
-0.77
-1.63
-4.11
-6.97
-8.74
-8.6
-6.79
-4.44
-2.97
-3.25
-5.14
-7.56
-9.2
-9.17
-7.79
-6.2
-5.64
-6.64
-8.48
-9.75
-8.89
-5.9
-2.29
-0.31
-1.53
-5.44
-9.89
-12.39
-11.57
-7.73
-2.71
1.89
5.04
6.56
6.81
6.01
4.44
2.65
1.49
1.79
3.85
6.8
9.42
10.68
10.58
10.22
10.61
11.8
12.5
10.95
6.61
0.77
-3.77
-4.28
-0.47
5.3
8.85
7
-0.18
-9.25
-15.41
-15.2
-8.91
-0.07
7.1
9.7
7.84
3.53
-1.07
-4.82
-7.68
-9.89
-10.97
-10.06
-6.73
-1.16
5.16
10.41
12.99
12.12
8.12
2.25
-3.59
-7.13
-6.73
-1.94
6.14
14.71
20.65
21.7
17.61
10.34
2.96
-2.04
-3.59
-2.66
-1.08
-0.17
-0.3
-0.77
-0.74
-0.15
0.27
-0.42
-2.59
-5.17
-6.45
-4.75
0.49
7.7
14.05
16.59
13.59
5.57
-4.68
-13.48
-17.6
-16
-9.89
-1.89
4.9
8.48
8.48
5.81
2.04
-1.17
-2.97
-3.08
-1.91
0.09
2.56
5.33
8.24
10.67
11.53
9.98
6.12
0.82
-3.98
-6.65
-6.44
-3.88
-0.65
1.25
0.56
-2.73
-7.48
-11.36
-12.53
-10.43
-6.27
-2.05
0.25
0.11
-1.31
-2.15
-1.05
1.98
5.81
8.56
8.97
6.75
2.9
-1.06
-3.8
-4.39
-2.86
0.07
3.45
6.59
8.83
10.12
10.15
8.57
5.3
0.37
-5.37
-10.22
-12.49
-11.18
-6.19
0.69
6.94
10.06
8.58
3.03
-4.34
-10.64
-13.45
-11.99
-7.39
-1.74
2.77
4.64
3.62
0.48
-3.54
-7.12
-9.58
-10.78
-11.18
-11.17
-10.63
-9.14
-6.38
-2.85
0.24
1.38
-0.05
-3.27
-6.1
-6.41
-3.03
3.49
10.81
16.12
17.24
13.71
6.94
-0.39
-5.95
-8.21
-7.56
-5.56
-3.64
-2.83
-3.01
-3.59
-4.16
-4.71
-5.55
-6.83
-7.81
-7.33
-4.3
1.7
9.43
16.54
20.35
19.09
12.94
4.16
-3.77
-7.43
-5.27
1.85
11.27
19.34
23.22
21.89
16.26
8.71
1.87
-2.4
-3.39
-1.82
1.1
4.47
7.66
10.34
12.04
11.87
9
3.41
-3.82
-10.41
-14.12
-13.63
-9.13
-2.8
2.53
4.32
1.69
-4.41
-11.2
-15.9
-16.58
-13.54
-8.5
-3.66
-0.6
0.41
0.17
-0.27
-0.33
0.06
0.43
0.37
-0.3
-1.28
-1.74
-1.17
0.62
3.09
5.22
5.91
5.02
2.91
0.71
-0.82
-1.38
-1.43
-1.7
-2.84
-4.79
-7.03
-8.64
-8.68
-6.99
-4.06
-1.26
0.03
-0.8
-3.21
-5.65
-6.18
-3.86
0.81
6.32
10.5
12.16
11.08
8.38
5.43
3.44
2.52
2.66
3.28
4.24
5.92
8.39
11.19
13.07
12.43
8.18
0.76
-8.12
-15.55
-19.26
-18.24
-13.24
-6.62
-1.12
1.08
-0.67
-5.28
-10.56
-14.2
-14.61
-11.8
-7.01
-1.72
2.51
5.08
5.89
5.26
3.66
1.4
-1.09
-3.27
-4.58
-4.51
-2.41
1.42
6.13
10.09
11.46
9.46
4.5
-1.3
-5.45
-6.16
-3.29
1.7
6.45
8.83
8.13
4.82
0.72
-2.47
-3.64
-2.61
-0.34
2.12
4.11
5.48
6.2
6.22
4.99
1.93
-3.04
-9.11
-14.3
-16.73
-15.15
-9.75
-2.41
4.16
7.54
6.66
2.27
-3.17
-7.06
-7.34
-3.94
1.72
7.46
11.25
12.32
10.9
8.21
5.42
3.45
2.59
2.82
3.72
5.1
6.97
9.34
11.84
13.78
14.19
12.33
8.62
4.06
0.41
-1.3
-0.86
0.91
2.41
2.26
-0.14
-4.3
-8.94
-12.19
-13.02
-11.46
-8.92
-7.27
-7.85
-10.6
-14.04
-15.92
-14.61
-10.13
-3.91
1.49
4.06
3
-0.82
-5.37
-8.77
-9.84
-8.53
-5.81
-2.78
0.03
2.41
4.49
5.96
6.12
4.22
-0.09
-5.96
-11.46
-14.49
-13.56
-8.57
-1.3
5.51
9.19
8.42
3.81
-2.3
-7.04
-8.13
-5.15
0.67
7.24
12.28
14.47
13.55
10.15
5.48
0.79
-2.95
-4.93
-4.91
-2.91
0.94
5.78
10.39
13.12
12.66
8.67
2.22
-4.48
-8.78
-9.01
-5.09
1.59
8.43
13.01
13.85
10.97
5.78
0.39
-3.39
-4.65
-3.74
-1.7
0.64
2.71
4.44
5.68
6.03
4.89
1.87
-2.68
-7.32
-10.44
-10.67
-7.53
-2.19
3.23
6.44
5.89
1.67
-4.53
-10.11
-12.47
-10.47
-4.72
2.78
9.3
12.63
11.89
7.73
1.87
-3.63
-7.31
-8.43
-7.51
-5.26
-2.26
1.1
4.62
7.77
9.67
9.44
6.88
2.61
-1.61
-4.22
-4.13
-1.46
2.3
5.1
5.28
2.39
-2.65
-7.64
-10.55
-10.21
-7.19
-3.1
0.24
1.69
1.31
-0.02
-1.22
-1.74
-1.52
-1.24
-1.41
-2.44
-4.08
-5.62
-6.37
-5.99
-4.6
-2.8
-1.34
-0.4
0.06
0.34
0.5
0.4
-0.26
-1.68
-3.51
-4.86
-4.86
-2.99
0.84
5.57
9.75
11.8
10.76
6.88
1.54
-3.17
-5.25
-3.91
0.21
5.52
9.76
11.49
10.22
6.61
2.06
-2.17
-5.46
-7.54
-8.67
-8.94
-7.95
-5.53
-1.97
1.55
3.44
2.49
-1.32
-6.51
-10.6
-11.59
-8.72
-2.75
3.97
8.96
10.43
8.08
3.21
-1.99
-5.37
-5.56
-2.77
1.8
6.67
10.34
12.09
11.74
9.54
6.01
1.7
-2.82
-6.57
-8.68
-8.5
-5.66
-0.97
3.98
7.05
6.64
2.43
-4.23
-10.81
-14.52
-13.9
-9.26
-2.46
3.72
7.06
6.61
3.07
-1.77
-5.91
-8.03
-7.72
-5.78
-3.15
-0.39
2.25
4.72
6.72
7.52
6.4
3.18
-1.36
-5.29
-6.86
-4.93
0.29
7.03
12.74
15.19
13.56
8.73
2.98
-1.21
-2.1
0.15
4.16
8.08
10.43
10.72
9.42
7.42
5.38
3.71
2.31
1.14
-0.11
-1.27
-2.03
-2.21
-1.92
-1.72
-2.3
-4.27
-7.28
-10.46
-12.43
-12.45
-10.54
-7.52
-4.82
-3.65
-4.36
-6.33
-8.46
-9.31
-8.3
-5.68
-2.72
-0.8
-0.62
-1.89
-3.39
-3.45
-1.07
3.42
8.76
12.96
14.53
12.95
9.02
4.43
0.8
-1.05
-1.13
-0.28
0.57
1.21
1.7
2.34
2.94
2.77
1.07
-2.45
-7.14
-11.21
-12.84
-10.92
-5.59
1.27
7.12
9.63
7.84
2.71
-3.43
-7.89
-8.69
-5.69
-0.28
5.52
9.63
11.01
9.62
6.22
1.92
-2.36
-5.98
-8.37
-9.3
-8.47
-5.54
-1.02
4.01
7.72
8.44
5.46
-0.43
-7.16
-11.87
-12.76
-9.45
-3.19
3.5
8.12
9.1
6.47
1.71
-3.08
-6.13
-6.49
-4.64
-1.67
1.47
4.05
5.93
7.03
7.03
5.54
2.41
-1.95
-6.24
-8.98
-8.9
-5.64
-0.4
4.73
7.5
6.59
2.33
-3.41
-7.97
-9.13
-6.37
-0.77
5.6
10.42
12.27
11.05
7.8
4.05
1.04
-0.67
-1
-0.56
0.34
1.8
4.02
6.98
9.96
11.74
11.15
8.05
3.28
-1.19
-3.69
-3.29
-0.55
2.84
4.95
4.44
1.35
-3.08
-6.76
-8.23
-7.11
-4.49
-1.98
-0.85
-1.44
-2.96
-4.2
-4.28
-3.27
-1.8
-0.87
-1
-2.2
-3.73
-4.66
-4.5
-3.43
-2.02
-0.98
-0.72
-0.77
-0.58
0.36
1.79
2.83
2.47
0.18
-3.57
-7.33
-9.38
-8.62
-4.85
0.46
5.24
7.47
6.19
1.98
-3.37
-7.59
-8.86
-6.79
-2.35
2.93
7.24
9.43
9.19
7.09
4.15
1.26
-1.02
-2.32
-2.72
-2.26
-0.66
1.95
5.08
7.48
7.66
4.7
-1.06
-7.84
-12.85
-13.95
-10.35
-3.16
4.69
10.06
10.87
7.03
0.35
-6.38
-10.75
-11.52
-9.26
-5.44
-1.4
1.94
4.36
5.76
6.02
4.84
2.01
-2.14
-6.39
-9.28
-9.41
-6.13
-0.35
5.96
10.28
10.67
6.73
-0.1
-7.11
-11.38
-11.43
-7.44
-1.03
5.23
9.23
9.96
7.78
4.07
0.38
-2.19
-3.1
-2.65
-1.26
0.85
3.52
6.56
9.32
10.78
9.97
6.66
1.65
-3.15
-5.99
-5.65
-2.17
2.93
7.5
9.62
8.57
5.04
0.92
-1.9
-2.18
-0.21
2.91
5.81
7.59
8.17
8.09
8.01
8.13
8.3
7.89
6.58
4.34
1.89
0.16
-0.25
0.56
1.55
1.37
-1.03
-5.32
-10.24
-14
-15.54
-14.92
-13.21
-11.82
-11.66
-12.59
-13.58
-13.53
-11.56
-8.12
-4.43
-2.01
-1.78
-3.64
-6.55
-8.94
-9.35
-7.29
-3.38
1.26
5.08
7.06
6.84
4.79
1.87
-0.95
-2.86
-3.36
-2.49
-0.51
2.46
5.86
8.97
10.76
10.33
7.51
2.85
-2.3
-6.12
-7.35
-5.65
-1.56
3.22
6.88
8.07
6.39
2.55
-1.99
-5.49
-6.48
-4.68
-0.68
4.39
8.98
11.89
12.3
10.11
5.91
0.81
-3.97
-7.22
-8.38
-7.3
-4.14
0.12
4.16
6.45
5.95
2.63
-2.46
-7.5
-10.48
-10.34
-7.2
-2.12
2.96
6.42
7.25
5.41
1.71
-2.59
-6.13
-7.78
-7.28
-4.94
-1.36
2.53
5.8
7.54
7.08
4.3
-0.23
-5.3
-9.17
-10.57
-8.83
-4.27
1.57
6.6
8.97
7.84
3.84
-1.3
-5.52
-7.14
-5.85
-2.31
2.14
6.09
8.71
9.76
9.53
8.42
6.87
5.18
3.79
2.84
2.64
3.45
5.22
7.45
9.15
9.23
7.04
3.1
-1.28
-4.26
-4.79
-2.75
0.85
4.31
6.09
5.4
2.63
-1.01
-3.75
-4.59
-3.38
-1.19
0.67
1.2
0.21
-1.59
-3.17
-3.76
-3.46
-2.76
-2.57
-3.29
-4.82
-6.51
-7.59
-7.67
-6.8
-5.28
-3.56
-1.99
-0.28
1.68
3.87
5.65
6.02
4.23
0.24
-4.88
-9.18
-10.86
-9.03
-3.96
2.4
7.54
9.3
6.93
1.49
-4.75
-9.37
-10.73
-8.83
-4.86
-0.33
3.24
5.15
5.3
4
1.72
-1.24
-4.54
-7.39
-9.03
-8.62
-5.64
-0.74
4.64
8.48
9.16
6.29
0.91
-4.7
-8.01
-7.6
-3.61
2.49
8.3
11.78
11.87
8.85
4.02
-0.87
-4.36
-5.62
-4.94
-3.07
-0.67
1.61
3.33
3.98
3
0.15
-4.31
-9.31
-13.11
-14.25
-11.87
-6.19
1.1
7.56
10.86
9.86
5.11
-1.33
-6.87
-9.22
-7.79
-3.37
2.28
6.99
9.22
8.52
5.48
1.39
-2.46
-5.18
-6.28
-5.92
-4.23
-1.36
2.26
5.86
8.28
8.39
5.7
0.95
-4.11
-7.18
-6.95
-3.33
2.33
7.82
11.17
11.27
8.27
3.31
-1.81
-5.58
-7.02
-6.37
-4.37
-1.96
0.11
1.57
2.5
3.14
3.61
4.11
4.63
5.22
5.82
6.53
7.52
8.73
9.75
9.88
8.43
5.17
1.05
-2.52
-4.07
-3.15
-0.48
2.32
3.6
2.63
0
-2.73
-4.08
-3.2
-0.8
1.51
1.98
-0.11
-3.98
-7.9
-9.93
-8.95
-5.35
-0.81
2.87
4.26
3.22
0.6
-2.23
-4.14
-4.94
-5.09
-5.1
-5.29
-5.4
-4.61
-2.69
-0.12
1.78
1.44
-1.8
-7.29
-12.97
-16.11
-14.92
-9.25
-0.74
7.52
12.59
12.84
8.71
2.44
-3.1
-5.78
-4.86
-1.48
2.49
5.65
7.38
7.99
7.98
7.53
6.31
3.75
-0.31
-4.95
-8.77
-10.07
-7.78
-2.53
3.68
8.08
8.52
4.59
-2.04
-8.41
-11.48
-9.95
-4.51
2.59
8.36
10.7
9.09
4.75
-0.13
-3.6
-4.77
-3.94
-2.35
-1.05
-0.17
0.7
2.09
3.81
4.91
4.26
1.3
-3.28
-7.64
-9.94
-8.92
-4.6
1.47
7
9.89
9.11
5.22
0.08
-4.03
-5.42
-4.05
-1.02
2.14
4.33
5.46
6.1
6.73
7.16
6.64
4.41
0.73
-3.24
-5.56
-4.79
-0.86
4.69
9.35
10.95
8.7
3.79
-1.44
-4.43
-3.95
-0.35
4.53
8.29
9.16
6.81
2.48
-1.87
-4.37
-4.55
-3.21
-2.08
-2.42
-4.22
-6.36
-7.3
-6.21
-3.57
-0.95
0.31
-0.5
-2.77
-5.19
-6.41
-5.85
-4.02
-2.09
-1.16
-1.63
-2.95
-3.52
-2.12
1.52
6.1
9.33
9.16
5.01
-1.63
-7.69
-10.34
-8.38
-2.74
3.78
8.25
8.95
6.16
1.66
-2.44
-4.77
-4.98
-3.84
-2.3
-0.73
0.76
2.31
3.73
4.43
3.58
0.62
-4.28
-9.73
-13.88
-14.85
-11.55
-4.86
2.75
7.97
8.36
3.62
-4.11
-11.23
-14.34
-12.06
-5.41
3.04
10.07
13.55
12.83
8.93
3.75
-0.82
-3.62
-4.22
-3.24
-1.55
0.39
2.28
4.09
5.43
5.55
3.56
-0.81
-6.62
-11.58
-13.42
-10.74
-4.07
3.97
9.98
11.38
7.72
0.92
-5.79
-9.49
-8.8
-4.6
0.98
5.71
8.15
8.15
6.5
4.37
2.66
1.66
1.07
0.7
0.35
0.44
1.64
4.18
7.42
9.89
10
7.06
1.95
-3.2
-5.89
-5.01
-1.08
3.84
7.29
7.7
5.12
1.04
-2.49
-3.74
-2.39
0.74
3.82
5.34
4.75
2.73
0.81
0.32
1.69
3.95
5.63
5.32
2.9
-0.66
-3.68
-4.76
-3.79
-1.87
-0.68
-1.28
-3.59
-6.16
-7.57
-7.07
-5.34
-3.79
-3.71
-5.42
-8.03
-9.88
-9.59
-6.88
-2.49
1.79
4.16
3.57
0.36
-3.79
-6.69
-6.68
-3.32
2.09
7.33
10.65
11.25
9.87
7.87
6.32
5.33
4.07
1.67
-1.79
-5.3
-7.27
-6.34
-2.79
1.75
4.89
4.81
1.26
-4.41
-9.81
-12.62
-11.84
-7.95
-2.44
2.49
5.15
4.79
1.93
-1.93
-5.2
-6.86
-6.7
-5.55
-4.27
-2.93
-1.14
1.69
5.43
8.85
10.12
7.86
2.28
-4.3
-8.91
-9.06
-4.2
3.57
10.72
13.94
11.83
5.49
-2.18
-8.11
-10.35
-9.05
-5.61
-1.7
1.36
3.16
3.7
3.13
1.52
-1.11
-4.43
-7.5
-9.35
-9
-5.97
-0.86
4.96
9.56
11.22
9.16
3.99
-2.36
-7.2
-8.51
-5.54
0.67
7.6
12.41
13.24
10.12
4.87
0.08
-2.35
-1.98
-0.12
1.66
2.52
2.78
3.49
5.3
7.7
9.11
8.09
4.25
-0.94
-5.11
-5.93
-2.64
3.39
9.38
12.49
11.28
6.34
0.11
-4.69
-6.18
-4.43
-0.92
2.33
3.82
3.21
1.17
-1.19
-3.05
-3.97
-4.24
-4.32
-4.67
-5.3
-5.83
-5.84
-5.04
-3.56
-1.9
-0.81
-0.46
-0.79
-1.28
-1.52
-1.43
-1.38
-2.09
-4.06
-7.07
-10.11
-11.65
-10.13
-5.32
1.49
7.7
10.53
8.54
2.39
-5.15
-10.46
-11.04
-6.76
0.39
6.97
10.26
9.31
5.29
0.54
-3.05
-4.79
-5.08
-4.87
-4.57
-3.55
-1.12
2.78
6.91
9.11
7.58
2.05
-5.7
-12.33
-14.9
-12.04
-4.54
4.62
11.96
14.78
12.35
6.11
-1.13
-6.45
-7.82
-5.17
0.13
5.99
10.24
11.59
9.84
5.79
0.82
-3.76
-7.1
-8.76
-8.89
-7.59
-4.78
-0.85
3.32
6.12
5.97
2.13
-4.53
-11.55
-15.71
-14.86
-8.86
0.28
8.95
13.81
13.14
7.69
0.22
-5.93
-8.31
-6.39
-1.78
3.1
6.39
7.41
6.84
5.8
4.91
3.95
2.17
-0.84
-4.36
-6.95
-6.85
-3.24
2.9
9.05
12.26
10.7
4.85
-2.46
-7.59
-7.76
-2.87
4.78
11.69
14.98
13.86
9.72
5.1
2.03
1.22
1.69
2.02
1.12
-0.76
-2.36
-2.45
-0.77
1.57
2.76
1.28
-2.7
-7.6
-10.98
-11.15
-7.92
-2.74
2.02
4.48
4.05
1.62
-1.19
-2.67
-2.32
-0.7
0.77
0.79
-1.02
-4.08
-7.02
-8.42
-7.6
-4.97
-1.56
1.1
2.03
0.98
-1.36
-3.76
-5.17
-5.06
-3.48
-1.16
1.08
2.91
4.12
4.81
4.95
4.32
2.71
0.02
-3.3
-6.12
-7.35
-6.22
-2.68
1.99
5.85
6.99
4.53
-0.75
-6.77
-10.95
-11.34
-7.79
-1.68
4.83
9.48
11.08
9.6
6.03
1.81
-1.95
-4.6
-5.85
-5.86
-4.66
-2.15
1.27
4.75
6.85
6.19
2.23
-4.26
-11.13
-15.58
-15.64
-10.93
-2.83
5.71
11.61
12.81
9.21
2.53
-4.42
-9.02
-9.8
-7.12
-2.45
2.54
6.42
8.57
8.87
7.47
4.58
0.49
-4.16
-8.17
-10.33
-9.52
-5.39
1.14
8.11
13.12
14.33
11.35
5.44
-0.97
-5.24
-5.99
-3.34
1.22
5.56
8.02
8.01
6.11
3.51
1.38
0.12
-0.4
-0.91
-1.62
-2.16
-1.76
0.22
3.55
7.08
9.21
8.91
6.18
2.38
-0.78
-1.83
-0.44
2.35
4.79
5.29
3.39
-0.12
-3.4
-4.96
-4.23
-2.23
-0.64
-0.83
-3.01
-5.94
-7.79
-7.17
-4.12
0.2
3.79
5.09
3.62
0.24
-3.37
-5.64
-5.78
-3.98
-1.2
1.41
3.36
4.39
4.65
4.09
2.45
-0.51
-4.72
-9.34
-12.88
-13.82
-11.41
-5.94
0.74
6.2
8.38
6.59
1.89
-3.51
-7.2
-7.58
-4.65
0.21
5.32
8.95
10.28
9.22
6.32
2.39
-1.85
-5.72
-8.43
-9.42
-8.22
-4.65
0.48
5.6
8.68
8.06
3.44
-3.84
-11.05
-15.06
-14.07
-8.19
0.61
9.01
14.03
14.16
9.87
3.28
-3
-6.99
-7.88
-6.33
-3.53
-0.4
2.43
4.68
5.88
5.39
2.6
-2.5
-8.89
-14.39
-16.75
-14.43
-7.49
1.9
10.36
14.56
12.84
6.12
-2.54
-9.24
-11.02
-7.44
-0.34
7.2
12.25
13.47
11.35
7.53
3.78
1.05
-0.75
-2.11
-3.5
-4.53
-4.16
-1.66
2.77
7.53
10.34
9.41
4.59
-2.38
-8.37
-10.67
-7.99
-1.2
6.91
13.14
15.12
12.43
6.65
0.62
-3.18
-3.54
-1.36
1.43
2.95
2.43
0.62
-0.94
-0.95
0.65
2.86
4.02
3.15
0.33
-3
-4.92
-4.29
-1.3
2.46
4.95
4.74
2.11
-1.55
-4.3
-5.11
-4.2
-2.87
-2.69
-4.33
-7.04
-9.13
-9.05
-5.99
-0.95
4.01
6.59
5.55
1.39
-4.01
-8.2
-9.34
-7.04
-2.46
2.77
6.8
8.69
8.25
5.96
2.6
-1.28
-5.16
-8.47
-10.57
-10.82
-8.52
-4.01
1.61
6.41
8.49
6.91
2.15
-3.83
-8.32
-9.28
-6.17
-0.03
6.67
11.37
12.45
9.82
4.87
-0.48
-4.61
-6.69
-6.97
-6.05
-4.16
-1.49
1.78
4.89
6.59
5.62
1.47
-4.98
-11.35
-15
-13.97
-8.02
0.8
9.13
13.61
12.45
6.3
-2.11
-9.24
-12.17
-10.24
-4.75
1.83
6.88
9.02
8.24
5.58
2.31
-0.78
-3.56
-6.03
-8.13
-9.16
-7.99
-4.05
2.1
8.47
12.44
12.02
6.97
-0.81
-7.85
-11.05
-8.74
-1.69
7.19
14.29
16.77
13.89
7.23
-0.2
-5.39
-6.58
-4.17
0.18
4.44
7.16
7.96
7.23
5.54
3.27
0.61
-2.33
-4.93
-6.41
-5.85
-2.83
2
7
10.14
10.01
6.55
1.46
-2.86
-4.24
-2.23
1.93
5.97
7.77
6.55
3.06
-0.89
-3.66
-4.34
-3.47
-2.25
-2.03
-3.25
-5.24
-6.82
-6.93
-5.4
-3.08
-1.49
-1.55
-3.44
-6.1
-8.09
-8.26
-6.41
-3.55
-1.18
-0.38
-1.24
-2.78
-3.22
-1.52
2.23
6.49
9.21
8.88
5.39
0.21
-4.24
-6.04
-4.64
-0.79
3.44
6.17
6.38
4.31
1.15
-1.92
-4.26
-5.79
-6.88
-7.62
-7.35
-5.45
-1.69
3.02
6.83
7.79
4.88
-1.16
-7.84
-12.15
-11.8
-6.24
2.57
11.14
15.86
14.67
8.09
-1.12
-9.14
-12.8
-11.25
-5.84
0.78
5.71
7.43
5.93
2.5
-1.23
-4.17
-6.1
-7.16
-7.68
-7.43
-5.66
-2.03
2.95
7.67
10.02
8.6
3.56
-3.12
-8.39
-9.85
-6.71
-0.18
6.89
11.52
11.91
8.22
2.32
-3.29
-6.61
-6.87
-4.88
-1.92
0.98
3.36
5.31
6.88
7.71
7.13
4.59
0.2
-4.72
-8.36
-8.79
-5.15
1.72
9.42
14.82
15.57
11.2
3.64
-3.88
-8.03
-7.33
-2.45
4.26
9.91
12.52
11.62
8.23
4.01
0.5
-1.66
-2.49
-2.63
-2.44
-1.84
-0.57
1.42
3.49
4.53
3.41
0.02
-4.64
-8.47
-9.56
-7.03
-1.68
4.24
8.01
7.92
3.99
-1.97
-7.01
-8.92
-7.04
-2.87
1.08
2.52
0.6
-3.64
-7.92
-10.02
-9.01
-5.37
-1.04
2.02
2.55
0.7
-2.33
-5.01
-6.35
-6.2
-5.14
-3.94
-2.66
-1.13
1.03
3.66
5.82
6.32
4.2
-0.31
-5.58
-9.38
-9.79
-6.1
0.33
6.82
10.46
9.57
4.61
-2.15
-7.65
-9.39
-6.85
-1.42
4.58
8.73
9.87
8.21
4.96
1.5
-1.33
-3.5
-5.24
-6.84
-7.94
-7.57
-5.1
-0.72
4.13
7.41
7.5
4.06
-1.55
-6.68
-9.02
-7.44
-2.5
3.51
7.95
8.95
6.26
1.34
-3.59
-6.63
-6.95
-5.33
-3.13
-1.35
-0.36
0.34
1.35
2.79
4.1
4.29
2.65
-0.44
-3.86
-5.87
-5.03
-1.24
4.19
8.9
10.7
8.71
3.83
-1.72
-5.37
-5.82
-3.35
0.42
3.41
4.38
3.39
1.63
0.57
1.01
2.6
4.24
4.56
3.12
0.77
-0.97
-0.71
1.81
5.57
8.71
9.76
8.27
5.24
2.2
0.62
0.92
2.27
3.22
2.5
-0
-3.22
-5.26
-4.8
-1.74
2.36
5.3
5.47
2.72
-1.48
-4.91
-5.82
-4
-0.56
2.4
3.28
1.52
-1.98
-5.46
-7.38
-7.11
-5.2
-2.95
-1.64
-1.52
-2.14
-2.55
-2.21
-1.36
-0.88
-1.7
-3.95
-6.61
-8.05
-7
-3.09
2.25
6.68
7.9
4.97
-1.01
-7.47
-11.38
-10.68
-5.47
2.23
9.56
13.79
13.76
9.96
4.27
-1.14
-4.76
-6.27
-5.98
-4.74
-3.02
-0.68
2.21
5.19
7.08
6.46
2.62
-3.81
-10.74
-15.15
-14.87
-9.46
-0.49
8.64
14.44
14.67
9.5
1.28
-6.61
-11.25
-11.32
-7.79
-2.78
1.61
4.07
4.59
3.86
2.64
1.29
-0.32
-2.32
-4.19
-5.17
-4.26
-0.94
3.92
8.41
10.19
7.82
1.64
-6.11
-12.26
-14.06
-10.87
-4.14
3.28
8.31
9.21
6.13
0.89
-3.99
-6.6
-6.36
-3.9
-0.8
1.77
3.46
4.55
5.56
6.45
6.6
5.27
2.22
-1.74
-4.89
-5.64
-3.2
1.81
7.43
11.31
11.79
8.76
3.77
-0.69
-2.59
-1.2
2.2
5.48
6.67
5.1
1.73
-1.6
-3.1
-2.18
0.57
3.62
5.57
5.64
4.26
2.57
1.59
1.62
1.97
1.59
-0.3
-3.21
-5.87
-6.65
-4.92
-1.34
2.25
3.72
1.93
-2.62
-7.87
-11.36
-11.1
-7.05
-0.9
4.56
6.93
5.37
0.85
-4.38
-7.97
-8.7
-7
-4.15
-1.85
-0.92
-1.21
-1.83
-1.87
-1.14
-0.18
0.3
-0.18
-1.34
-1.95
-1.05
1.67
5.19
7.7
7.48
3.86
-2.15
-8.04
-11.25
-10.23
-5.21
1.52
7.01
8.86
6.49
1.38
-3.88
-6.87
-6.35
-2.99
1.55
5.7
8.42
9.62
9.63
8.76
6.98
3.96
-0.41
-5.41
-9.85
-12.16
-11.05
-6.61
-0.35
5.13
7.35
5.16
-0.64
-7.54
-12.3
-12.84
-8.85
-1.88
5.24
9.94
10.84
8.23
3.65
-1.05
-4.58
-6.48
-7.26
-7.47
-7.05
-5.66
-2.97
0.64
3.99
5.61
4.5
0.88
-3.5
-6.5
-6.29
-2.47
3.52
9.1
11.77
10.37
5.67
-0.03
-4.11
-4.79
-2.37
1.49
4.68
5.7
4.51
2.25
0.5
0.33
1.81
4
5.87
6.53
6.08
5.31
5.05
5.54
6.11
5.7
3.55
0.05
-3.5
-5.29
-4.36
-0.95
3.34
6.3
6.23
2.84
-2.49
-7.46
-9.7
-8.21
-3.68
1.68
5.43
6.14
3.93
0.36
-2.56
-3.58
-2.8
-1.21
-0.21
-0.51
-1.95
-3.55
-4.29
-3.9
-2.95
-2.38
-2.93
-4.56
-6.03
-6.1
-4.14
-0.79
2.27
3.17
0.96
-3.61
-8.23
-10.31
-8.3
-2.36
5.18
11.18
13.09
10.24
4.19
-2.24
-6.23
-6.29
-2.98
1.74
5.83
7.74
7.21
4.91
1.79
-1.39
-4.4
-7.22
-9.47
-10.64
-9.92
-6.68
-1.56
3.73
6.82
5.84
0.61
-7.03
-13.85
-16.49
-13.42
-5.53
4.33
12.28
15.42
12.88
6.22
-1.45
-6.99
-8.5
-5.87
-0.79
4.55
8.59
10.56
10.63
9.2
6.52
2.65
-2.25
-7.41
-11.22
-12.2
-9.43
-3.31
4.04
9.63
10.84
6.81
-0.97
-9.2
-14.31
-14.06
-8.85
-1.11
6
9.97
10.16
7.64
4.31
1.8
0.69
0.51
0.55
0.15
-0.32
0.09
2.07
5.55
9.26
11.37
10.5
6.55
0.89
-4.15
-6.69
-5.98
-2.69
1.36
4.23
4.85
3.41
1.18
-0.25
-0
1.76
3.69
4.42
3.32
0.99
-1.09
-1.53
0.16
3.12
5.83
6.77
5.48
2.58
-0.37
-1.84
-1.19
0.92
2.99
3.48
1.72
-1.4
-4.31
-5.35
-4.1
-1.43
0.88
1.16
-1.05
-4.75
-8.04
-9.31
-7.91
-4.89
-2.16
-1.52
-3.51
-7.06
-10.16
-10.93
-8.59
-4
0.85
4.22
5.08
3.86
1.73
0.07
-0.37
0.14
0.83
1.05
0.6
0.01
0.32
1.93
4.45
6.51
6.45
3.41
-2.17
-8.38
-12.65
-13.12
-9.54
-3.16
3.37
7.56
8.08
5.26
0.76
-3.42
-5.93
-6.41
-5.65
-4.61
-3.6
-2.44
-0.61
2.01
4.79
6.57
6.21
3.42
-0.71
-4.45
-5.89
-3.95
0.65
5.83
9.06
8.56
4.42
-1.55
-6.66
-8.57
-6.78
-2.44
2.35
5.37
5.61
3.41
0.11
-2.72
-4.22
-4.42
-3.89
-3.41
-3.04
-2.05
0.29
4.06
8.2
10.78
10.15
5.88
-0.65
-6.71
-9.82
-8.7
-3.95
2.11
6.73
8
5.77
1.64
-2.05
-3.46
-2.01
1.19
4.37
6.08
5.89
4.48
3.07
2.6
3.19
4.29
5.03
5.03
4.38
3.84
4.22
5.64
7.35
7.99
6.36
2.26
-2.99
-7.18
-8.16
-5.33
0.2
6.04
9.61
9.41
5.69
0.24
-4.66
-7.08
-6.66
-4.32
-1.88
-0.83
-1.57
-3.4
-4.97
-5.22
-4.11
-2.58
-1.71
-2.24
-3.84
-5.49
-6.08
-5.18
-3.45
-2.16
-2.32
-4.02
-6.27
-7.2
-5.6
-1.47
3.66
7.48
8.19
5.38
0.35
-4.39
-6.66
-5.57
-1.76
2.62
5.32
4.94
1.74
-2.64
-6.15
-7.3
-5.78
-2.66
0.48
2.63
3.37
3.21
2.78
2.4
1.81
0.45
-1.99
-4.89
-7.1
-7.2
-4.2
1.27
7.29
11.23
11.06
6.51
-0.74
-7.69
-11.35
-10.43
-5.68
0.7
5.78
7.62
5.84
1.69
-2.73
-5.58
-6.05
-4.38
-1.73
0.82
2.89
4.43
5.53
5.89
4.75
1.51
-3.77
-9.84
-14.45
-15.56
-12.09
-4.61
4.42
11.84
14.93
12.72
6.42
-1.18
-7.03
-8.97
-6.96
-2.42
2.66
6.53
8.56
8.93
8.23
6.92
5.06
2.57
-0.27
-2.9
-4.23
-3.28
0.09
4.88
9.14
10.9
9.18
4.63
-0.72
-4.35
-4.79
-2.07
2.21
5.75
6.74
4.75
0.85
-3.05
-5.07
-4.5
-1.8
1.39
3.61
4.19
3.51
2.65
2.53
3.34
4.33
4.56
3.35
0.99
-1.62
-3.24
-3.1
-1.42
0.67
1.8
1.06
-1.5
-4.51
-6.49
-6.36
-4.43
-2.05
-0.91
-2
-4.94
-8.05
-9.37
-7.84
-3.67
1.31
4.79
5.09
2.14
-2.49
-6.5
-7.93
-6.11
-2.02
2.41
5.59
6.68
6.06
4.61
3.12
1.8
0.1
-2.53
-5.93
-9.25
-10.98
-9.65
-5.19
1.05
6.58
8.93
7.04
1.67
-4.74
-9.19
-9.78
-6.43
-0.71
4.61
7.13
5.79
1.31
-4.22
-8.46
-9.81
-7.94
-3.98
0.5
4.38
7.06
8.62
9.11
8.33
5.86
1.52
-4.06
-9.14
-11.79
-10.48
-4.96
2.99
10.47
14.44
13.29
7.59
-0.15
-6.72
-9.57
-8.25
-4.17
0.4
3.29
3.6
1.74
-0.98
-3.22
-4.31
-4.38
-3.85
-3.23
-2.4
-0.75
2.06
5.66
8.7
9.44
6.75
0.98
-6.01
-11.29
-12.68
-9.46
-2.8
4.64
10.08
11.8
9.86
5.85
2.03
0.1
0.64
2.68
4.77
5.76
5.39
4.31
3.46
3.43
4.02
4.47
4.03
2.61
0.71
-0.5
-0.04
2.13
4.97
6.73
5.98
2.47
-2.42
-6.5
-7.79
-5.89
-2.01
1.7
3.27
2.04
-1.04
-4.05
-5.24
-3.76
-0.36
3.29
5.28
4.64
1.74
-2.05
-5.13
-6.49
-6.22
-5.36
-4.79
-4.99
-5.47
-5.36
-3.97
-1.33
1.58
3.45
3.48
1.79
-0.59
-1.95
-1.3
1.24
4.3
5.97
4.94
1.12
-4.05
-8.22
-9.45
-7.18
-2.26
3.02
6.38
6.54
3.78
-0.28
-3.73
-5.3
-4.75
-3.12
-1.62
-0.79
-0.6
-0.42
0.2
1.1
1.61
0.87
-1.32
-4.08
-6.02
-5.7
-2.4
2.85
7.84
9.98
7.67
1.31
-6.74
-13.3
-15.64
-13.17
-7.28
-0.47
4.57
6.49
5.45
2.83
0.31
-1.03
-1.02
-0.07
1.05
2.02
3.13
4.63
6.4
7.62
7.06
3.93
-1.55
-7.73
-12.06
-12.5
-8.37
-0.76
7.5
13.31
14.49
10.79
4.02
-2.91
-7.33
-7.9
-5.27
-1.25
2.35
4.34
4.7
4.04
3.06
2.02
0.71
-1.14
-3.26
-4.94
-4.94
-2.26
3.01
9.5
14.87
16.91
14.59
8.77
1.78
-3.56
-5.53
-4.01
-0.46
2.9
4.39
3.54
1.25
-1
-1.86
-1.15
0.41
1.35
0.78
-1.09
-3.1
-3.79
-2.5
0.2
2.67
3.42
1.68
-1.79
-5.37
-7.3
-6.62
-3.74
-0.07
2.77
3.8
3.04
1.62
0.69
0.87
1.68
1.97
0.62
-2.61
-6.78
-10.08
-10.84
-8.58
-4.1
0.5
3.12
2.53
-0.79
-4.95
-7.65
-7.35
-3.87
1.37
6.29
9.41
10.11
9.01
7.17
5.41
3.9
2.1
-0.57
-3.97
-7.3
-9.28
-8.71
-5.7
-1.61
1.4
1.46
-1.78
-7.01
-11.73
-13.4
-11.01
-5.43
1.2
6.23
7.92
6.11
2.15
-1.91
-4.48
-5.08
-4.22
-3.19
-2.82
-2.93
-2.77
-1.51
0.88
3.47
4.89
4.1
1.23
-2.12
-4.05
-2.94
1.47
7.58
12.77
14.53
11.78
5.43
-2.01
-7.77
-9.93
-8.63
-5.46
-2.34
-0.7
-0.64
-1.29
-1.54
-0.81
0.51
1.49
1.5
0.45
-0.69
-0.45
2.03
6.4
10.97
13.48
12.3
7.41
0.51
-5.62
-8.79
-8.11
-4.43
0.08
3.24
3.83
2.12
-0.42
-1.97
-1.58
0.64
3.3
4.96
5.05
4.05
3.26
3.75
5.65
7.87
8.95
7.72
4.34
0.01
-3.36
-4.26
-2.44
0.96
4.06
5.26
4.07
1.56
-0.62
-1.08
0.19
2.07
2.97
1.79
-1.23
-4.68
-6.73
-6.36
-3.67
-0.25
1.94
1.34
-2.16
-7.18
-11.56
-13.33
-11.66
-7.33
-2.19
2.04
4.17
4.21
2.97
1.4
0.06
-1.18
-2.76
-4.72
-6.59
-7.41
-6.08
-2.56
2.03
5.58
6.13
2.88
-3.22
-9.73
-13.62
-12.95
-7.66
0.54
8.61
13.84
14.8
11.84
6.72
1.54
-2.19
-3.87
-4.08
-3.61
-2.73
-1.52
0.11
1.81
2.77
2
-1.04
-5.81
-10.53
-13.06
-11.71
-5.97
2.57
11.04
16.3
16.41
11.59
3.99
-3.21
-7.26
-7.33
-4.46
-0.71
1.71
1.77
-0.22
-3.02
-5.29
-6.4
-6.51
-6.13
-5.83
-5.44
-4.1
-1.15
3.36
8.29
11.74
12.15
9.07
3.66
-1.61
-4.55
-3.91
-0.19
4.44
7.34
6.58
2.06
-4.44
-10.17
-12.76
-11.25
-6.67
-1.03
3.82
6.87
8.33
8.91
9.15
9
7.95
5.58
2.27
-0.98
-2.65
-1.57
2.2
7.26
11.31
12.26
9.28
3.44
-2.93
-7.14
-7.78
-5.07
-0.74
2.95
4.4
3.38
1.04
-0.99
-1.31
0.21
2.66
4.39
4.3
2.39
-0.26
-2.14
-2.37
-1.22
-0.05
-0.08
-1.97
-4.97
-7.65
-8.59
-7.3
-4.59
-2
-0.93
-1.7
-3.45
-4.26
-2.79
1.16
6.1
9.72
10.16
6.86
1.15
-4.47
-7.64
-7.36
-4.17
-0.2
2.32
1.95
-1.11
-5.27
-8.51
-9.38
-7.5
-3.87
0.03
3.2
5.22
6.43
7.33
8.05
8.14
6.88
3.89
-0.2
-4.05
-6.04
-5.01
-1.48
2.62
4.61
2.56
-3.56
-11.66
-18.44
-20.8
-17.7
-10.32
-1.43
5.76
9.17
8.48
5.03
0.92
-2.04
-3.12
-2.46
-1.03
0.43
1.91
3.65
5.9
8.23
9.5
8.4
4.29
-2.13
-8.63
-12.75
-12.63
-8.06
-1.04
5.31
8.13
6.25
0.82
-5.45
-9.57
-9.7
-6.21
-0.9
4.06
7.15
8.12
7.66
6.75
5.98
5.21
4
2.21
0.07
-1.52
-1.51
0.38
3.43
5.95
6.07
2.91
-2.76
-8.74
-12.19
-11.36
-6.17
1.65
9.21
13.99
14.74
12.1
7.97
4.57
3.2
3.82
5.08
5.52
4.49
2.39
0.41
-0.47
-0.12
0.52
0.28
-1.63
-4.75
-7.82
-9.2
-7.93
-4.45
-0.31
2.46
2.61
0.21
-3.02
-5.02
-4.23
-0.78
3.83
7.48
8.53
6.79
3.47
0.5
-0.71
0.28
2.34
3.76
2.96
-0.39
-5.26
-9.74
-12.12
-11.6
-8.88
-5.64
-3.26
-2.52
-3.05
-3.91
-4.24
-3.84
-3.3
-3.36
-4.18
-5.18
-5.2
-2.94
1.66
7.47
12.27
13.93
11.52
5.8
-0.9
-5.71
-6.76
-3.96
1.18
5.97
8.06
6.44
1.83
-3.74
-8.13
-9.97
-9.11
-6.63
-3.84
-1.37
0.68
2.63
4.46
5.66
5.38
3.01
-1.09
-5.37
-7.99
-7.37
-3.01
3.7
10.25
13.86
12.87
7.55
-0.06
-7.03
-10.79
-10.59
-7.4
-3.21
-0.25
0.31
-1.38
-4.1
-6.37
-7.23
-6.62
-5.01
-3.15
-1.31
0.9
3.79
7.2
10.07
10.93
8.65
3.39
-3.18
-8.28
-9.66
-6.37
0.53
8.26
13.63
14.42
10.36
3.23
-4.04
-8.88
-9.96
-8.05
-4.83
-1.97
-0.27
0.61
1.47
2.88
4.58
5.75
5.46
3.68
1.16
-0.51
0.14
3.47
8.43
12.91
14.83
13.23
8.96
4.08
0.91
0.54
2.47
4.94
5.86
4.14
0.14
-4.47
-7.76
-8.37
-6.41
-3.16
-0.53
0.21
-1.01
-3.16
-4.81
-4.99
-3.89
-2.62
-2.25
-3.35
-5.33
-6.92
-6.86
-4.67
-1.09
2.31
4.06
3.51
1.26
-0.92
-1.45
0.3
3.44
6.07
6.34
3.51
-1.49
-6.42
-9.08
-8.43
-4.99
-0.87
1.64
1.11
-2.14
-6.37
-9.4
-9.78
-7.39
-3.53
0.06
2.38
3.24
3.41
3.76
4.65
5.68
5.9
4.65
2.26
-0.22
-1.32
0.17
3.87
8.07
10.26
8.46
2.49
-5.86
-13.42
-17.07
-15.54
-9.8
-2.44
3.27
5.19
3.05
-1.55
-6.06
-8.42
-7.89
-5.01
-1.38
1.73
4.09
5.98
7.93
9.82
10.74
9.55
5.71
0.02
-5.35
-8.16
-6.93
-1.91
4.6
9.44
9.92
5.26
-2.87
-11.24
-16.48
-16.64
-12.26
-5.63
0.45
3.85
4.14
2.23
-0.27
-2.04
-2.63
-2.35
-1.65
-0.91
0.18
2.26
5.51
9.32
12.26
12.68
9.9
4.7
-0.77
-3.82
-2.89
1.88
8.55
14.21
16.4
14.19
8.54
1.83
-3.3
-5.26
-4.02
-1.13
1.52
2.62
2.03
0.65
-0.47
-0.78
-0.65
-0.72
-1.56
-2.81
-3.66
-2.95
-0.15
4.08
8.15
10.13
8.83
4.45
-1.12
-5.53
-6.88
-4.97
-1.2
2.11
2.98
0.83
-3.28
-7.36
-9.73
-9.61
-7.86
-6.14
-6.03
-7.94
-10.86
-12.98
-12.61
-9.19
-3.64
2.04
6.15
7.67
6.98
5.28
3.89
3.52
3.84
4.03
3.51
2.29
1.12
1.15
2.65
4.86
6.09
4.61
-0.19
-7.32
-14.34
-18.38
-17.73
-12.61
-4.83
2.51
6.79
6.81
3.23
-1.79
-5.79
-7.07
-5.18
-1.14
3.53
7.75
10.88
12.83
13.52
12.65
9.83
4.94
-1.32
-7.29
-11.09
-11.26
-7.4
-0.99
5.34
8.71
7.32
1.39
-6.87
-14.18
-17.49
-15.66
-9.59
-1.66
5.16
8.78
8.63
5.65
1.58
-1.98
-4.24
-5.01
-4.81
-3.83
-1.78
1.51
5.83
9.99
12.32
11.36
6.87
0.18
-6.04
-9.32
-8.21
-3.1
3.76
9.46
11.55
9.22
3.55
-3.05
-8.09
-9.88
-8.54
-5.28
-1.6
1.41
3.59
5.35
7.13
8.83
9.91
9.6
7.76
4.89
2.38
1.72
3.66
7.62
11.79
14.03
12.88
8.6
2.85
-1.95
-4.27
-3.92
-2.17
-0.98
-1.73
-4.54
-8.14
-10.81
-11.08
-8.92
-5.45
-2.58
-1.67
-2.8
-4.78
-5.79
-4.48
-0.75
4.06
8.24
10.18
9.45
6.63
2.99
-0.28
-2.66
-4.39
-5.93
-7.55
-8.97
-9.25
-7.75
-4.57
-0.9
1.48
1.09
-2.38
-7.74
-12.57
-14.5
-12.34
-6.38
1.18
7.63
10.74
9.89
6.16
1.64
-1.63
-2.45
-1.08
1.35
3.77
5.39
6.24
6.62
6.82
6.72
5.85
3.8
0.84
-2.32
-4.5
-4.55
-2.48
0.65
2.84
2.26
-1.78
-8.21
-14.6
-18.12
-17.32
-12.54
-5.77
0.03
2.67
1.48
-2.34
-6.49
-8.82
-8.32
-5.19
-0.89
3.17
6.36
8.64
10.4
11.64
11.86
10.32
6.62
1.35
-3.67
-6.5
-5.61
-0.76
6.33
12.87
16
14.1
7.67
-0.92
-8.44
-12.14
-11.3
-7.02
-1.6
2.56
4.15
3.2
0.76
-1.81
-3.69
-4.85
-5.57
-6.26
-6.61
-5.71
-2.8
2.09
7.74
12.15
13.57
11.52
7.12
2.77
0.58
1.64
5.27
9.45
11.86
11.1
7.37
2.35
-1.68
-3.16
-1.86
0.82
2.96
3.13
1.18
-1.83
-4.38
-5.39
-4.89
-3.72
-3.1
-3.59
-4.96
-6.14
-5.94
-3.9
-0.61
2.47
3.87
2.87
0.28
-2.32
-3.13
-1.5
1.87
5.2
6.57
5.15
1.59
-2.25
-4.46
-3.82
-0.94
2.35
3.83
2.13
-2.39
-7.92
-11.99
-12.82
-10.19
-5.59
-0.99
1.74
2.07
0.61
-1.28
-2.35
-2.27
-1.49
-0.75
-0.53
-0.57
0.24
2.59
6.41
10.43
12.7
11.67
7.04
0.25
-6.04
-9.36
-8.54
-4.15
1.36
5.13
5.07
1.02
-5.26
-11.02
-13.88
-12.76
-8.57
-3.2
1.63
4.8
6.31
6.6
6.11
4.81
2.43
-1.08
-4.83
-7.53
-7.61
-4.08
2.38
9.71
15.04
16.12
12.4
5.33
-2.21
-7.13
-7.88
-4.84
0.08
4.1
5.16
2.64
-2.43
-7.95
-11.9
-13.18
-11.86
-9.2
-6.49
-4.34
-2.69
-1.09
0.61
1.94
2.01
0.17
-3.31
-6.87
-8.68
-7.08
-1.74
5.87
13.13
17.32
17
12.74
6.83
2.08
0.59
2.45
6.2
9.73
11.32
10.58
8.28
5.73
3.9
2.98
2.33
1.28
-0.63
-2.91
-4.5
-4.51
-2.78
-0.32
1.3
0.76
-1.95
-5.53
-7.85
-7.33
-3.69
1.79
6.82
9.31
8.41
4.94
0.82
-1.68
-1.47
1.17
4.48
6.48
6
3.21
-0.46
-3.22
-4
-3.03
-1.46
-0.96
-2.41
-5.67
-9.41
-11.99
-12.37
-10.58
-7.64
-4.95
-3.54
-3.21
-3.24
-2.7
-1.37
0.07
0.46
-1.08
-4.42
-8.05
-9.88
-8.3
-2.9
4.74
11.92
15.91
15.28
10.69
4.37
-0.94
-3.14
-2
1.23
4.69
6.61
6.3
4.08
0.84
-2.48
-5.45
-8.07
-10.23
-11.75
-12.01
-10.21
-6.33
-1.24
3.21
5.08
3.38
-1.35
-7.02
-10.74
-10.52
-5.91
1.73
9.55
14.67
15.28
11.54
5.39
-0.46
-3.7
-3.39
-0.41
3.46
6.64
8.14
7.99
6.63
4.41
1.36
-2.7
-7.64
-12.52
-16.03
-16.7
-13.67
-7.61
-0.53
4.83
6.27
3.24
-2.88
-9.29
-13.05
-12.69
-8.64
-2.85
2.13
4.58
4.29
2.48
1.02
1.27
3.39
6.55
9.23
10.58
10.82
10.89
11.78
13.59
15.4
15.72
13.59
9.23
4.33
0.88
0.38
2.91
6.93
10.05
10.21
6.79
0.91
-4.95
-8.43
-8.18
-4.91
-0.54
2.68
3.35
1.59
-1.35
-3.85
-5.04
-4.9
-4.48
-4.8
-6.46
-8.85
-10.59
-10.33
-7.63
-3.36
0.67
2.6
1.85
-0.93
-3.95
-5.58
-5.08
-3.04
-0.93
-0.08
-0.77
-2.12
-2.68
-1.08
2.58
6.92
9.74
9.27
5.22
-1.02
-6.89
-9.75
-8.34
-3.37
3.17
8.48
10.55
8.81
4.21
-1.37
-6.24
-9.53
-11.19
-11.8
-11.78
-10.82
-8.53
-4.77
-0.29
3.4
4.78
3.06
-1.08
-5.55
-8.01
-6.77
-1.54
5.96
13.01
16.89
16.23
11.6
5.12
-0.56
-3.3
-2.72
0.15
3.62
6.02
6.63
5.65
3.86
2
0.26
-1.59
-3.7
-6.06
-7.94
-8.15
-6.05
-2.02
2.33
4.83
3.85
-0.74
-7.28
-12.94
-15.37
-13.58
-8.4
-2.21
2.35
3.61
1.61
-2.06
-5.22
-6.27
-4.79
-1.82
1.19
3.34
4.53
5.44
6.68
8.3
9.61
9.61
7.76
4.57
1.25
-0.49
0.52
4.1
8.78
12.31
12.8
9.68
4.04
-1.92
-5.86
-6.75
-5.02
-2.23
-0.27
-0.23
-2
-4.45
-6.25
-6.53
-5.51
-4.08
-3.5
-4.19
-5.53
-6.19
-4.91
-1.52
2.92
6.52
7.88
6.56
3.72
1.11
0.38
2.05
5.26
8.31
9.61
8.57
5.84
3.17
2
2.84
4.75
6.06
5.29
2.16
-2.16
-5.49
-5.99
-3.18
1.94
7
9.66
8.58
4.21
-1.55
-6.36
-8.52
-7.66
-4.82
-1.7
0.57
1.49
1.43
0.88
-0.03
-1.6
-4.38
-8.47
-12.92
-16.18
-16.63
-13.36
-7.21
-0.4
4.3
4.83
0.96
-5.67
-12.18
-15.7
-14.89
-10.3
-3.78
2.08
5.43
5.64
3.38
0.09
-2.91
-4.92
-5.72
-5.68
-4.92
-3.08
0.08
4.39
8.86
11.91
12.19
9.3
4.29
-0.53
-2.96
-1.68
3.09
9.34
14.27
15.63
12.73
6.86
0.53
-3.65
-4.15
-1.44
2.77
6.45
8.12
7.54
5.48
3.1
1.27
0.16
-0.55
-1.11
-1.7
-1.89
-1.01
1.09
3.79
5.7
5.28
1.79
-4.14
-10.49
-14.67
-14.97
-11.19
-4.81
1.5
5.19
4.95
1.22
-4.04
-8.38
-10.06
-8.59
-5.13
-1.31
1.52
2.87
3.11
2.88
2.52
1.82
0.37
-2.08
-4.95
-7.2
-7.47
-4.93
0
5.79
10.23
11.57
9.33
4.81
0.16
-2.44
-2.19
0.22
3.12
4.67
4.05
1.67
-1.03
-2.61
-2.19
-0.22
2.08
3.09
2
-0.7
-3.56
-4.94
-4
-1.18
1.93
3.84
3.65
1.79
-0.58
-2.17
-2.4
-1.75
-1.3
-1.88
-3.47
-5.1
-5.17
-2.86
1.47
6.05
8.72
8.09
4.28
-0.96
-5.04
-6.03
-3.54
1.26
5.94
8.38
7.61
4.31
0.37
-2.24
-2.39
-0.06
3.52
6.88
9.25
10.36
10.63
10.35
9.39
7.25
3.46
-1.82
-7.32
-11.35
-12.28
-9.24
-3.21
3.47
7.9
7.98
3.54
-3.63
-10.44
-13.9
-12.74
-7.74
-1.11
4.27
6.49
5.17
1.38
-2.99
-6.38
-8.12
-8.3
-7.73
-6.91
-5.72
-3.95
-1.58
0.68
1.57
0.01
-4.19
-9.88
-14.71
-16.58
-14.29
-8.3
-0.9
4.96
6.8
3.91
-2.34
-9.1
-13.36
-13.26
-9.06
-2.61
3.76
8.15
9.93
9.53
7.88
5.76
3.46
0.88
-1.8
-4.21
-5.31
-4.07
-0.16
5.55
11.12
14.37
13.92
10.09
4.69
0.38
-1.01
0.95
4.97
8.76
10.25
8.67
4.9
0.92
-1.15
-0.4
2.72
6.3
8.41
8.1
5.79
3.01
1.26
1.21
2.23
3.13
2.77
1.04
-1.28
-2.79
-2.43
-0.24
2.66
4.59
4.37
1.88
-1.43
-3.77
-3.75
-1.44
1.75
3.87
3.5
0.64
-3.11
-5.61
-5.3
-1.87
3.17
7.45
8.77
6.37
1.3
-4.15
-7.64
-7.73
-4.78
-0.54
3.16
4.91
4.64
3.16
1.53
0.38
-0.55
-1.94
-4.07
-6.59
-8.34
-7.83
-4.72
0.1
4.42
5.89
3.31
-2.77
-10.03
-15.4
-16.75
-13.71
-7.66
-1.32
2.67
2.88
-0.39
-5.34
-9.8
-12.08
-11.61
-9.2
-6.12
-3.25
-1.03
0.65
1.83
2.27
1.43
-1.1
-5.01
-8.99
-11.35
-10.61
-6.22
0.55
7.25
11.07
10.23
5
-2.4
-8.75
-11.17
-8.76
-2.67
4.61
10.26
12.57
11.37
7.88
3.9
0.83
-0.82
-1.16
-0.88
-0.23
1.11
3.53
7.08
10.94
13.61
13.66
10.6
5.33
0.1
-2.89
-2.21
1.93
7.57
12.09
13.28
10.54
5.12
-0.49
-3.81
-3.45
0.07
4.98
9.21
11.32
11.09
9.3
7.02
4.98
3.22
1.32
-0.93
-3.37
-5.11
-5.03
-2.63
1.58
5.93
8.47
7.83
4.2
-0.87
-5.06
-6.75
-5.62
-2.75
-0.12
0.64
-1.01
-4.13
-7.05
-7.96
-6.35
-2.94
0.39
1.86
0.81
-2.07
-5.06
-6.54
-5.86
-3.86
-1.94
-1.58
-3.1
-5.73
-8.02
-8.74
-7.7
-5.82
-4.41
-4.4
-5.71
-6.97
-6.74
-4.27
-0.23
3.58
5.2
3.59
-0.59
-5.2
-7.79
-6.91
-2.67
2.9
7.12
7.87
4.74
-0.78
-6.14
-8.97
-8.04
-4.02
1.22
5.77
8.16
8.13
6.22
3.35
0.28
-2.72
-5.7
-8.33
-10.16
-10.28
-7.77
-2.81
3.3
8.2
9.64
6.58
-0.11
-7.83
-13.26
-14.14
-10.19
-3.05
4.16
8.6
8.79
5.19
-0.19
-5.01
-7.63
-7.65
-6.05
-4.09
-2.37
-0.91
0.79
2.95
5.1
6.25
5.49
2.76
-0.75
-3.35
-3.46
-0.52
4.39
9.03
11.04
9.12
3.85
-2.6
-7.42
-8.41
-5.34
0.4
6.43
10.4
11.16
9.03
5.47
2.25
0.57
0.6
1.8
3.1
3.98
4.63
5.57
7.07
8.7
9.36
7.96
4.38
-0.32
-3.97
-4.77
-1.95
3.49
9.18
12.5
11.84
7.51
1.51
-3.27
-4.68
-2.14
2.87
7.94
10.91
10.85
8.36
4.99
2.32
1.04
0.96
1.16
0.86
-0.29
-1.74
-2.61
-2.33
-1.12
-0.01
-0.27
-2.62
-6.38
-9.99
-11.53
-10.11
-6.29
-1.91
0.8
0.55
-2.28
-5.86
-8.04
-7.15
-3.47
1.25
4.56
4.72
1.67
-3.09
-7.27
-8.98
-7.82
-4.92
-1.92
-0.38
-0.71
-2.22
-3.74
-4.27
-3.75
-2.86
-2.4
-2.84
-3.81
-4.12
-2.91
-0.02
3.52
5.93
5.75
2.52
-2.65
-7.45
-9.71
-8.24
-3.44
2.51
6.87
7.54
4.11
-1.84
-7.65
-10.89
-10.34
-6.81
-2.25
1.49
3.25
3.21
2.22
1.15
0.32
-0.68
-2.38
-4.71
-7.05
-8.13
-6.76
-2.98
1.88
5.5
5.79
2.06
-4.41
-10.84
-14.11
-12.61
-6.72
1.38
8.55
12.27
11.56
7.35
1.85
-2.65
-4.69
-4.08
-1.9
0.59
2.73
4.39
5.87
7.14
7.6
6.37
2.9
-2.28
-7.39
-10.3
-9.32
-4.12
3.65
11.21
15.71
15.6
11.31
4.96
-0.7
-3.46
-2.95
-0.19
3.05
5.26
5.91
5.41
4.63
4.11
3.91
3.43
2.18
-0.02
-2.42
-3.78
-3.04
-0.01
4.24
7.92
9.25
7.68
3.97
0.01
-2.43
-2.4
-0.26
2.45
4.06
3.54
1.19
-1.72
-3.41
-2.99
-0.72
1.79
2.68
0.93
-3.03
-7.38
-9.78
-8.78
-4.65
1.04
5.82
7.85
6.57
2.97
-1.12
-4.04
-5.01
-4.3
-2.8
-1.4
-0.21
1.01
2.61
4.4
5.55
5
2.02
-3.02
-8.43
-12
-11.93
-7.61
-0.55
6.57
10.85
10.67
6.42
0.19
-5.26
-7.71
-6.61
-3.02
1.38
4.78
6.32
5.97
4.41
2.45
0.57
-1.18
-2.73
-4.06
-4.7
-3.73
-0.81
3.65
8.06
10.43
9.26
4.5
-2.18
-7.94
-10.42
-8.69
-3.66
2.03
5.62
5.32
1.27
-4.64
-9.83
-12.29
-11.17
-7.41
-2.73
1.39
3.98
5
4.82
3.86
2.26
0
-2.86
-5.61
-7.4
-7.2
-4.43
0.28
5.24
8.2
7.44
2.78
-4.12
-10.39
-13.1
-11.05
-4.9
2.99
9.67
12.96
12.19
8.37
3.43
-0.73
-3.1
-3.55
-2.95
-1.98
-0.8
0.88
3.38
6.43
9.03
9.8
7.89
3.56
-1.48
-5.16
-5.67
-2.62
2.67
7.78
10.33
9.23
5.12
0.16
-3.33
-3.93
-2.05
0.69
2.36
1.91
-0.31
-2.84
-4.02
-3.07
-0.29
2.86
4.82
4.57
2.25
-0.94
-3.54
-4.64
-4.26
-3.38
-3.21
-4.19
-6
-7.54
-7.88
-6.78
-4.92
-3.58
-3.78
-5.49
-7.59
-8.49
-6.76
-2.52
2.7
6.5
6.93
3.59
-2.16
-7.75
-10.69
-9.9
-6.17
-1.39
2.09
2.9
1.08
-2.09
-4.84
-5.98
-5.33
-3.48
-1.43
0.17
1.56
3.08
4.89
6.42
6.51
4.17
-0.79
-7.15
-12.54
-14.68
-12.35
-5.9
2.3
9.12
11.84
9.48
3.29
-3.97
-9.15
-10.1
-6.78
-0.88
5.32
9.65
11.2
10.15
7.48
4.26
1.15
-1.63
-3.83
-5.25
-5.35
-3.4
0.55
5.59
9.8
11.17
8.57
2.55
-4.69
-9.99
-11.06
-7.33
-0.19
7.31
12.15
12.53
8.74
2.91
-2.18
-4.53
-3.57
-0.6
2.55
4.57
5.13
4.94
4.81
5.03
5.13
4.29
2.1
-0.7
-2.89
-2.92
-0.03
5.06
10.42
13.66
13.19
9.1
3.23
-1.7
-3.32
-1.05
3.98
9.45
13.02
13.46
11.08
7.32
3.89
1.9
1.31
1.33
0.82
-0.62
-2.44
-3.51
-2.88
-0.61
2.21
3.85
3.25
0.42
-3.27
-6.08
-6.69
-5.04
-2.4
-0.58
-0.96
-3.65
-7.57
-10.68
-11.6
-10.07
-7.38
-5.46
-5.73
-8.39
-12
-14.43
-13.96
-10.44
-5.07
-0.27
1.93
0.67
-3.25
-7.82
-11.07
-11.86
-10.36
-7.7
-5.26
-3.45
-2.09
-0.43
1.84
4.29
5.89
5.51
2.86
-0.98
-4.16
-4.84
-2.08
3.13
8.51
11.34
10.05
4.97
-1.73
-7.05
-8.49
-5.46
0.69
7.65
12.8
14.71
13.24
9.5
5.08
1.23
-1.51
-3.07
-3.81
-3.76
-2.38
0.58
4.87
9.2
11.78
11.15
7.11
1
-4.53
-7.17
-5.79
-1.02
4.77
8.81
9.2
5.83
0.39
-4.59
-7
-5.94
-2.42
1.75
4.91
6.16
5.7
4.33
2.79
1.33
-0.31
-2.42
-4.75
-6.62
-6.92
-4.8
-0.51
4.49
7.98
7.99
3.98
-2.76
-9.51
-13.29
-12.53
-7.57
-0.49
5.75
8.86
8.03
4.19
-0.66
-4.52
-6.28
-6.02
-4.81
-3.74
-3.08
-2.41
-0.88
1.84
5.19
7.84
8.55
6.87
3.68
0.56
-0.83
0.24
2.99
5.62
6.15
3.73
-0.96
-5.77
-8.46
-7.68
-4.04
0.55
3.8
4.22
1.88
-1.85
-5.08
-6.56
-5.95
-4.21
-2.6
-2.24
-3.2
-4.62
-5.33
-4.54
-2.36
0.18
1.63
1.38
-0.51
-2.9
-4.6
-4.9
-4.01
-2.92
-2.6
-3.29
-4.33
-4.59
-2.95
0.45
4.34
6.7
5.95
1.98
-3.72
-8.57
-10.09
-7.37
-1.39
5.68
11.13
13.25
11.8
8
3.73
0.56
-0.9
-0.79
0.12
1.29
2.9
5.19
8.17
11.08
12.58
11.4
7.11
0.71
-5.47
-9.08
-8.51
-3.67
3.49
10.07
13.29
11.86
6.49
-0.58
-6.54
-9.26
-8.44
-5.26
-1.5
1.07
1.76
0.83
-0.89
-2.57
-3.95
-5.19
-6.35
-7.4
-7.8
-6.77
-4.2
-0.86
1.64
1.55
-1.9
-7.99
-14.48
-18.46
-18.04
-13.03
-5.12
2.61
7.2
7.14
2.99
-2.92
-7.79
-9.56
-7.8
-3.82
0.6
4.1
6.2
7.22
7.55
7.23
5.83
2.95
-1.24
-5.47
-8.13
-7.64
-3.46
3.31
10.27
14.61
14.46
9.83
2.83
-3.41
-6.07
-4.28
0.9
6.99
11.47
12.95
11.58
8.71
5.82
3.93
3
2.5
1.71
0.64
0.02
0.74
3.14
6.53
9.37
9.94
7.64
3.12
-1.63
-4.55
-4.36
-1.27
3.04
6.45
7.36
5.5
1.96
-1.23
-2.56
-1.67
0.4
1.92
1.62
-0.63
-3.6
-5.47
-4.95
-2.17
1.67
4.52
4.88
2.49
-1.48
-5.06
-6.66
-5.78
-3.09
-0.12
1.74
2.2
1.67
1.13
1.16
1.56
1.45
-0.14
-3.44
-7.46
-10.61
-11.37
-9.01
-4.65
-0.48
1.05
-1.37
-7.1
-13.81
-18.52
-18.95
-14.9
-8.1
-1.15
3.35
4.26
1.98
-1.89
-5.5
-7.7
-8.32
-7.71
-6.56
-5.08
-2.92
0.01
3.36
5.98
6.53
4.2
-0.56
-5.89
-9.2
-8.59
-3.61
4.43
12.64
17.99
18.55
14.4
7.61
1.16
-2.35
-1.82
1.85
6.66
10.71
12.84
13.06
11.93
9.97
7.37
3.9
-0.42
-4.85
-8.23
-9.12
-6.65
-1.43
4.61
8.79
8.96
4.61
-2.73
-10.14
-14.53
-14.45
-10.44
-4.65
0.13
2.01
0.65
-2.69
-6.16
-8.19
-8.37
-7.21
-5.92
-5.14
-4.7
-3.83
-1.71
1.63
5.27
7.74
8.13
6.4
3.78
1.84
1.87
4.11
7.46
10.11
10.38
7.77
3.27
-0.84
-2.36
-0.19
4.75
10.2
13.7
13.81
10.88
6.65
3.28
2.01
2.84
4.45
5.37
4.65
2.59
0.35
-0.86
-0.6
0.54
1.32
0.57
-1.6
-4.27
-5.81
-5.3
-2.87
0.12
1.87
1.25
-1.46
-4.73
-6.7
-5.88
-2.54
1.74
4.55
4.16
0.41
-5.24
-10.29
-12.49
-11.04
-6.94
-2.14
1.01
1.28
-1.19
-5.03
-8.48
-10.41
-10.66
-9.73
-8.48
-7.33
-5.89
-3.85
-1.31
0.8
1.05
-1.63
-7.06
-13.59
-18.4
-19.15
-14.93
-6.78
2.3
8.93
10.64
7.2
0.59
-5.92
-9.4
-8.33
-3.48
3.04
8.99
12.75
13.99
13.22
11.2
8.46
5.09
1.16
-2.65
-5.44
-5.87
-2.97
2.87
9.89
15.4
17
13.78
6.9
-0.88
-6.26
-7.27
-3.83
2.37
8.55
12.35
12.65
9.96
5.89
2.22
0.07
-0.38
-0.02
0.31
0.38
0.52
1.41
3.26
5.46
6.86
6.39
3.86
0.32
-2.65
-3.52
-1.72
1.81
5.08
6.05
3.73
-1.16
-6.45
-9.75
-9.47
-5.96
-0.97
3.21
4.92
3.91
1.2
-1.62
-3.37
-3.69
-3.19
-2.73
-2.99
-3.82
-4.45
-4.14
-2.76
-1.08
-0.39
-1.82
-5.22
-9.38
-12.33
-12.58
-9.84
-5.18
-0.63
2.01
2.02
0.13
-2.08
-2.79
-1.42
1.35
3.71
3.94
1.49
-2.67
-6.39
-7.46
-4.9
0.44
6.6
11.09
12.4
10.43
6.52
2.63
0.25
-0.09
1.16
2.98
4.6
6.08
7.72
9.81
11.91
12.91
11.59
7.36
0.95
-5.56
-9.79
-10.08
-6.23
-0.17
5.23
7.29
4.84
-1.2
-8.41
-13.99
-16.01
-14.39
-10.58
-6.42
-3.58
-2.62
-3.19
-4.42
-5.59
-6.51
-7.36
-8.19
-8.89
-8.84
-7.12
-3.57
1.07
5.07
6.53
4.45
-0.56
-6.32
-9.86
-9.19
-4.02
4.12
12.22
17.45
18.25
14.97
9.5
4.24
0.95
0.26
1.4
3.25
5.1
6.73
8.36
10
11.18
11.01
8.77
4.48
-0.59
-4.72
-6.15
-4.11
0.49
5.43
8.03
6.59
1.26
-5.95
-12.12
-14.72
-13.21
-8.74
-3.64
-0.2
0.51
-1.2
-4
-6.39
-7.49
-7.4
-6.7
-6.22
-6.08
-5.69
-4.29
-1.45
2.21
5.35
6.47
5.02
1.67
-1.72
-3.37
-2.21
1.34
5.58
8.51
8.72
6.31
2.71
0.07
-0.1
2.48
6.42
9.75
10.98
9.82
7.36
5.2
4.52
5.23
6.45
6.8
5.58
2.98
0.15
-1.61
-1.66
-0.34
1.28
1.97
1.14
-0.63
-2.29
-2.79
-2.07
-1.05
-1.16
-3.5
-7.93
-12.84
-16
-15.65
-11.35
-4.67
1.65
4.9
3.78
-1.02
-7.28
-12.31
-14.17
-12.65
-9.1
-5.28
-2.79
-2.12
-2.73
-3.55
-3.67
-3.02
-2.08
-1.37
-1.11
-0.75
0.81
4.04
8.42
12.25
13.47
10.92
5.14
-1.62
-6.25
-6.67
-2.59
4.41
11.26
15.21
14.8
10.56
4.56
-0.66
-3.25
-2.66
0.07
3.33
5.87
6.96
6.7
5.39
3.17
-0.11
-4.64
-10.09
-15.19
-18.27
-17.81
-13.27
-6.03
1.16
5.18
4.03
-1.98
-10.38
-17.49
-20.1
-17.13
-9.79
-0.77
6.8
10.9
11.1
8.45
4.72
1.49
-0.48
-1.12
-0.93
-0.09
1.73
4.89
9.41
14.31
17.91
18.64
15.9
10.6
5.08
1.6
1.74
5.33
10.55
14.86
16.12
13.65
8.39
2.43
-2.23
-4.41
-4.55
-3.86
-3.61
-4.39
-5.75
-6.78
-6.73
-5.75
-4.54
-4.2
-5.23
-7.39
-9.51
-10.22
-8.79
-5.58
-2.03
0.21
0.08
-1.91
-4.3
-5.25
-3.95
-0.88
2.37
3.98
3.12
0.44
-2.19
-2.86
-0.38
4.55
9.95
13.38
13.33
9.94
4.9
0.55
-1.35
-0.54
1.71
3.77
4.15
2.65
0.06
-2.36
-3.75
-4.2
-4.46
-5.24
-6.76
-8.45
-9
-7.74
-4.81
-1.58
0.19
-0.76
-4.49
-9.59
-13.73
-15.02
-12.73
-7.59
-1.84
2.1
2.66
-0.08
-4.41
-7.89
-8.59
-5.83
-0.67
4.96
9.47
11.93
12.5
11.74
10.2
7.99
5
1.28
-2.31
-4.59
-4.26
-0.64
5.35
11.6
15.38
14.69
9.41
1.44
-6.02
-9.79
-8.55
-3.12
4.05
9.76
11.78
9.52
4.05
-2.56
-8.36
-12.28
-14.05
-14.24
-13.29
-11.23
-8.08
-4.14
-0.4
1.7
0.95
-2.8
-8.29
-13.06
-14.81
-12.14
-5.42
3.17
10.65
14.52
13.86
9.71
4.48
0.63
-0.21
1.67
4.95
8.05
9.92
10.57
10.6
10.61
10.67
10.33
8.9
6.25
2.77
-0.38
-1.88
-1.17
1.26
3.87
4.9
3.27
-0.63
-5.25
-8.48
-9.1
-7.13
-3.91
-1.35
-0.81
-2.43
-4.96
-6.57
-5.66
-1.99
3.29
7.98
10.22
9.4
6.48
3.46
2.16
3.21
5.66
7.89
8.25
6.23
2.41
-1.81
-5.13
-7.12
-8.2
-9.14
-10.44
-11.94
-12.6
-11.67
-9.11
-5.96
-3.96
-4.48
-7.77
-12.41
-15.8
-15.51
-10.52
-1.61
8.44
16.41
19.86
18.31
13.37
7.7
3.79
2.89
4.47
6.97
9.02
9.71
9.11
7.63
5.5
2.59
-1.54
-7
-12.93
-17.89
-20.06
-18.12
-12.46
-5.09
0.92
2.84
-0.28
-7.1
-14.44
-18.57
-17.26
-10.6
-0.78
8.7
14.82
16.2
13.46
8.64
3.99
0.94
-0.1
0.17
1.01
2.27
4.07
6.54
9.12
10.56
9.48
5.2
-1.53
-8.42
-12.87
-12.98
-8.52
-1.51
4.85
7.57
5.34
-0.8
-8.11
-13.52
-14.98
-12.64
-8.17
-3.71
-0.81
0.3
0.4
0.59
1.49
2.84
3.84
3.94
3.07
2.19
2.7
5.47
10.14
15.11
18.19
17.85
14.16
8.8
4.38
2.73
4.28
7.76
10.82
11.4
8.76
3.84
-1.31
-4.54
-4.87
-2.77
-0.06
1.45
0.91
-1.28
-3.82
-5.49
-5.9
-5.75
-6.01
-7.41
-9.62
-11.57
-11.87
-9.66
-5.35
-0.39
3.31
4.43
2.87
0.11
-1.86
-1.48
1.26
4.96
7.62
7.67
5.08
1.29
-1.6
-2.14
-0.09
3.06
5.19
4.54
0.77
-4.8
-9.95
-12.6
-11.79
-8.15
-3.5
0.47
2.5
2.52
1.18
-0.67
-2.46
-4.3
-6.45
-8.77
-10.54
-10.61
-7.77
-2.11
4.95
10.92
13.42
11.43
5.87
-0.67
-5
-5.12
-0.96
5.79
12.15
15.61
14.98
10.86
5.11
-0.26
-3.91
-5.53
-5.83
-5.59
-4.93
-3.71
-1.68
0.74
2.47
2.21
-0.78
-5.97
-11.45
-15
-14.92
-10.82
-4.35
1.81
5
3.88
-0.94
-7.2
-12.13
-13.57
-11.23
-6.37
-0.96
3.05
4.86
4.78
3.89
3.2
3.2
3.6
4.01
4.08
4.16
5.18
7.59
11.08
14.17
15.02
12.4
6.72
0.02
-4.76
-5.62
-2.25
3.66
9.09
11.31
9.05
3.14
-4.03
-9.71
-12.14
-11.05
-7.86
-4.36
-1.8
-0.49
0.13
0.66
1.22
1.26
0.12
-2.45
-5.58
-7.85
-7.56
-3.89
2.5
9.57
14.76
16.26
13.86
9.25
4.94
3.16
4.43
7.71
10.98
12.39
11.23
8.11
4.45
1.51
-0.09
-0.88
-1.86
-4.08
-7.61
-11.56
-14.42
-15
-13.08
-9.67
-6.54
-4.94
-5.34
-6.98
-8.59
-9.13
-8.37
-7.03
-6.12
-6.13
-6.66
-6.52
-4.2
0.72
7.34
13.4
16.5
15.29
10.23
3.52
-1.87
-3.84
-2.08
2.04
5.9
7.36
5.53
1.19
-3.8
-7.68
-9.53
-9.42
-8.31
-7.15
-6.11
-5.02
-3.43
-1.38
0.47
1.13
-0.17
-3.19
-6.47
-8.17
-6.68
-1.51
5.89
12.89
16.64
15.52
10.13
2.88
-3
-4.92
-2.38
3.17
9.32
13.5
14.38
11.94
7.26
1.77
-3.47
-7.96
-11.48
-14.02
-15.16
-14.17
-10.91
-6
-1.1
1.78
1.26
-2.59
-8
-12.13
-12.7
-8.88
-1.72
6.01
11.37
12.46
9.36
4.01
-0.82
-2.94
-1.52
2.3
6.58
9.58
10.49
9.66
7.99
6.25
4.55
2.52
-0.24
-3.4
-6.19
-7.36
-6.07
-2.6
1.62
4.5
4.38
0.93
-4.45
-9.34
-11.29
-9.42
-4.49
1.41
5.9
7.6
6.58
4.22
2.3
2.07
3.55
5.83
7.47
7.68
6.77
5.81
5.93
7.44
9.57
10.85
10.23
7.51
3.76
0.42
-1.36
-1.43
-0.83
-1.11
-3.41
-7.68
-12.65
-16.16
-16.66
-13.85
-9.17
-4.86
-2.82
-3.67
-6.37
-8.82
-9.12
-6.62
-2.02
2.75
5.87
6.38
4.75
2.53
1.34
2.08
4.51
7.38
9.3
9.69
8.66
6.97
5.24
3.43
1.01
-2.74
-7.8
-13.05
-16.66
-16.91
-12.95
-5.92
1.7
6.91
7.76
4.29
-1.5
-6.61
-8.39
-6.05
-0.78
5.22
9.54
10.96
9.61
6.72
3.75
1.54
0.12
-0.88
-2
-3.27
-3.95
-3.55
-2
-0.28
0.15
-1.92
-6.56
-12.35
-16.72
-17.51
-13.77
-6.37
1.95
8.12
9.95
7.3
2.12
-2.67
-4.57
-2.57
2.25
7.72
11.85
13.45
12.65
10.28
7.3
4.21
1.04
-2.26
-5.27
-7.35
-7.67
-5.75
-2.25
1.24
2.66
0.58
-4.92
-12.02
-17.85
-19.65
-16.43
-9.11
-0.23
7.12
10.8
10.38
7.22
3.67
1.85
2.66
5.66
9.23
11.98
13.35
13.75
13.96
14.42
14.67
13.71
10.82
6.13
1.13
-2.45
-3.17
-0.93
2.82
5.78
5.83
2.24
-3.99
-10.34
-14.25
-14.14
-10.48
-5.22
-0.73
1.31
0.7
-1.42
-3.41
-4.13
-3.3
-1.7
-0.3
0.22
0.12
0.27
1.48
3.87
6.61
8.3
7.7
4.86
0.83
-2.56
-3.95
-3.05
-0.92
0.69
0.36
-2.06
-5.5
-8.27
-8.78
-6.91
-3.83
-1.6
-1.86
-4.89
-9.49
-13.45
-14.62
-12.19
-7.03
-0.94
3.83
6.12
6.02
4.78
3.98
4.45
5.98
7.72
8.59
8.21
7.25
6.54
6.55
6.75
5.82
2.52
-3.42
-10.69
-16.73
-19.22
-16.99
-10.75
-3.13
2.74
4.46
1.74
-3.58
-8.47
-10.21
-7.51
-1.36
6
12.27
15.84
16.48
14.88
12.08
8.78
5.23
1.41
-2.3
-5.29
-6.55
-5.29
-1.86
2.21
4.62
3.36
-2.07
-10.16
-17.86
-21.74
-19.95
-12.85
-2.84
6.52
12.32
13.32
10.31
5.47
1.2
-1.07
-1.02
0.4
2.18
3.89
5.53
7.33
9.08
9.91
8.75
5.03
-0.71
-6.65
-10.68
-11.07
-7.5
-1.41
4.62
8
7.29
2.94
-3
-7.92
-9.72
-8.13
-4.2
0.22
3.52
5.18
5.68
6.01
6.9
8.4
9.74
10.08
8.84
6.49
4.3
3.55
4.8
7.36
9.6
9.78
7.31
2.8
-2
-5.53
-7.05
-7.05
-6.88
-7.8
-10.11
-12.91
-14.67
-13.83
-10.18
-4.82
0.1
2.61
1.98
-0.92
-4
-5.04
-2.94
1.66
7.04
11
12.18
10.44
6.85
2.86
-0.52
-3.12
-5.22
-7.28
-9.22
-10.23
-9.58
-7.05
-3.49
-0.52
0.28
-1.83
-6.16
-10.54
-12.61
-10.69
-4.54
4.02
12.15
17.04
17.26
13.32
7.27
1.66
-1.52
-1.92
-0.53
1.25
2.04
1.39
-0.48
-2.91
-5.4
-7.86
-10.4
-12.79
-14.53
-14.63
-11.94
-6.34
1.13
8.22
12.51
12.6
8.8
3.17
-1.33
-2.61
-0.17
4.73
9.51
11.77
10.38
5.87
0.07
-4.98
-8.04
-8.92
-8.61
-8.13
-7.79
-7.31
-6.03
-3.71
-0.88
1.37
2.05
0.91
-1.01
-2.3
-1.47
2.06
7.37
12.45
15.06
13.86
9.26
3.18
-1.78
-3.58
-2.07
1.42
4.69
5.84
4.27
0.78
-3.03
-5.65
-6.44
-5.82
-4.59
-3.63
-2.94
-1.88
0.33
3.83
7.79
10.66
11.09
8.87
5.15
2.13
1.54
4.03
8.55
12.82
14.5
12.33
6.82
-0.08
-5.73
-8.32
-7.49
-4.64
-1.76
-0.42
-1.07
-2.88
-4.57
-5.19
-4.79
-4.02
-3.89
-4.71
-6.05
-6.75
-5.63
-2.43
2
6.04
8.04
7.15
4.12
0.42
-2.24
-3.17
-2.86
-2.65
-3.9
-6.9
-10.63
-13.23
-13.19
-9.87
-4.4
1.11
4.46
4.55
1.97
-1.38
-3.29
-2.32
1.35
6.13
10.14
11.78
10.67
7.45
3.3
-0.74
-4.33
-7.65
-10.8
-13.51
-14.9
-13.6
-9.13
-2.22
4.96
9.81
10.49
6.98
1.12
-4.03
-6.07
-4.21
0.45
5.18
7.35
5.55
0.38
-5.95
-10.85
-12.56
-10.68
-6.39
-1.4
3.08
6.45
8.86
10.49
11.18
10.45
7.82
3.42
-1.53
-5.48
-6.91
-5.16
-1.23
2.77
4.33
2.02
-3.71
-10.55
-15.34
-15.47
-10.47
-1.9
7.43
14.57
17.76
16.83
12.99
7.98
3.27
-0.44
-2.96
-4.65
-5.48
-5.12
-3.39
-0.54
2.34
3.75
2.56
-1.23
-6.29
-10.11
-10.57
-6.64
0.9
9.63
16.61
19.58
17.94
12.84
6.54
1.21
-1.88
-3.02
-3.19
-3.37
-3.88
-4.23
-3.65
-1.76
1.06
3.88
5.61
5.83
4.78
3.52
3.25
4.51
6.79
8.68
8.64
5.87
1.12
-3.95
-7.28
-7.99
-6.52
-4.47
-3.67
-4.98
-7.78
-10.26
-10.6
-7.7
-2.23
3.89
8.29
9.41
7.29
3.3
-0.54
-2.67
-2.8
-1.94
-1.41
-2.3
-4.68
-7.65
-9.94
-10.61
-9.64
-7.81
-6
-4.74
-3.82
-2.19
0.82
5.09
9.31
11.55
10.4
5.71
-0.94
-6.86
-9.7
-8.51
-4.1
1.04
4.21
3.75
-0.15
-5.52
-9.81
-11.01
-8.48
-3.28
2.77
8.16
11.94
14.02
14.52
13.44
10.57
5.66
-0.88
-7.66
-12.85
-14.64
-12.07
-6.05
1.11
6.39
7.64
4.56
-1.1
-6.44
-8.73
-7.05
-2.38
3.07
6.77
7.35
4.88
0.71
-3.49
-6.49
-7.95
-8.1
-7.58
-6.61
-4.87
-2.09
1.63
5.38
7.76
7.61
4.7
0.14
-3.86
-5.3
-3.14
2.15
8.38
12.82
13.32
9.37
2.35
-5.07
-10.29
-11.7
-9.64
-5.57
-1.23
2.21
4.61
6.47
8.23
9.85
10.72
10.1
7.9
4.65
1.78
0.72
2.05
5.01
7.74
8.22
5.42
0.1
-5.63
-9.14
-9
-5.34
0.04
4.74
6.96
6.33
3.99
1.73
1.12
2.47
4.86
6.53
6.18
3.63
-0.18
-3.69
-5.82
-6.46
-6.54
-7.02
-8.46
-10.3
-11.36
-10.47
-7.19
-2.32
2.55
5.83
6.64
5.14
2.69
0.53
-0.6
-1.09
-2.04
-4.42
-8.38
-12.8
-15.66
-15.22
-10.97
-3.82
3.81
9.38
11.17
9.16
5
0.96
-0.99
-0.1
2.91
6.4
9.04
9.91
9.05
6.99
4.21
0.93
-3
-7.58
-12.08
-15.32
-15.82
-12.47
-5.78
2.3
8.86
11.44
9.24
3.56
-2.74
-6.58
-6.41
-2.71
2.53
6.53
7.41
4.78
-0.13
-5.37
-9.22
-10.98
-10.83
-9.68
-8.22
-6.31
-3.62
0.19
4.63
8.5
10.34
9.31
5.82
1.67
-1.18
-1.26
1.55
5.52
8.1
7.06
1.81
-6.09
-13.6
-17.63
-16.37
-10.41
-2.06
5.88
11.15
13.03
12.12
9.68
6.79
3.92
0.97
-1.93
-4.51
-5.88
-5.14
-2.18
2.04
5.63
6.69
4.48
-0.03
-4.42
-5.9
-3.08
3.46
11.33
17.28
18.84
15.38
8.38
0.62
-5.05
-7.08
-5.56
-2.18
1.21
3.42
4.35
4.68
5.11
5.71
5.84
4.76
2.19
-1.16
-4.09
-5.32
-4.32
-1.82
0.53
1.01
-1.25
-5.59
-9.83
-11.6
-9.34
-3.51
3.76
9.64
11.92
10.07
5.41
0.26
-3.42
-4.63
-4.1
-3.35
-3.95
-6.35
-9.73
-12.55
-13.37
-11.66
-8.13
-4.29
-1.23
0.57
1.68
2.89
4.68
6.65
7.64
6.52
3.14
-1.52
-5.61
-7.07
-5.25
-0.94
3.61
6.08
5.18
1.38
-3.4
-6.56
-6.44
-3.05
2.25
6.99
9.2
8.04
4.19
-0.74
-5.13
-8.13
-9.69
-10.46
-10.87
-10.47
-8.59
-4.72
0.65
6
9.44
9.57
6.48
1.91
-1.79
-2.61
0.14
5.1
9.7
11.29
8.54
2.13
-5.67
-12.01
-14.69
-13.4
-9.28
-4.14
0.27
3.19
4.7
5.31
5.46
5.05
3.66
1.18
-2.18
-5.36
-6.82
-5.68
-2.18
2.12
5.03
4.95
1.77
-2.95
-6.54
-7.03
-3.73
2.21
8.31
12.09
12.19
8.97
4.12
-0.25
-2.8
-3.27
-2.75
-2.39
-2.7
-3.3
-3.14
-1.49
1.62
5.16
7.82
8.65
7.83
6.21
5.14
5.55
7.21
8.94
9.06
6.52
1.52
-4.26
-8.59
-9.62
-7.21
-2.7
1.75
4.2
4.04
2.13
0.29
0.08
2.16
5.62
8.79
9.86
8.17
4.42
0.18
-3.03
-4.62
-5.14
-5.83
-7.3
-9.36
-10.73
-10.19
-7.18
-2.44
2.25
5.01
4.91
2.43
-0.9
-3.03
-2.96
-0.98
1.29
1.95
-0.03
-4.3
-9.05
-11.97
-11.54
-7.82
-2.15
3.12
6.11
6.13
3.94
1.25
-0.43
-0.52
0.58
1.66
1.67
0.58
-1.04
-2.19
-2.34
-1.71
-1.2
-1.71
-3.47
-5.59
-6.64
-5.33
-1.19
4.53
9.51
11.23
8.37
1.58
-6.66
-13.12
-15.26
-12.62
-6.71
0.01
4.97
6.9
5.96
3.42
0.9
-0.6
-0.92
-0.36
0.44
1.33
2.76
4.95
7.6
9.52
9.06
5.1
-2.09
-10.5
-16.87
-18.51
-14.29
-5.3
5.25
13.69
17.31
15.5
9.86
3.13
-2.13
-4.54
-4.56
-3.49
-2.59
-2.41
-2.7
-2.84
-2.5
-1.9
-1.67
-2.27
-3.41
-4.27
-3.58
-0.42
4.92
10.87
15.14
15.71
12.05
5.42
-1.57
-6.11
-6.86
-4.26
-0.2
2.94
3.66
2.04
-0.45
-1.85
-0.82
2.57
7.06
10.68
12.09
11.14
8.75
6.18
4.18
2.59
0.53
-2.59
-6.57
-10.04
-11.39
-9.41
-4.26
2.37
8
10.46
8.98
4.48
-0.67
-4.22
-4.91
-3.31
-1.1
-0.06
-1.09
-3.65
-6.31
-7.54
-6.79
-4.39
-1.77
-0.27
-0.57
-2.17
-3.76
-4.08
-2.59
0.14
2.73
3.69
2.56
-0.2
-3.29
-5.45
-6.09
-5.51
-4.66
-4.28
-4.31
-4.02
-2.49
0.92
5.5
9.58
11.06
8.6
2.55
-5.12
-11.55
-14.2
-12.28
-6.89
-0.22
5.07
7.37
6.47
3.5
0.11
-2.38
-3.52
-3.43
-2.75
-1.86
-0.58
1.15
3.06
4.2
3.38
-0.14
-5.93
-12.16
-16.06
-15.49
-9.8
-0.22
10.15
17.88
20.46
17.33
10.07
1.54
-5.38
-8.79
-8.72
-6.38
-3.25
-0.66
1
1.77
1.93
1.53
0.36
-1.67
-4.09
-5.99
-6.03
-3.12
2.49
9.27
14.57
15.97
12.45
5.02
-3.64
-10.25
-12.8
-11.11
-6.75
-2.3
0.2
0.09
-1.75
-3.54
-3.71
-1.76
1.7
5.14
7.34
8.05
7.83
7.55
7.6
7.53
6.42
3.63
-0.63
-4.92
-7.53
-7.05
-3.33
2.32
7.64
10.49
10
6.92
3.36
1.53
2.7
6.15
10
12.03
11
7.21
2.22
-2.14
-4.77
-5.56
-5.53
-5.66
-6.61
-7.94
-8.47
-7.11
-3.59
1.17
5.47
7.52
6.78
3.78
0.06
-2.98
-4.71
-5.6
-6.82
-9.29
-12.78
-15.89
-16.76
-13.86
-7.39
0.79
7.82
11.23
10.16
5.68
0.33
-3.23
-3.58
-1.22
2.18
4.36
3.98
1.15
-2.79
-5.9
-6.97
-5.85
-3.3
-0.64
1.32
2.72
4.05
5.69
7.34
7.92
6.29
1.96
-4.22
-10.12
-13.45
-12.69
-7.86
-0.94
5.17
7.87
6.15
1.12
-4.62
-8.2
-7.73
-3.46
2.74
8.53
11.81
11.79
8.86
4.21
-0.87
-5.53
-9.33
-11.81
-12.55
-10.95
-6.42
0.49
8.18
14.11
15.88
12.43
4.66
-4.67
-11.97
-14.71
-12.18
-5.7
1.82
7.52
9.65
8.28
4.88
1.4
-0.81
-1.4
-1.25
-1.31
-1.89
-2.62
-2.63
-1.48
0.46
2.14
2.49
1.2
-0.82
-2.18
-1.37
2.05
7.02
11.35
12.69
9.82
3.33
-4.39
-10.4
-12.33
-9.85
-4.33
1.85
6.45
8.42
8.06
6.63
5.34
4.82
4.73
4.41
3.17
1.16
-0.75
-1.51
-0.59
1.52
3.55
4.08
2.72
0.16
-1.95
-2.16
0.07
3.94
7.6
9.16
7.61
3.35
-1.99
-6.24
-7.96
-6.94
-4.44
-2.17
-1.37
-2.14
-3.53
-4.15
-3.21
-1.14
0.87
1.21
-0.83
-4.81
-9.09
-11.67
-11.26
-7.89
-2.81
2.11
5.24
6.24
5.56
4.14
2.53
0.64
-2.02
-5.7
-9.81
-12.76
-12.87
-9.25
-2.3
5.76
12.05
14.06
11
4.16
-3.74
-9.69
-11.61
-9.36
-4.41
1.19
5.35
7.07
6.46
4.43
2.16
0.42
-0.62
-0.94
-0.78
-0.12
1.35
3.43
5.39
5.88
3.68
-1.53
-8.54
-14.83
-17.46
-14.83
-7.32
2.73
11.66
16.37
15.38
9.56
1.52
-5.63
-9.67
-9.85
-7.25
-3.58
-0.19
2.12
3.42
4.01
4
3.22
1.44
-1.22
-3.87
-5.38
-4.72
-1.57
2.93
6.68
7.41
3.95
-2.95
-10.71
-16.01
-16.23
-11.08
-2.39
6.68
13
14.96
12.82
8.38
3.9
0.98
-0.05
0.26
0.72
0.81
0.83
1.46
3.17
5.62
7.63
7.94
6.15
3
0.34
-0.28
1.82
5.76
9.42
10.55
7.9
2.04
-4.85
-9.84
-10.81
-7.35
-1.19
4.97
8.74
9.19
7.16
4.45
2.74
2.48
3.06
3.11
1.73
-1.17
-4.55
-6.96
-7.49
-6.27
-4.36
-3.15
-3.5
-4.86
-6.05
-5.62
-3.17
0.49
3.56
4.19
1.61
-3.28
-8.29
-11.07
-10.01
-5.5
0.5
5.29
6.86
4.93
0.87
-2.96
-4.56
-3.42
-0.65
2.01
2.89
1.59
-1.15
-3.85
-5.31
-5.31
-4.56
-3.95
-4.03
-4.4
-3.68
-0.96
3.69
8.72
11.73
10.77
5.36
-2.96
-11.08
-15.95
-15.83
-10.95
-3.7
2.83
6.21
5.75
2.62
-0.99
-3.17
-3.02
-1.22
0.95
2.55
3.23
3.37
3.33
3.06
2.01
-0.45
-4.29
-8.35
-10.93
-10.28
-5.55
2.28
10.76
16.7
17.69
13.19
4.93
-3.88
-9.75
-10.81
-7.21
-0.86
5.35
9.04
9.23
6.48
2.48
-1.04
-3.04
-3.32
-2.57
-1.47
-0.25
1.08
2.53
3.66
3.61
1.6
-2.45
-7.41
-11.1
-11.52
-7.62
-0.07
8.68
15.45
17.69
14.66
7.8
0.06
-5.54
-7.09
-4.84
-0.49
3.81
6.46
7.11
6.42
5.43
4.86
4.82
4.81
4.38
3.28
1.89
0.89
0.65
0.95
0.94
-0.3
-3.08
-6.52
-9
-8.81
-5.45
0.2
5.98
9.48
9.19
5.2
-0.78
-6.34
-9.3
-8.95
-6.1
-2.7
-0.61
-0.66
-2.3
-4.02
-4.26
-2.41
0.79
4.03
5.74
5.22
2.65
-0.92
-4.34
-6.92
-8.59
-9.54
-9.95
-9.6
-7.65
-3.76
1.73
7.32
10.98
11.04
7.05
0.3
-6.51
-10.63
-10.48
-6.17
0.18
5.76
8.26
6.94
2.87
-1.78
-4.91
-5.25
-3.12
0.19
3.37
5.43
6.1
5.51
3.88
1.36
-2.06
-6.17
-10.16
-13
-13.41
-10.39
-4.2
3.61
10.48
13.83
12.4
6.73
-0.84
-7.16
-10.04
-8.89
-4.92
-0.52
2.14
2.16
0.12
-2.35
-3.71
-3.31
-1.39
0.85
2.42
3.08
3.12
3.11
3.25
3.16
2.17
-0.07
-3.1
-5.52
-5.97
-3.54
1.49
7.37
11.65
12.17
8.19
0.86
-7.12
-12.81
-14.11
-11.04
-5.19
1.09
5.69
7.68
7.34
5.69
3.84
2.36
1.19
0.09
-1.14
-2.06
-1.9
-0.11
3.03
6.33
8.15
7.37
4.22
0.24
-2.24
-1.62
2.32
8.12
13.29
15.56
13.88
8.85
2.37
-3.24
-6.39
-6.68
-5.1
-3.05
-1.57
-0.85
-0.29
0.7
2.31
3.8
4.21
2.69
-0.65
-4.83
-8.3
-9.62
-8.34
-5.17
-1.58
0.98
1.76
1.32
0.62
0.61
1.22
1.51
0.22
-3.39
-8.66
-13.56
-15.67
-13.47
-6.9
1.87
9.83
14.14
13.65
9.23
3.23
-1.71
-3.84
-3.09
-0.83
1.43
2.47
2.25
1.42
0.79
0.66
0.53
-0.43
-2.63
-5.69
-8.32
-8.74
-6.24
-1.44
3.55
6.25
5.17
0.65
-5.17
-9.26
-9.53
-5.64
0.93
7.25
10.66
9.78
5.15
-1.19
-6.83
-10.05
-10.28
-8.32
-5.42
-2.32
0.58
3.36
5.84
7.37
7.04
4.23
-0.76
-6.37
-10.56
-11.5
-8.34
-2.19
4.58
9.11
9.47
5.6
-0.77
-6.84
-10.08
-9.66
-6.38
-2.05
1.33
2.82
2.65
1.9
1.72
2.49
3.74
4.68
4.5
3.29
2.02
1.71
2.81
4.72
6.06
5.56
2.88
-1.06
-4.3
-5.29
-3.37
0.56
4.48
6.24
4.69
0.38
-4.67
-7.88
-7.53
-3.38
2.81
8.62
11.98
12.15
9.9
6.74
4.07
2.35
1.35
0.39
-0.68
-1.56
-1.38
0.56
4.05
7.83
9.96
8.93
4.45
-1.88
-7.53
-10
-8.36
-3.46
2.48
7.02
8.67
7.49
4.81
2.21
0.95
0.85
0.91
-0.27
-3.29
-7.54
-11.43
-13.17
-11.73
-7.54
-2.4
1.78
3.44
2.47
-0.18
-2.98
-4.78
-5.34
-5.17
-4.9
-4.72
-4.26
-2.56
0.66
4.81
8.23
9.04
6.16
-0.02
-7.47
-13.27
-15.11
-12.25
-5.71
1.81
7.52
9.52
7.69
3.51
-0.93
-3.96
-4.89
-4.36
-3.35
-2.35
-1.44
-0.2
1.57
3.52
4.87
4.79
3.08
0.61
-1.31
-1.44
0.82
4.57
7.85
8.5
5.27
-1.28
-8.96
-14.75
-16.1
-12.41
-5.06
3.29
9.59
11.9
9.9
4.8
-1.3
-6.51
-9.72
-10.67
-9.91
-7.9
-4.68
-0.38
4.61
9.07
11.32
9.97
4.75
-2.93
-10.22
-14.31
-13.41
-7.61
0.86
8.83
13.43
13.39
9.54
4.11
-0.41
-2.38
-1.92
-0.27
1.15
1.42
0.77
0.1
0.29
1.58
3.4
4.74
4.9
3.76
2.15
1.29
1.97
4.04
6.35
7.39
6.25
3.3
0
-1.66
-0.72
2.51
6.4
8.76
8.08
4.27
-1.18
-6.02
-8.11
-6.75
-2.67
2.09
5.58
6.77
5.91
4.2
2.79
2.15
1.66
0.59
-1.73
-4.87
-7.82
-9.26
-8.46
-5.82
-2.73
-0.81
-1.04
-3.22
-5.76
-7.03
-6.02
-3.3
-0.53
0.43
-1.35
-5.15
-8.83
-9.98
-7.32
-1.15
6.24
11.93
13.6
10.63
4.39
-2.67
-7.99
-10.07
-9
-6.02
-2.42
0.75
3.28
5.18
6.36
6.28
4.21
-0.13
-5.82
-11.04
-13.49
-11.42
-5.01
3.64
11.14
14.42
12.19
5.55
-2.46
-8.21
-9.44
-6.03
0.26
6.33
9.64
8.97
5.01
-0.3
-4.81
-7.22
-7.25
-5.79
-3.84
-1.88
-0.07
1.58
2.74
2.6
0.42
-3.88
-9.22
-13.36
-14.19
-10.44
-2.59
6.83
14.35
16.87
13.17
4.54
-5.66
-13.5
-15.95
-12.51
-4.9
3.88
10.78
14.11
13.73
10.81
6.93
3.27
0.28
-1.92
-3.49
-4.14
-3.24
-0.58
3.37
7.14
8.94
7.6
3.32
-2.26
-6.63
-8.02
-5.97
-1.65
2.63
4.74
3.74
0.38
-3.31
-5.15
-3.99
-0.18
4.31
7.35
7.66
5.42
2.16
-0.29
-0.68
0.9
3.49
5.68
6.71
6.47
5.76
5.46
5.85
6.44
6.16
4.17
0.42
-3.85
-6.97
-7.45
-5.18
-1.34
2.11
3.38
1.86
-1.64
-5.36
-7.62
-7.44
-5.34
-2.78
-1.45
-2.19
-4.48
-6.78
-7.35
-5.27
-1.12
3.3
6.21
6.37
3.99
0.38
-2.73
-4.07
-3.5
-1.8
-0.05
0.99
1.2
1.38
2.01
3.12
3.94
3.33
0.66
-3.77
-8.48
-11.43
-11.14
-7.49
-1.72
3.75
6.6
5.66
1.38
-4.3
-9.07
-11.13
-9.92
-6.33
-1.9
2.18
5.23
7.25
8.41
8.63
7.6
4.89
0.63
-4.11
-7.87
-9.04
-6.61
-1.17
5.38
10.34
11.47
8.1
1.46
-5.79
-10.74
-11.79
-9.17
-4.43
0.08
2.77
3.21
2.23
1.13
0.81
1.21
1.67
1.24
-0.29
-2.03
-2.8
-1.68
1.04
4.05
5.61
4.59
1.22
-2.82
-5.5
-5.26
-1.84
3.23
7.54
8.85
6.29
0.86
-5.13
-9.11
-9.37
-6.13
-0.95
4.08
7.29
8.14
7.06
4.97
2.66
0.41
-1.81
-3.79
-5.19
-5.09
-2.65
2.17
8.23
13.34
15.18
12.55
6.23
-1.29
-6.63
-7.53
-3.59
3.4
10.34
14.35
14.04
10.08
4.56
0.12
-1.71
-0.84
1.25
2.8
2.76
1.29
-0.54
-1.6
-1.51
-1.06
-1.32
-3.27
-6.7
-10.53
-13.11
-13.27
-11.02
-7.59
-4.7
-3.61
-4.46
-5.94
-6.54
-5.26
-2.53
0.08
0.81
-1.19
-5.1
-8.67
-9.45
-6.21
0.58
8.38
14.1
15.36
11.68
4.82
-2.29
-6.76
-6.94
-3.21
2.49
7.9
11.09
11.41
9.19
5.4
0.98
-3.5
-7.68
-11
-12.75
-12.07
-8.35
-2.24
4.36
8.78
8.76
3.78
-4.53
-12.81
-17.35
-16.02
-9.05
1.12
10.66
16.18
16
10.74
2.92
-4.37
-8.76
-9.22
-6.57
-2.35
2.03
5.54
7.78
8.45
7.19
3.67
-2
-8.86
-14.78
-17.61
-15.7
-8.93
0.67
9.75
14.82
13.87
7.35
-1.99
-10.34
-14.27
-12.58
-6.32
1.92
9.07
13.06
13.25
10.42
6.07
1.59
-2.21
-4.91
-6.52
-6.74
-5.06
-1.3
4
9.29
12.47
11.88
7.26
0.13
-6.56
-10.06
-8.67
-2.77
5.36
12.57
16.27
15.45
11.05
5.31
0.49
-1.98
-2.4
-1.82
-1.36
-1.37
-1.3
-0.31
1.94
4.77
6.83
6.66
3.84
-0.94
-5.71
-8.3
-7.48
-3.58
1.62
5.8
7.25
5.83
2.7
-0.31
-2.03
-2.29
-1.94
-2.19
-3.64
-5.84
-7.52
-7.47
-5.07
-1.15
2.53
3.96
2.13
-2.4
-7.69
-11.22
-11.21
-7.5
-1.72
3.88
7.19
7.36
4.89
1.18
-2.27
-4.72
-6.17
-6.99
-7.49
-7.48
-6.18
-3.18
1.21
5.6
8.09
7.34
3.2
-2.82
-8.03
-10.02
-7.75
-1.89
5.04
10.06
11.06
7.76
1.84
-4.08
-7.62
-7.64
-4.79
-0.73
3.02
5.42
6.36
6.23
5.38
3.89
1.6
-1.5
-4.69
-6.95
-7.08
-4.25
0.92
6.68
10.5
10.4
5.95
-1.39
-8.76
-13.12
-12.93
-8.63
-2.27
3.2
5.59
4.25
0.27
-4.27
-7.44
-8.32
-7.07
-4.81
-2.56
-0.53
1.47
3.8
6.21
7.72
7.16
3.97
-1.13
-6.06
-8.6
-7.21
-1.96
5.21
11.33
13.71
11.2
4.81
-2.77
-8.45
-10.05
-7.49
-2.35
3.04
6.7
7.9
7.16
5.72
4.6
4.05
3.59
2.68
1.02
-0.7
-1.25
0.29
3.79
7.77
10.11
9.16
4.96
-0.8
-5.29
-6.38
-3.44
2.24
8.04
11.43
11.1
7.56
2.63
-1.35
-2.96
-2.11
-0.12
1.42
1.53
0.37
-1.03
-1.56
-0.85
0.31
0.68
-0.89
-4.39
-8.7
-11.89
-12.32
-9.66
-5.01
-0.46
2.02
1.48
-1.21
-4.32
-6.03
-5.63
-3.69
-1.65
-0.87
-1.73
-3.33
-4.19
-3.26
-0.35
3.18
5.42
4.83
1.21
-3.93
-8.23
-9.53
-6.94
-1.49
4.46
8.62
9.47
7.18
3.16
-0.78
-3.26
-4.07
-3.87
-3.4
-3.16
-2.92
-1.85
0.33
3.1
5.04
4.57
1
-4.89
-10.92
-14.3
-13.34
-8.04
-0.12
7.41
11.89
11.95
8.16
2.62
-2.18
-4.52
-3.93
-1.59
0.95
2.66
3.23
3.27
3.41
3.87
4.16
3.47
1.28
-1.85
-4.81
-6.07
-4.55
-0.71
3.74
6.45
5.74
1.56
-4.37
-9.33
-10.85
-8.26
-2.7
3.49
7.75
8.69
6.49
2.68
-0.77
-2.48
-2.25
-0.79
0.58
1.14
1.07
1.1
1.92
3.45
4.7
4.42
1.89
-2.32
-6.34
-8.2
-6.49
-1.41
5.23
10.81
13.12
11.42
6.78
1.54
-1.97
-2.44
-0.45
2.36
4.2
4.16
2.65
0.92
0.24
1
2.68
3.97
3.87
2
-0.77
-2.93
-3.15
-1.1
2.29
5.36
6.55
5.5
2.88
0.23
-1.35
-1.5
-0.89
-0.67
-1.65
-3.75
-5.93
-6.97
-5.86
-2.97
0.31
1.94
0.56
-3.75
-9.35
-13.63
-14.32
-10.76
-4.28
2.67
7.34
8.27
5.66
1.21
-2.87
-5.11
-5.28
-4.08
-2.65
-1.69
-0.87
0.38
2.48
4.98
6.62
6.02
2.46
-3.36
-9.31
-13
-12.75
-8.34
-1.64
4.53
7.59
6.49
2.19
-2.96
-6.42
-6.63
-3.86
0.29
4.12
6.4
7.1
6.95
6.71
6.65
6.2
4.57
1.5
-2.53
-6.04
-7.17
-5.03
-0.2
5.25
8.69
8.29
3.97
-2.51
-8.21
-10.87
-9.63
-5.34
-0.3
3.23
3.92
1.98
-1.26
-4.2
-5.9
-6.17
-5.74
-5.25
-4.6
-3.34
-0.88
2.59
6.04
7.95
7.08
3.39
-1.7
-6.05
-7.52
-5.05
0.53
6.95
11.42
11.96
8.43
2.55
-2.98
-5.63
-4.63
-0.81
3.88
7.33
8.39
7.18
4.82
2.64
1.5
1.33
1.62
1.52
0.81
-0.02
-0.17
0.92
3.02
5.16
6.05
5.08
2.53
-0.27
-1.99
-1.75
0.25
2.74
4.18
3.57
1.08
-2.06
-4
-3.59
-0.89
2.54
4.72
4.29
1.31
-2.66
-5.46
-5.52
-2.8
1.42
4.94
6
3.93
-0.32
-4.85
-7.74
-7.95
-5.74
-2.42
0.32
1.67
1.47
0.45
-0.78
-1.95
-3.33
-5.41
-8.18
-10.83
-12
-10.62
-6.29
-0.34
4.98
7.21
5.17
-0.38
-7.01
-11.67
-12.1
-8.06
-1.35
5.4
9.59
10.1
7.46
3.31
-0.42
-2.65
-3.26
-2.74
-1.82
-0.75
0.99
3.73
7.21
10.3
11.34
9.13
3.64
-3.57
-9.73
-12.35
-10.18
-3.83
4.11
10.29
12
8.45
1.13
-6.9
-12.46
-13.44
-10.04
-4.11
1.91
5.84
6.81
5.08
1.64
-2.47
-6.55
-10.16
-12.63
-13.34
-11.51
-6.72
0.25
7.45
12.25
12.46
7.62
-0.6
-8.88
-13.51
-12.43
-5.88
3.71
12.6
17.56
17.06
11.78
4.19
-2.74
-6.71
-6.83
-4
0.11
3.92
6.39
7.34
6.96
5.45
2.91
-0.56
-4.45
-7.52
-8.53
-6.45
-1.31
5.32
10.95
13.07
10.54
4.28
-2.86
-7.6
-7.6
-3.03
3.88
9.88
12.36
10.62
6.01
1.1
-1.8
-1.55
1.2
4.81
7.3
7.74
6.41
4.4
2.9
2.28
2.12
1.43
-0.21
-2.61
-4.74
-5.64
-4.86
-2.88
-1.04
-0.65
-2.4
-5.77
-9.34
-11.18
-10.26
-6.86
-2.63
0.28
0.43
-2.21
-6.16
-9.12
-9.39
-6.67
-2.02
2.44
4.87
4.56
2.18
-0.65
-2.45
-2.58
-1.33
0.24
1.21
1.59
1.91
3
5.1
7.52
8.92
7.93
4.13
-1.36
-6.5
-9.02
-7.45
-2.38
4.02
8.71
9.36
5.48
-1.34
-8.18
-12.11
-11.79
-7.83
-2.14
2.72
5.05
4.42
1.72
-1.59
-4.29
-5.88
-6.33
-6.05
-5.12
-3.11
0.15
4.39
8.34
10.23
8.71
3.63
-3.44
-9.59
-12.13
-9.71
-2.98
5.2
11.36
12.79
8.91
1.53
-6.12
-11.01
-11.5
-8.28
-3.41
0.96
3.4
3.82
2.99
1.77
0.58
-0.77
-2.64
-4.91
-7
-7.74
-6.02
-1.73
4.07
9.27
11.74
10.36
5.7
-0.13
-4.35
-5.15
-2.14
3.37
9
12.62
13.07
10.7
6.91
3.38
1.12
0.24
-0.08
-0.59
-1.29
-1.51
-0.28
2.7
6.66
9.83
10.57
8.06
3.14
-2.25
-5.73
-5.77
-2.51
2.28
6.08
6.92
4.32
-0.33
-4.76
-6.89
-6.18
-3.57
-0.94
0.01
-1.19
-3.66
-5.74
-6.12
-4.39
-1.59
0.68
0.91
-1.14
-4.44
-7.2
-7.88
-5.9
-2.03
2.08
5.15
6.34
5.87
4.37
2.47
0.42
-1.98
-4.92
-8.05
-10.37
-10.67
-7.86
-2.2
4.72
10.28
12.01
8.91
1.92
-6.2
-11.92
-12.77
-8.41
-0.53
7.51
12.51
12.7
8.38
1.67
-4.77
-8.83
-9.67
-8.01
-5.19
-2.2
0.29
2.21
3.46
3.75
2.58
-0.32
-4.53
-8.68
-11.09
-10.35
-5.91
0.98
7.98
12.32
12.26
7.91
1.15
-5.18
-8.49
-7.96
-4.55
-0.25
2.7
3.21
1.54
-0.97
-2.86
-3.34
-2.71
-1.78
-1.54
-2.2
-2.89
-2.56
-0.49
2.89
6.08
7.37
5.74
1.63
-3.03
-6.13
-6.11
-2.8
2.17
6.42
7.8
5.63
0.97
-3.91
-6.74
-6.26
-3.06
1.12
4.41
5.66
5.02
3.57
2.52
2.49
3.18
3.66
3.26
1.8
0.14
-0.41
1.06
4.33
7.91
9.76
8.42
4.07
-1.47
-5.52
-6.18
-3.08
2.29
7.3
9.58
8.18
3.97
-0.87
-3.91
-3.89
-1.05
2.82
5.7
6.31
4.68
1.93
-0.55
-1.87
-2.23
-2.22
-2.65
-3.54
-4.47
-4.62
-3.58
-1.76
-0.3
-0.42
-2.6
-6.18
-9.24
-9.91
-7.23
-2.01
3.56
6.85
6.18
1.73
-4.37
-9.11
-10.13
-6.55
0.16
7.21
11.61
11.72
7.88
1.96
-3.54
-6.67
-6.95
-5.19
-2.58
-0.29
1.3
2.25
2.75
2.74
1.69
-0.82
-4.51
-8.37
-10.73
-9.86
-5.42
1.4
7.98
11.49
10.28
4.71
-2.92
-9.28
-11.82
-9.72
-4.11
2.25
6.51
6.9
3.58
-1.65
-6.38
-8.77
-8.18
-5.59
-2.56
-0.21
1.01
1.62
2.29
3.39
4.52
4.86
3.71
1.3
-1.55
-3.44
-3.14
-0.66
2.83
5.32
5.07
1.59
-3.93
-9.21
-11.75
-10.47
-5.96
-0.03
4.88
7.12
6.35
3.59
0.52
-1.46
-1.84
-0.92
0.36
1.44
2.44
3.85
5.94
8.24
9.51
8.39
4.32
-1.89
-7.92
-11.28
-10.16
-4.48
3.81
11.57
15.87
15.24
10.4
3.88
-1.4
-3.27
-1.65
2
5.48
7.1
6.41
4.19
1.76
0.15
-0.3
-0.13
-0.05
-0.64
-1.68
-2.39
-1.97
-0.19
2.3
4.27
4.61
3.13
0.53
-1.78
-2.82
-2.34
-1.06
-0.23
-0.75
-2.6
-4.82
-6.14
-5.48
-3.05
-0.14
1.31
-0.09
-4.31
-9.76
-13.89
-14.42
-10.62
-3.79
3.58
8.58
9.57
6.62
1.57
-3.05
-5.21
-4.21
-0.75
3.52
6.85
8.56
8.63
7.77
6.53
4.98
2.84
-0.31
-4.27
-7.95
-10.03
-9.49
-6.16
-1.47
2.46
3.65
1.4
-3.25
-8.1
-10.86
-10.25
-6.74
-2.09
1.9
3.95
4.04
2.97
1.78
1.11
0.78
0.16
-1.21
-3.35
-5.43
-5.96
-4.01
0.32
5.52
9.26
9.58
5.81
-0.74
-7.24
-10.92
-10.06
-4.8
2.6
9.06
11.91
10.09
4.61
-2.15
-7.56
-9.79
-8.74
-5.47
-1.44
2.01
4.23
5.03
4.43
2.49
-0.73
-4.83
-8.68
-10.99
-10.43
-6.45
0.03
6.81
11.19
11.21
6.79
-0.19
-6.58
-9.39
-7.48
-1.75
5.25
10.56
12.21
10.08
5.68
1.35
-0.93
-0.58
1.75
4.3
5.71
5.62
4.76
4.36
5.11
6.77
8.1
7.96
5.83
2.56
-0.42
-1.59
-0.29
2.77
5.91
7.22
5.72
1.7
-3.06
-6.49
-7.11
-5.02
-1.61
1.18
1.85
0.19
-2.74
-5.28
-6.15
-4.96
-2.64
-0.62
-0.23
-1.74
-4.27
-6.43
-7.02
-5.72
-3.28
-1.01
0.26
0.33
-0.12
-0.32
0.07
0.68
0.56
-0.98
-3.69
-6.37
-7.39
-5.39
-0.59
5.27
9.55
9.99
6.01
-0.92
-7.8
-11.42
-10.07
-4.33
3.44
9.85
12.35
10.25
4.88
-1.05
-5.04
-5.81
-3.65
-0.23
2.6
3.97
3.84
2.99
2.14
1.45
0.55
-1.16
-3.85
-6.74
-8.73
-8.65
-5.89
-1.28
3.37
5.94
5.08
0.99
-4.69
-9.61
-11.71
-10.46
-6.74
-2.17
1.37
2.95
2.52
0.86
-1.07
-2.7
-3.96
-4.98
-5.94
-6.49
-5.71
-3.03
1.4
6.27
9.55
9.55
5.89
-0.02
-5.4
-7.69
-5.55
0.43
7.68
13.15
14.52
11.38
5.35
-0.87
-4.78
-5.13
-2.61
1.09
4.23
5.79
5.9
5.32
4.8
4.54
4.07
2.69
0.19
-2.96
-5.44
-5.71
-2.99
2.11
7.65
11.18
10.97
6.96
0.86
-4.57
-7.11
-5.84
-1.64
3.31
6.73
7.27
5.04
1.32
-2.07
-3.94
-3.99
-3.02
-1.92
-1.2
-0.71
0.08
1.39
2.8
3.29
2.08
-0.92
-4.59
-7.3
-7.5
-4.65
0.2
4.94
7.32
6.12
1.75
-3.6
-7.34
-7.63
-4.47
0.42
4.51
5.71
3.53
-0.65
-4.53
-6.01
-4.15
0.1
4.6
7.12
6.47
3.08
-1.43
-5.13
-6.68
-6.12
-4.46
-2.71
-1.58
-0.85
-0.05
1.1
2.18
2.13
-0.04
-4.23
-9.16
-12.63
-12.34
-7.73
-0.12
7.4
11.54
10.29
4.02
-4.64
-11.86
-14.57
-11.67
-4.24
4.63
11.59
14.27
12.15
6.62
-0.03
-5.58
-8.67
-9.24
-7.86
-5.06
-1.38
2.73
6.47
8.67
8.21
4.52
-1.72
-8.37
-12.86
-12.94
-7.79
1.07
10.39
16.4
16.47
10.43
0.68
-8.85
-14.28
-13.76
-7.87
0.86
8.99
13.78
14.02
10.27
4.36
-1.63
-6.12
-8.25
-8.14
-6.19
-2.78
1.48
5.76
8.8
9.29
6.51
0.93
-5.66
-10.51
-11.47
-7.66
-0.17
8.15
13.98
14.89
10.6
3.02
-4.47
-8.76
-8.21
-3.66
2.49
7.48
9.45
8.24
5.09
1.87
-0.08
-0.25
0.78
2.1
2.84
2.79
2.38
2.07
2.04
1.87
0.95
-1.08
-3.71
-5.82
-6.15
-4.25
-0.79
2.74
4.59
3.81
0.76
-3.03
-5.53
-5.17
-1.94
2.61
5.98
6.09
2.4
-3.61
-9.23
-11.7
-9.84
-4.6
1.67
6.07
6.86
3.98
-0.86
-5.31
-7.53
-7.01
-4.49
-1.41
0.89
2.2
2.71
2.97
2.97
2.25
0.19
-3.39
-7.74
-11.23
-12.22
-9.97
-4.9
0.95
5.2
5.97
3.04
-2.04
-6.7
-8.57
-6.48
-1.29
4.9
9.9
12.12
11.36
8.49
4.84
1.52
-1.01
-2.91
-4.21
-5
-4.84
-3.06
0.31
4.4
7.45
7.59
3.89
-2.92
-10.48
-15.54
-15.83
-10.88
-2.33
6.46
12.05
12.37
7.62
0.13
-6.73
-10.15
-8.92
-4.07
2.13
7.47
10.39
10.66
8.8
5.6
1.7
-2.57
-6.71
-9.81
-10.91
-9.24
-4.75
1.27
6.63
8.99
7.01
1.22
-6.12
-11.9
-13.41
-9.94
-2.79
5.36
11.53
13.89
12.29
8.06
3.29
-0.32
-2.09
-2.32
-2.01
-1.77
-1.42
-0.26
2.31
6.01
9.56
11.15
9.59
4.99
-0.82
-5.38
-6.46
-3.3
2.89
9.52
13.74
13.81
9.85
3.79
-1.77
-4.66
-4.45
-2.14
0.53
2.08
2.13
1.3
0.63
0.7
1.44
1.93
1.34
-0.75
-3.71
-6.15
-6.78
-5.08
-1.76
1.62
3.34
2.81
0.48
-2.25
-4.07
-4.46
-4.04
-4.11
-5.69
-8.65
-11.62
-12.79
-10.53
-5.02
2
7.63
9.39
6.43
0.01
-6.94
-11.15
-10.67
-5.76
1.58
8.24
11.79
11.28
7.5
2.36
-2.26
-5.24
-6.36
-6.15
-5.15
-3.32
-0.65
2.69
5.82
7.4
6.22
1.95
-4.34
-10.22
-13.2
-11.66
-5.55
2.96
10.67
14.5
12.97
6.85
-1.23
-8.05
-11.03
-9.64
-5.15
0.31
4.51
6.36
5.86
3.85
1.25
-1.5
-4.41
-7.38
-10.04
-11.34
-9.84
-5.07
2.1
9.23
13.37
12.47
6.49
-2.28
-10.03
-13.45
-10.93
-3.37
6.06
13.53
16.14
13.22
6.49
-0.94
-6.15
-7.55
-5.71
-2.36
0.71
2.45
2.98
3
3.08
3.16
2.61
0.8
-2.12
-5.26
-7.04
-6.01
-1.95
3.93
9.31
11.89
10.56
6.02
0.41
-3.65
-4.67
-2.63
1.12
4.57
6.31
6.02
4.5
2.89
2.15
2.29
2.67
2.27
0.77
-1.23
-2.48
-1.84
0.82
4.4
6.96
7.04
4.2
-0.33
-4.57
-6.51
-5.25
-1.63
2.22
4
2.49
-1.82
-6.67
-9.69
-9.55
-6.97
-4.14
-3.34
-5.58
-9.7
-13.04
-13.03
-8.86
-1.7
5.41
9.48
8.94
4.49
-1.29
-5.44
-6
-2.82
2.37
7.15
9.87
10
8.38
6.29
4.75
3.92
3.23
1.94
-0.03
-2.19
-3.48
-2.75
0.03
3.85
6.73
6.88
3.59
-2.2
-8.22
-11.79
-11.47
-7.63
-2.09
2.39
3.86
1.85
-2.41
-6.86
-9.72
-10.36
-9.17
-7.28
-5.56
-3.88
-1.81
1.03
4.22
6.51
6.41
3.13
-2.68
-8.75
-12.48
-11.84
-6.41
1.89
9.88
14.23
13.18
7.29
-0.81
-7.66
-10.37
-8.22
-2.51
4.29
9.48
11.48
10.2
6.79
2.84
-0.39
-2.42
-3.33
-3.6
-3.36
-2.23
-0.01
3.11
6.1
7.53
6.33
2.49
-2.67
-6.89
-8.33
-6.22
-1.36
4.12
7.87
8.32
5.47
0.83
-3.42
-5.54
-4.93
-2.56
0.08
1.81
2.3
2.21
2.44
3.43
4.78
5.52
4.73
2.49
-0.3
-1.97
-1.14
2.37
7.15
10.81
11.16
7.38
0.84
-5.7
-9.25
-8.35
-3.55
2.78
7.7
9.09
6.65
1.89
-2.78
-5.03
-4.15
-0.95
2.4
3.87
2.65
-0.57
-3.92
-5.5
-4.55
-1.75
1.43
3.29
3.07
0.96
-1.87
-4.22
-5.44
-5.6
-5.18
-4.64
-4.14
-3.11
-1.39
0.85
2.66
2.85
0.77
-3.25
-7.67
-10.39
-10.01
-6.52
-1.17
3.61
5.84
4.71
1
-3.32
-6.21
-6.46
-4.11
-0.46
2.83
4.82
5.28
4.85
4.34
4.12
3.94
3.01
0.74
-2.66
-6.2
-8.25
-7.2
-2.85
3.43
8.94
10.94
8.17
1.49
-6.19
-11.29
-11.55
-6.93
0.48
7.15
10.16
8.31
2.62
-4.33
-9.86
-12.36
-11.65
-9.03
-6.05
-3.48
-1.39
0.64
2.73
4.27
4.24
1.78
-2.86
-7.98
-11.43
-11.3
-7.13
-0.46
5.89
9.11
7.92
3.24
-2.38
-6.02
-5.77
-1.94
3.66
8.67
11.23
10.91
8.54
5.61
3.48
2.71
2.91
3.39
3.27
2.55
2.01
2.57
4.64
7.57
9.82
9.78
6.86
1.95
-2.78
-5.2
-4.1
0.11
5.49
9.65
10.75
8.55
4.26
0.11
-2.04
-1.4
1.15
4
5.59
5.28
3.58
1.62
0.4
0.13
0.36
0.17
-0.99
-3.13
-5.44
-6.74
-6.36
-4.42
-2
-0.47
-0.83
-2.83
-5.44
-7.16
-7.16
-5.7
-3.97
-3.33
-4.39
-6.54
-8.28
-8.21
-5.61
-1.4
2.54
4.19
2.52
-1.77
-6.69
-9.83
-9.54
-5.89
-0.55
4.33
6.94
6.84
4.83
2.45
0.99
0.77
1.21
1.45
0.86
-0.37
-1.16
-0.58
1.63
4.61
6.74
6.42
3.08
-2.38
-7.58
-10.13
-8.52
-2.89
4.5
10.63
12.79
10.05
3.6
-3.86
-9.5
-11.37
-9.44
-5.06
0.07
4.21
6.53
6.78
5.18
2.14
-1.86
-6.11
-9.5
-11.02
-9.91
-6
-0.44
4.83
7.63
6.64
2.07
-4.33
-9.96
-12.39
-10.7
-5.55
1.22
7.17
10.39
10.1
6.82
2.15
-2.11
-4.57
-4.65
-2.93
-0.28
2.54
4.97
6.76
7.62
7.14
5.03
1.46
-2.69
-5.86
-6.8
-4.87
-0.57
4.38
7.81
8.03
4.65
-1.03
-6.53
-9.41
-8.23
-3.65
2.33
7.25
9.35
8.4
5.52
2.47
0.6
0.41
1.31
2.41
2.78
2.37
1.71
1.46
1.88
2.4
1.95
-0.44
-4.64
-9.51
-13.08
-13.96
-11.9
-8.23
-5.34
-5.36
-9.2
-15.86
-23.03
-27.92
-29.09
-26.89
-23.58
-21.94
-23.83
-29.34
-36.63
-43.04
-46.53
-47.03
-46.01
-46.06
-49.3
-56.39
-66.26
-76.79
-85.98
-92.84
-97.82
-102.16
-107.08
-113.01
-119.77
-127.01
-134.7
-143.16
-152.54
-162.89
-173.43
-182.65
-189.19
-191.74
-189.81
-183.18
-171.34
-152.97
-126.35
-89.23
-39.91
21.16
90.97
162.79
227.47
274.64
299.47
299.55
276.32
236.12
189.41
149.06
126.21
126.91
149.58
184.04
216.79
236.12
236.87
219.33
191.89
166.47
153.12
156
172.16
193.61
211.14
217.79
210.55
189.68
157.27
117.11
75.51
40.88
21.44
20.97
35.78
54.34
61.6
46.25
6.91
-46.13
-94.97
-121.92
-117.85
-83.81
-31.77
22.7
66.92
94.05
102.9
96.11
78.11
52.9
20.29
-14.46
-50.29
-86.59
-122.02
-154.37
-181.52
-198.83
-202.75
-192.76
-171.33
-143.74
-114.7
-86.99
-61.39
-37.89
-16.92
-0.49
8.95
10.55
5.14
-3.89
-12.28
-16.53
-15.53
-10.34
-3.83
0.88
2.08
-0.56
-5.49
-10.39
-13.29
-13.36
-10.96
-7.5
-4.67
-3.49
-4.29
-6.44
-8.87
-10.59
-11.09
-10.38
-9.02
-7.69
-6.89
-6.82
-7.33
-8.04
-8.6
-8.77
-8.56
-8.13
-7.71
-7.46
-7.43
-7.42
-7.43
-7.41
-7.3
-7.08
-6.79
-6.44
-6.08
-5.73
-5.37
-5.06
-4.78
-4.52
-4.26
-4.01
-3.77
-3.55
-3.37
-3.24
-3.19
-3.17
-3.15
-3.11
-3.02
-2.87
-2.7
-2.55
-2.47
-2.49
-2.59
-2.71
-2.83
-2.89
-2.86
-2.79
-2.74
-2.75
-2.88
-3.08
-3.26
-3.35
-3.29
-3.07
-2.82
-2.71
-2.89
-3.42
-4.2
-5
-5.58
-5.73
-5.47
-5.06
-4.84
-5.21
-6.27
-7.89
-9.66
-11.03
-11.61
-11.34
-10.62
-10.06
-10.29
-11.65
-13.94
-16.57
-18.8
-19.94
-19.75
-18.53
-16.85
-15.56
-15.52
-17.35
-21.17
-26.16
-30.24
-30.65
-25
-12.22
6.37
27.4
46.39
59.11
63.37
59.71
51.12
41.66
35.45
35.29
42.23
55.77
73.55
92.58
109.55
121.35
125.61
121.19
108.16
87.44
62.41
36.1
11.4
-9.65
-26
-37.58
-44.91
-48.95
-50.81
-51.16
-50.77
-49.86
-48.44
-46.41
-43.7
-40.5
-37.2
-34.23
-31.67
-29.72
-28.27
-27.04
-25.67
-23.9
-21.68
-19.1
-16.49
-14.08
-12.21
-10.91
-10
-9.11
-7.81
-5.88
-3.33
-0.5
2.15
4.09
5.1
5.46
5.74
6.65
8.68
11.86
15.64
19.17
21.62
22.63
22.55
22.34
23.13
25.72
30.09
35.41
40.36
43.85
45.33
45.19
44.49
44.36
45.72
49.17
55.01
63.02
71.87
78.7
79.48
70.52
50.35
21.14
-11.54
-40.77
-61.09
-70.53
-70.92
-66.19
-60.11
-54.63
-49.75
-44.74
-39.31
-34.22
-30.75
-29.65
-30.53
-31.98
-32.41
-30.7
-26.98
-22.46
-18.71
-16.99
-17.6
-19.72
-21.94
-22.9
-22.02
-19.79
-17.46
-16.44
-17.55
-20.62
-24.56
-27.89
-29.51
-29.25
-28.01
-27.29
-28.48
-32.14
-37.67
-43.59
-48.43
-51.15
-51.84
-51.51
-51.51
-53.16
-57.45
-65.02
-75.81
-88.49
-99.91
-105.63
-101.22
-84.49
-57.17
-24.95
4.5
24.6
32.43
29.5
20.02
8.67
-1.46
-9.43
-15.7
-20.75
-24.41
-26
-25.26
-23
-21.11
-21.9
-27.32
-38.19
-54.02
-73.26
-93.82
-113.55
-130.53
-143.11
-150.34
-150.67
-142.6
-125.08
-97.63
-60.55
-14.97
37.4
94.18
152
206.96
255.46
294.14
321.68
336.31
337.35
325.65
302.92
271.29
232.65
188.2
138.46
83.26
25.13
-32.35
-84.77
-127.83
-157.99
-172.34
-169.06
-148.31
-112.8
-68.06
-22.26
15.82
39.53
47.07
42.46
33.45
27.51
28.25
34.24
40.37
41.61
36.14
26.57
17.92
15.94
23.44
39.13
59.3
79.77
98.13
113.87
127.83
141
153.29
164.28
170.92
170.05
159.55
138.69
108
68.77
22.95
-26.47
-74.74
-115.59
-143.15
-154.01
-149.26
-134.35
-116.85
-103.3
-96.53
-95.19
-95.84
-95.63
-94.21
-93.92
-97.69
-106.48
-118.07
-128.09
-131.7
-125.34
-108.88
-82.48
-48.23
-9.66
28.32
59.8
79.68
86.24
82.63
76.33
76.33
88.17
111.04
137.75
158.2
163.46
150.35
121.95
84.96
46.07
8.94
-25.68
-58.24
-88.43
-114.48
-133.9
-145.39
-149.95
-150.7
-151.9
-157.37
-168.7
-185.11
-203.76
-221.29
-235.11
-244.86
-250.98
-254.86
-257.77
-259.93
-260.79
-257.97
-248.8
-231.3
-205.09
-171.56
-133.6
-94.72
-57.98
-25.18
3.55
29.35
54.16
79.52
105.88
132.37
157.09
178.05
193.81
204.25
210.3
213.8
216.62
220.38
226.69
236.79
250.78
266.64
280.02
283.39
272.01
245.31
207.81
168.03
134.97
114.48
107.31
109.84
116.58
123.39
128.32
131.17
132.57
132.57
130.41
125.17
116.53
104.92
91.31
77.52
62.81
46.16
26.64
3.98
-21.15
-47.39
-73.05
-96.54
-116.96
-134.15
-148.12
-159.04
-167.17
-172.72
-175.51
-174.86
-169.54
-158.43
-141.48
-119.99
-96.73
-75.09
-57.59
-44.9
-35.74
-27.8
-19.42
-10.63
-2.86
2.02
3.24
2.01
1.08
3.4
10.29
20.62
30.92
36.99
35.72
26.74
12.53
-2.79
-15.17
-22.38
-24.75
-24.45
-23.6
-22.44
-18.61
-7.93
13.19
45.51
85.98
128.54
166.16
193.2
207.3
209.82
204.86
196.97
189.35
182.8
175.64
164.02
144.05
113.06
70.43
18.32
-39.62
-99.17
-156.76
-209.97
-257.52
-298.87
-333.89
-362.83
-385.91
-403.93
-417.82
-428.37
-436.18
-441.39
-443.65
-441.97
-437.61
-428.53
-411.93
-384.83
-344.72
-289.99
-219.63
-133.71
-34.25
73.82
182.57
280.3
355.88
402.89
421.77
419.74
407.22
393.36
382.87
376.01
370.05
362.52
352.83
341.77
330.69
319.81
307.73
292.24
271.83
246.15
216.36
186.5
157.65
130.1
103.27
76.02
47.38
17.24
-13.49
-42.9
-68.68
-89.31
-104.03
-113.34
-118.86
-122.64
-126.53
-131.63
-138.29
-146.36
-155.79
-165.88
-175.28
-181.81
-182.72
-175.83
-160.44
-137.86
-111.07
-83.81
-58.97
-38.09
-21.56
-8.92
-0
5.23
6.99
6.08
3.91
2.29
2.67
5.51
10.19
15.3
19.11
20.17
17.68
11.69
3.35
-5.18
-11.2
-12.37
-8.11
-0.41
6.43
7.46
-0.55
-17.26
-38.54
-58.43
-71.78
-76.26
-72.48
-62.42
-47.76
-29.39
-7.99
14.83
36.16
52.93
63.63
69.47
73.88
80.28
89.77
100.3
107.69
107.88
99.16
82.83
62.34
41.63
23.66
9.84
0.35
-5.25
-7.53
-7.12
-4.9
-2.34
-0.98
-1.92
-5.13
-9.27
-12.38
-12.73
-9.67
-3.99
2.12
5.94
5.25
-0.68
-10.47
-20.93
-27.87
-27.55
-18.3
-1.59
17.91
33.58
39.03
30.63
9.01
-20.83
-51.29
-74.89
-86.85
-86.29
-75.81
-59.76
-42.29
-26.09
-12.21
-0.82
7.86
13.31
14.99
13.01
8.5
3.45
-0.16
-1.12
0.47
3.35
5.92
7
6.35
4.59
2.78
1.82
2.04
3.14
4.42
5.2
5.05
3.98
2.43
0.96
0.1
0.08
0.86
2.08
3.33
4.18
4.43
4.1
3.37
2.53
1.8
1.28
0.97
0.9
1.14
1.78
2.87
4.28
5.63
6.43
6.25
5.06
3.3
1.77
1.29
2.38
4.91
8.17
11.14
12.88
12.98
11.73
10.03
9.04
9.64
11.97
15.31
18.35
19.75
18.79
15.65
11.46
7.89
6.65
8.99
15.34
24.98
35.76
44.18
46.14
38.18
19.2
-8.5
-39.56
-67.14
-85.48
-91.87
-87.23
-74.95
-59.12
-42.74
-27.19
-12.8
0.34
11.55
19.78
24.16
24.35
20.69
14.05
5.54
-3.48
-11.64
-17.92
-22.14
-24.95
-27.46
-30.34
-33.15
-34.39
-32.32
-26.2
-16.97
-6.93
1.43
6.68
9.11
10.22
11.62
13.96
16.81
18.98
19.46
17.95
14.99
11.65
9.03
7.69
7.58
8.14
8.69
8.73
8.13
7.07
5.93
5
4.45
4.26
4.29
4.34
4.27
4.01
3.56
3.04
2.56
2.18
1.97
1.89
1.88
1.89
1.83
1.68
1.38
0.95
0.44
-0.07
-0.45
-0.61
-0.48
-0.1
0.45
1.01
1.46
1.65
1.57
1.24
0.75
0.23
-0.24
-0.54
-0.66
-0.58
-0.36
-0.08
0.2
0.47
0.73
0.94
1.06
0.99
0.71
0.28
-0.13
-0.35
-0.28
0
0.33
0.58
0.67
0.58
0.36
-0.01
-0.53
-1.15
-1.69
-1.93
-1.67
-0.92
0.09
0.99
1.45
1.32
0.72
-0.09
-0.8
-1.18
-1.17
-0.81
-0.24
0.36
0.83
1.04
0.92
0.51
-0.06
-0.63
-1
-1.07
-0.89
-0.56
-0.27
-0.12
-0.11
-0.16
-0.21
-0.26
-0.35
-0.5
-0.65
-0.66
-0.42
0.08
0.7
1.2
1.43
1.37
1.16
1
1.01
1.19
1.41
1.55
1.54
1.41
1.21
0.95
0.66
0.35
0.06
-0.12
-0.18
-0.14
-0.1
-0.14
-0.32
-0.59
-0.88
-1.09
-1.14
-1
-0.73
-0.39
-0.11
0.03
-0.03
-0.24
-0.5
-0.71
-0.82
-0.89
-0.97
-1.08
-1.15
-1.08
-0.86
-0.58
-0.38
-0.4
-0.64
-0.91
-1.01
-0.8
-0.34
0.18
0.52
0.6
0.5
0.38
0.31
0.28
0.18
-0.07
-0.4
-0.66
-0.66
-0.31
0.27
0.88
1.36
1.62
1.76
1.86
1.93
1.87
1.56
0.96
0.21
-0.44
-0.82
-0.82
-0.53
-0.13
0.24
0.49
0.64
0.72
0.73
0.65
0.52
0.36
0.25
0.22
0.25
0.27
0.2
-0.03
-0.36
-0.7
-0.92
-0.96
-0.85
-0.68
-0.57
-0.58
-0.71
-0.9
-1.07
-1.12
-0.99
-0.69
-0.29
0.1
0.38
0.52
0.54
0.49
0.43
0.42
0.43
0.46
0.47
0.53
0.67
0.96
1.36
1.74
1.98
1.92
1.56
0.98
0.39
-0.02
-0.11
0.15
0.59
1.01
1.2
1.07
0.63
-0.01
-0.71
-1.33
-1.76
-1.92
-1.78
-1.35
-0.72
-0.04
0.58
1.08
1.48
1.84
2.19
2.48
2.53
2.19
1.42
0.34
-0.76
-1.6
-2.01
-2.06
-1.95
-1.87
-1.91
-1.97
-1.87
-1.53
-0.99
-0.44
-0.1
-0.09
-0.35
-0.74
-1.06
-1.21
-1.18
-1.01
-0.76
-0.47
-0.15
0.16
0.41
0.5
0.38
0.05
-0.38
-0.75
-0.92
-0.8
-0.44
-0.01
0.29
0.31
0.06
-0.31
-0.55
-0.53
-0.24
0.17
0.48
0.56
0.44
0.24
0.12
0.15
0.28
0.45
0.55
0.6
0.62
0.61
0.55
0.42
0.28
0.17
0.15
0.16
0.06
-0.29
-0.89
-1.6
-2.16
-2.35
-2.15
-1.7
-1.18
-0.68
-0.15
0.52
1.36
2.21
2.82
3
2.73
2.18
1.63
1.29
1.2
1.27
1.32
1.25
1
0.66
0.32
0.04
-0.12
-0.16
-0.12
-0.09
-0.15
-0.34
-0.6
-0.83
-0.93
-0.83
-0.54
-0.17
0.17
0.36
0.41
0.39
0.37
0.42
0.5
0.5
0.31
-0.11
-0.69
-1.31
-1.79
-1.99
-1.86
-1.46
-0.93
-0.41
-0.02
0.18
0.2
0.04
-0.25
-0.63
-1.03
-1.37
-1.53
-1.46
-1.15
-0.66
-0.1
0.4
0.75
0.91
0.92
0.88
0.9
1.06
1.35
1.69
1.93
1.92
1.59
1.04
0.4
-0.13
-0.44
-0.52
-0.47
-0.42
-0.45
-0.6
-0.77
-0.88
-0.83
-0.61
-0.26
0.1
0.38
0.52
0.51
0.4
0.23
0.04
-0.19
-0.45
-0.73
-0.96
-1.09
-1.06
-0.87
-0.59
-0.31
-0.16
-0.19
-0.34
-0.48
-0.37
0.1
0.88
1.74
2.32
2.35
1.78
0.89
0.14
-0.13
0.19
0.88
1.54
1.81
1.56
0.87
-0.04
-0.89
-1.5
-1.77
-1.67
-1.25
-0.63
0.02
0.57
0.94
1.13
1.21
1.21
1.16
1.02
0.79
0.47
0.13
-0.17
-0.4
-0.56
-0.64
-0.6
-0.37
0.08
0.67
1.25
1.61
1.6
1.24
0.67
0.12
-0.22
-0.3
-0.2
-0.09
-0.13
-0.37
-0.77
-1.19
-1.53
-1.78
-1.92
-2
-1.97
-1.73
-1.24
-0.54
0.18
0.67
0.78
0.53
0.1
-0.26
-0.36
-0.19
0.15
0.47
0.61
0.53
0.29
0
-0.2
-0.25
-0.16
0.02
0.16
0.21
0.18
0.12
0.08
0.06
-0.06
-0.31
-0.7
-1.08
-1.25
-1.14
-0.79
-0.39
-0.19
-0.32
-0.74
-1.25
-1.64
-1.78
-1.7
-1.47
-1.24
-1.05
-0.96
-0.96
-0.98
-0.99
-0.9
-0.65
-0.23
0.32
0.89
1.36
1.65
1.76
1.72
1.6
1.45
1.28
1.1
0.93
0.79
0.68
0.58
0.51
0.47
0.48
0.53
0.59
0.58
0.44
0.13
-0.29
-0.69
-0.86
-0.75
-0.37
0.12
0.55
0.8
0.85
0.79
0.71
0.7
0.73
0.73
0.66
0.5
0.37
0.38
0.68
1.23
1.87
2.36
2.47
2.14
1.46
0.65
-0.04
-0.44
-0.57
-0.53
-0.5
-0.54
-0.65
-0.77
-0.81
-0.84
-0.89
-1.04
-1.28
-1.49
-1.53
-1.34
-0.94
-0.45
0
0.34
0.55
0.64
0.66
0.58
0.37
0.01
-0.4
-0.7
-0.75
-0.53
-0.18
0.01
-0.18
-0.78
-1.62
-2.35
-2.65
-2.36
-1.62
-0.7
0.07
0.49
0.58
0.49
0.38
0.37
0.46
0.63
0.87
1.19
1.56
1.94
2.2
2.27
2.08
1.69
1.13
0.49
-0.2
-0.85
-1.38
-1.67
-1.68
-1.43
-1.07
-0.78
-0.7
-0.83
-1.05
-1.19
-1.12
-0.83
-0.41
0.03
0.42
0.74
0.96
1.06
0.95
0.58
-0.09
-0.9
-1.66
-2.12
-2.11
-1.63
-0.85
-0.02
0.64
1.03
1.14
1.1
0.99
0.89
0.81
0.72
0.6
0.44
0.27
0.18
0.22
0.42
0.73
1.03
1.2
1.14
0.89
0.59
0.38
0.32
0.37
0.41
0.31
0.06
-0.25
-0.54
-0.74
-0.84
-0.91
-1
-1.09
-1.1
-0.99
-0.73
-0.44
-0.25
-0.31
-0.61
-1.05
-1.4
-1.44
-1.04
-0.25
0.76
1.71
2.36
2.53
2.23
1.57
0.75
0
-0.5
-0.69
-0.58
-0.33
-0.09
0.03
0.01
-0.09
-0.17
-0.16
-0.03
0.15
0.3
0.31
0.15
-0.18
-0.6
-1.01
-1.25
-1.25
-0.94
-0.38
0.33
0.99
1.44
1.57
1.38
0.96
0.47
-0
-0.4
-0.73
-0.97
-1.04
-0.86
-0.38
0.29
0.94
1.34
1.38
1.09
0.65
0.24
-0.04
-0.16
-0.15
-0.03
0.19
0.51
0.86
1.14
1.29
1.31
1.27
1.24
1.18
0.96
0.42
-0.42
-1.37
-2.13
-2.41
-2.13
-1.45
-0.7
-0.22
-0.21
-0.63
-1.24
-1.73
-1.88
-1.57
-0.93
-0.18
0.45
0.87
1.16
1.5
2.01
2.62
3.13
3.25
2.86
2.09
1.27
0.79
0.89
1.59
2.7
3.93
4.96
5.48
5.29
4.34
2.92
1.61
1.25
2.56
5.75
10.13
14.35
16.87
16.81
14.46
11.22
9.17
10.1
14.6
21.7
29.19
34.66
36.66
35.33
32.07
29.19
28.97
33.07
42.06
55.35
71
85.91
96.32
99.1
93.97
84.89
79.68
87.08
112.85
156.6
211.11
264.8
304.43
319.45
305.45
265.12
206.11
137.31
65.97
-2.86
-65.41
-118.37
-158.82
-185.13
-197.78
-199.64
-195.35
-189.64
-185.96
-185.52
-187.67
-190.38
-191.64
-190.56
-187.79
-185.3
-185.41
-189.76
-198.46
-210.44
-223.88
-237.04
-249.07
-260.41
-272.65
-287.74
-307.2
-331.18
-358.71
-388.01
-416.91
-443.73
-467.55
-487.92
-504.15
-516.29
-520.85
-512.32
-484.61
-432.73
-354.55
-251.76
-129.8
3.5
139.57
270.28
389.28
492.53
578.07
645.41
695.07
727.87
744.14
742.82
721.96
679.58
615.72
534.32
443.59
354.12
275.61
213.58
168
134.85
108.39
83.83
59.98
39.13
25.42
22.45
32.04
50.41
70.69
84.97
86.84
73.84
47.49
12.09
-27.44
-67.26
-104.98
-138.4
-165.18
-182.84
-189.57
-185.62
-173.66
-157.89
-142.58
-130.52
-121.5
-113.24
-102.71
-87.53
-67.12
-42.6
-15.87
11.09
35.89
58.58
80.26
102.26
125.77
151.04
176.35
197.64
208.76
203.52
178.71
136.06
82.71
29.01
-15.4
-45.05
-59.91
-64.12
-62.97
-60.07
-56.79
-52.98
-48.45
-44
-41.19
-41.18
-43.81
-47.59
-50.36
-50.49
-47.8
-43.5
-39.38
-37.22
-37.7
-40.07
-42.61
-43.59
-42.16
-38.77
-34.87
-32.17
-31.62
-33.12
-35.43
-36.97
-36.42
-33.57
-29.04
-24.11
-20.18
-18.31
-19.36
-23
-27.1
-27.62
-19.6
1.17
35.65
80.21
127.81
169.28
197.44
209.33
206.41
192.84
173.09
150.03
123.62
95.07
65.06
35.14
7.55
-15.5
-32.68
-43.69
-49.35
-51.13
-50.22
-48.15
-45.72
-43.29
-40.72
-37.93
-35.08
-32.62
-30.88
-29.27
-27.46
-25.67
-25.63
-30.41
-43.52
-66.15
-95.5
-124.61
-144.42
-147.26
-129.85
-94.42
-47.25
3.65
51.36
91.31
120.96
138.9
144.06
135.95
115.33
84.81
48.39
10.18
-26.29
-59.01
-87.32
-111.31
-131.11
-147.72
-159.38
-164.12
-160.28
-147.07
-124.71
-94.26
-57.46
-16.28
26.83
69.69
109.3
142.3
165.37
176.01
173.31
158.22
133.38
102.29
68.72
36.08
6.13
-20.56
-44.22
-65.7
-86.14
-106.48
-126.35
-143.1
-152.38
-149.45
-131.38
-99.31
-58.99
-18.97
12.91
32.26
39.38
37.92
32.22
25.52
18.76
11.49
3.07
-5.94
-14.17
-20.29
-24.04
-26.41
-29.43
-34.73
-43.07
-54.15
-66.74
-79.37
-90.91
-101.04
-110.38
-119.95
-130.9
-143.93
-158.91
-174.7
-189.41
-200.72
-206.2
-204.43
-194.21
-175.26
-148.22
-114.44
-75.59
-33.33
10.77
55.19
98.2
137.65
170.89
195.04
207.98
208.86
198.66
179.95
156.39
131.95
110.49
95.2
88.15
89.33
95.81
102
100.81
86.5
57.46
17.53
-25.18
-61.44
-84.41
-91.78
-85.39
-69.61
-48.65
-24.95
0.63
27.5
54.18
78.15
96.72
108.3
113.01
112.54
109.51
106.1
103.42
101.24
98.42
93.63
86.08
76.03
64.9
54.72
47.2
43.15
42.25
43.12
43.88
42.88
39.41
34.04
28.36
24.77
24.47
27.82
34.21
42.28
50.52
57.79
63.24
66.04
65.52
61.95
56.58
52.25
52.24
58.34
69.25
80.44
85.14
78.6
59.39
30.16
-3.86
-37.26
-66.4
-90.08
-108.44
-121.75
-129.75
-132.38
-130.36
-125.62
-120.9
-118.54
-119.76
-123.91
-129.06
-132.83
-134.05
-133.15
-132.05
-133.39
-139.12
-149.75
-163.94
-178.74
-190.11
-194.37
-188.13
-170.22
-142.66
-110.54
-80.49
-57.84
-44.13
-35.88
-26.82
-10.53
15.61
49.47
85.02
115.68
137.38
149.73
154.71
154.56
150.77
144.09
135.47
126.47
118.6
112.23
106.21
98.14
86.29
70.93
54.34
39.72
29.61
24.89
24.85
28.15
33.67
40.84
49.19
57.64
64.33
67.56
66.77
63.09
58.75
56.46
57.99
63.55
71.76
79.85
85.13
86.06
82.68
76.56
69.12
61.5
53.78
45.04
33.92
19.31
0.79
-21.4
-46.22
-71.53
-93.63
-107.85
-109.87
-97.08
-72.01
-41.11
-12.62
6.59
13.59
10.05
0.55
-10.07
-18.87
-25.32
-30.22
-34.28
-37.24
-38.43
-36.94
-32.93
-27.69
-22.94
-20.33
-20.35
-22.38
-25.05
-27.01
-27.42
-26.4
-24.76
-23.61
-23.95
-26.12
-29.86
-34.5
-39.3
-43.76
-47.75
-51.46
-55.2
-59.37
-64.35
-70.42
-77.75
-86.38
-96.17
-106.8
-117.77
-128.61
-139.15
-149.58
-160.35
-171.72
-183.39
-194.1
-201.76
-204.14
-198.82
-184.58
-161.88
-132.77
-100.06
-66.75
-34.91
-5.6
21.22
46.34
70.95
96.63
124.82
155.78
187.38
214.9
231.3
231.55
215.03
186.56
154.96
129.48
115.92
114.49
120.81
128.7
133.59
133.98
131.02
126.89
122.99
119.51
115.64
111.08
105.55
99.52
93.61
87.68
80.87
72.06
61.33
49.45
38.4
30.19
25.7
23.84
21.99
17.39
8.53
-4.24
-19.17
-33.94
-46.77
-56.8
-63.93
-68.59
-71.33
-72.65
-72.58
-70.45
-64.88
-54.71
-40.36
-24.6
-11.95
-6.94
-11.74
-24.77
-41.44
-56.22
-65.27
-67.72
-65.26
-60.37
-54.74
-48.62
-41.3
-32.46
-22.87
-14.27
-8.44
-6.28
-7.36
-10.28
-13.25
-14.78
-14.2
-11.91
-9.17
-7.58
-8.37
-12
-17.72
-23.83
-28.36
-30.18
-29.77
-29.19
-31.08
-37.35
-48.27
-62.62
-78.29
-93.23
-105.3
-112.66
-113.75
-107.28
-93.01
-72.01
-47.45
-23.39
-2.8
14.2
29.88
47.1
67.41
89.66
110.58
126.73
136.32
139.96
140.27
139.73
139.69
140.53
141.8
142.53
142.08
139.96
135.58
128.53
120.53
111.92
104.68
101.98
106.15
116.75
129.8
136.68
130.96
109.45
73.3
27.76
-20.26
-65.04
-103.3
-133.85
-156.76
-172.03
-180.25
-182.97
-182.46
-181.21
-181.5
-184.72
-190.6
-197.98
-204.9
-210.07
-212.98
-214.44
-213.57
-208.83
-198.12
-179.09
-149.71
-108.6
-55.82
6.64
73.15
135.75
185.12
213.38
217.01
198.49
165.8
129.24
97.55
75.26
62.41
55.97
52.52
50.08
48.25
47.16
46.29
44.07
39.03
30.97
21.15
11.89
5.36
2.5
2.42
2.87
1.46
-3.2
-10.7
-19.21
-26.42
-30.45
-30.88
-28.51
-25.41
-23.66
-24.89
-29.81
-37.87
-46.85
-52.71
-50.61
-36.64
-9.94
26.26
65.41
100.16
125.3
139.49
145.4
147.41
149.73
153.15
156.27
156.94
153.71
146.42
135.77
122.47
106.51
86.38
62.63
35.89
7.79
-19.24
-42.62
-60.4
-71.8
-77.42
-78.87
-77.88
-76.08
-74.26
-72.47
-70.26
-67.2
-63.15
-58.45
-53.79
-49.52
-46.06
-43.41
-41.23
-39.08
-36.63
-33.81
-30.78
-27.8
-25.05
-22.67
-20.64
-18.79
-17
-15.21
-13.46
-11.87
-10.5
-9.3
-8.19
-7.06
-5.85
-4.6
-3.54
-2.89
-2.86
-3.43
-4.32
-5.18
-5.69
-5.71
-5.42
-5.33
-6.02
-7.91
-10.93
-14.57
-18.02
-20.54
-21.81
-22.23
-22.76
-24.48
-28.2
-33.89
-40.69
-47.3
-52.61
-56.29
-59.23
-63.26
-70.06
-80.8
-95.31
-112.08
-128.71
-142.56
-150.51
-149.45
-136.88
-111.98
-76.93
-37.1
-0.04
27.26
41.11
43.19
39.5
37.38
41.85
53.65
69.74
85.57
97.39
103.88
105.78
104.51
101.21
96.42
90.33
83.72
77.65
73.08
71.12
72.2
75.37
78.67
79.84
77.81
74.27
73.52
80.44
98.27
126.05
157.83
184.64
197.82
191.48
166.63
128.81
85.28
